For an array with 1000 items set in ascending order, it took 0.001500261 seconds to sort the array using the merge sort algorithm.

Below is the array after having been sorted by the algorithm: 
49119
148926
175518
193149
259214
287348
289720
475404
600053
607575
632124
648724
861552
879185
959077
971940
1245364
1298380
1334623
1618483
1758478
1758911
1769578
2159997
2300863
2406304
2412658
2472411
2473482
2505575
2506848
2524900
2695127
2791250
2805160
2882235
2941455
2999348
3036834
3072122
3172934
3174027
3247831
3363516
3399643
3586254
3682532
3781552
3804539
3972548
4021679
4103305
4165137
4354238
4510976
4533521
4543180
4563846
4686455
4707732
4732668
4739063
4754679
4910164
4992934
5022106
5059095
5108140
5120828
5189366
5230202
5263564
5497270
5586671
5685852
5854663
5923802
5939146
6028350
6029045
6183992
6330794
6357344
6406334
6415583
6433649
6786778
6818186
6914354
7071689
7125093
7145867
7248043
7275211
7275890
7349328
7772712
7897998
8116751
8147810
8236492
8261991
8409597
8544098
8651223
8902227
8934774
8944789
8973985
9055814
9295921
9370691
9432572
9435633
9707063
9744001
10052614
10092049
10173213
10208344
10296039
10300393
10396174
10510164
10563950
10601362
10617437
10749808
10948209
10950433
10993544
11025582
11027475
11089854
11128172
11241606
11364262
11420866
11460207
11621667
11635334
11731247
12010110
12114799
12135408
12309597
12513402
12854330
12858777
12925296
13090723
13094002
13095476
13122968
13180605
13190618
13234503
13304255
13349351
13368963
13525851
13585315
13651993
13673221
13732099
13772663
13775865
13799397
13838913
13966830
13998799
14052655
14129539
14139156
14211911
14225305
14285149
14414206
14484373
14537401
14560995
14592594
14702034
14723617
14737560
14767017
14916546
15081108
15091799
15153577
15243850
15291896
15550123
15777078
15825120
15862417
16173689
16202823
16257349
16382590
16451939
16610337
16719776
16744950
16748445
16796690
16956738
16962145
16999992
17000592
17091603
17130551
17219097
17232701
17249415
17266057
17317545
17376293
17402079
17535436
17554997
17563781
17598758
17633119
17647295
17784612
17867560
17903932
18212202
18304437
18478015
18600939
18805484
18806600
18835380
18843886
18923926
18932073
18941513
19022021
19053873
19079157
19189455
19400286
19400305
19411381
19433263
19548388
19962141
19971378
20018566
20034520
20112812
20273070
20276461
20292347
20384336
20411388
20429065
20470443
20617575
20673609
20707442
20813301
21072934
21167601
21188641
21199182
21199532
21282507
21388464
21531827
21592519
21756945
21787060
21795554
21839686
21844403
21871614
22041338
22117557
22166764
22480538
22623682
22683071
22758245
22811236
22963390
22978027
23008664
23120439
23234591
23373779
23513062
23525871
23547593
23569320
23609301
23946305
24017713
24030865
24053961
24060509
24180376
24220921
24242956
24270598
24363977
24592976
24612385
24620827
24624389
24658009
24717511
24727636
24748202
24773230
24961211
24964413
25001484
25013537
25126139
25377177
25623973
25773884
25856067
25860846
25936179
25939956
26221503
26297874
26402215
26413283
26464600
26483438
26550017
26555598
26697880
26731902
26814723
26842509
26850345
26948592
26990906
27020299
27069840
27096032
27167625
27260288
27474854
27533079
27541137
27801369
27828947
27852672
27861030
27930525
27969567
27970052
28127546
28250822
28305386
28418362
28644872
28665438
28780181
28781613
28836247
28843818
28900493
28930333
29004970
29040876
29102685
29255457
29257016
29258215
29333350
29390005
29475575
29486596
29635839
29679001
29744543
29824844
29865049
29891724
29895828
29912519
30065673
30104450
30145808
30147351
30180349
30193512
30221490
30355938
30431187
30464082
30532165
30551680
30664569
30837333
30880253
30886075
30963695
31018556
31020008
31043948
31149563
31522605
31561952
31600135
31622205
31812837
31872243
32092734
32171762
32254517
32257854
32301385
32329501
32509784
32557392
32571113
32645914
32924759
32981709
33055996
33060336
33093438
33112980
33156313
33175768
33229953
33261895
33440646
33481779
33487225
33498396
33522953
33629698
33634257
33703869
33921728
33934679
34061564
34118919
34146645
34216081
34235478
34246565
34319333
34440308
34465883
34482433
34570026
34744191
34829319
34941884
35032051
35074115
35257080
35577346
35930994
36180879
36208486
36214321
36230596
36235226
36277456
36318379
36419592
36460747
36511385
36595149
36718143
36745992
36787141
36834585
36881265
36881484
36883291
36935793
37031391
37301651
37342748
37356964
37366881
37370678
37395001
37446521
37501913
37502709
37533997
37631885
37684453
37823216
37855982
37906856
37967949
38073108
38079361
38151340
38210027
38264978
38310678
38373342
38401175
38409653
38418367
38428707
38477073
38488052
38540035
38554337
38581955
38643967
38775294
38821076
38834683
38894899
38985937
39018085
39162189
39325348
39328111
39342896
39426192
39499818
39520485
39562527
39571484
39587542
39598891
39629048
39711691
39773601
40123612
40215109
40217460
40360259
40419968
40579444
40645878
40706235
40975468
41004360
41038046
41122879
41316942
41435885
41472755
41483317
41521776
41674955
41910135
41928904
42106222
42163203
42347863
42415658
42419366
42441160
42477450
42502805
42525081
42716408
42855212
42870130
42984247
43179649
43384758
43592085
43774404
43800525
43815600
43818227
43905087
43990481
44080999
44183896
44198687
44266151
44324115
44443140
44513173
44648536
44731624
44742938
44761848
44920433
45021651
45041349
45052372
45085724
45124418
45254183
45295091
45300287
45358257
45557026
45588881
45601638
45637468
45713996
45722591
45814044
46040028
46114278
46180526
46196972
46339738
46443578
46659315
46759188
46911821
46984403
47144872
47186654
47219419
47336780
47368717
47379970
47381701
47440189
47475260
47547518
47651671
47673323
47807267
47900449
47956291
48023349
48027811
48274146
48306153
48342082
48364405
48494851
48550404
48662661
48676082
48852589
48944070
48994405
49059500
49121963
49158925
49187813
49188888
49322749
49375112
49376386
49487252
49571517
49595599
49602255
49661303
49699695
49780195
49781472
49811855
49985227
49999270
50003475
50051198
50102476
50139262
50145710
50248987
50250257
50330605
50391019
50481141
50496331
50646596
50658000
50728161
50742403
50912753
51126440
51175407
51283437
51412849
51585288
51588619
51676112
51829147
51861296
51949976
51996343
52014318
52038831
52041202
52093304
52140659
52358778
52393156
52411347
52459844
52621454
52879085
52897152
52914700
52985023
52999302
53085213
53095562
53143583
53145080
53154771
53224680
53247757
53324227
53370648
53409412
53448408
53460114
53521849
53633285
53763309
53809127
53812340
53827824
53839464
53893641
53963071
54121759
54135504
54194969
54314155
54367286
54470838
54573057
54682326
54694669
54718249
54862038
54880370
55000760
55253308
55258819
55468479
55636305
55749755
55938146
56077136
56194973
56242946
56428135
56428947
56477036
56501464
56512781
56574902
56668954
56820922
56855594
56888951
56940831
56945608
56991485
57160603
57251909
57256784
57657755
57734712
57764476
57772421
57885935
57890155
58095766
58126434
58181288
58253525
58267113
58327275
58448049
58486860
58555228
58562364
58603615
58784331
58877202
58899976
58919632
59029133
59041322
59091099
59161158
59183048
59599559
59650473
59670709
59763473
59764084
59846218
59996945
60122426
60192415
60238099
60336105
60403938
60695774
60732564
60788636
60840615
60859843
60876068
60939117
60954499
60989414
61015431
61189003
61225902
61349131
61401348
61416655
61416673
61687513
62013647
62120959
62127502
62278051
62288903
62345033
62455733
62498109
62593053
62627882
62698747
62733591
62835705
62865058
62940185
62950595
62970691
63071411
63081990
63162742
63200510
63218584
63236203
63249209
63265926
63312426
63669903
63675686
63748025
63786154
63809002
63845047
63944356
63957176
64036578
64112516
64122978
64204811
64222959
64229703
64275433
64428513
64566271
64747241
64818135
64952337
65093394
65158811
65239858
65241337
65342920
65612049
65645783
65740821
65843358
65931370
65934109
66022475
66031529
66179501
66191797
66242214
66367543
66491000
66571724
66594764
66662920
67018606
67117747
67173864
67306318
67366936
67394070
67491867
67519359
67553110
67558197
67613681
67681514
67685973
67702315
67730872
67839709
67898519
68381967
68396841
68570968
68643315
68839708
69165176
69301580
69357860
69439674
69545654
69553035
69577407
69598687
69644445
69707650
69714015
69807479
69808730
69876128
69905753
69958729
69975265
70126785
70260721
70262370
70272036
70305276
70346966
70395187
70476145
70477837
70497535
70735147
70745379
70796538
70942166
70958975
70964193
71072744
71144350
71554172
71612596
71627766
71714583
71759057
71903491
72013034
72076087
72111976
72170175
72181951
72440982
72576752
72697113
72817582
72820650
72843047
72855154
72940081
72952731
72964476
72983515
73008346
73053273
73102035
73116674
73181279
73312890
73320433
73363657
73511377
73550492
73583989
73606045
73699636
73753599
73825475
73898252
73959271
74159721
74310470
74353564
74376511
74525801
74603450
74606169
74719281
74750461
74759469
74809605
74893659
74912368
74940998
74972109
74990783
