For an array with 10000 items set in descending order, it took 0.06673717 seconds to sort the array using the merge sort algorithm.

Below is the array after having been sorted by the algorithm: 
1791
3553
19137
21283
51308
54617
61680
67028
69784
70275
74950
82340
85497
86015
95239
97278
136629
142842
149320
150210
165983
167672
168227
191039
203385
207223
212827
213455
218916
235656
242190
252580
254328
255768
266353
268225
272676
277034
277987
280858
300520
302203
325017
339764
341075
347304
347435
355029
370444
371555
384907
388491
389702
391300
396681
400696
402199
406925
411540
423383
426200
426793
431761
434460
440666
441218
442301
445408
448363
449550
453728
454334
468529
473089
479040
482321
500343
511394
531287
562104
564569
580768
591489
593145
599130
609400
611614
613202
618675
623435
626108
631461
645804
645976
650905
653496
658230
670841
681087
686901
688461
697310
711391
711778
723467
734272
741223
752550
763159
766376
773047
796308
796819
798426
808001
817642
817675
821078
845589
848053
860886
867012
867983
876442
885653
903116
904522
904774
907034
922426
926650
935023
942471
960648
969003
973792
979436
986067
990430
1004941
1006849
1010703
1011771
1018907
1019640
1030366
1039162
1042923
1043705
1057534
1067026
1067309
1069309
1070131
1078508
1081449
1081532
1092361
1093141
1095026
1098101
1119205
1121997
1122276
1143273
1148851
1150944
1167486
1176102
1176969
1178256
1201155
1214609
1221440
1224556
1229440
1239240
1246634
1268390
1295218
1296635
1305883
1307981
1308650
1321751
1348266
1355484
1367337
1395260
1403487
1426319
1444775
1446054
1451334
1452838
1456576
1460204
1460669
1483227
1483842
1495563
1502951
1510957
1512118
1523237
1543125
1544311
1569178
1577766
1585576
1589127
1597539
1616229
1628959
1634512
1635560
1636715
1645291
1659901
1666719
1672405
1674005
1675312
1675715
1677136
1681190
1690673
1700076
1701087
1709485
1711942
1722071
1728836
1730468
1734020
1738135
1746821
1754375
1781705
1784181
1785588
1787150
1787968
1801901
1805972
1807881
1815113
1818147
1853365
1855338
1868061
1869262
1881903
1904302
1906333
1925223
1926931
1936158
1940203
1950068
1965518
1972853
1980415
1989722
1991713
1993094
1998629
2038336
2039537
2040493
2044120
2045051
2045884
2049817
2058496
2071770
2078188
2080396
2111768
2116861
2120242
2129370
2132686
2158892
2159304
2166031
2190160
2204010
2204729
2208465
2210061
2211156
2215695
2221377
2229095
2233822
2236845
2242641
2242642
2250724
2266970
2270966
2273159
2284406
2284843
2286557
2288061
2313942
2324204
2327582
2330668
2337641
2344868
2345628
2352413
2369449
2374331
2377076
2377537
2391976
2395527
2396199
2401861
2411608
2433808
2440076
2447641
2463511
2467976
2471187
2473714
2475805
2484896
2501718
2502228
2510582
2515010
2518795
2519996
2524882
2525605
2529210
2530800
2537501
2541088
2555185
2571119
2580851
2590694
2592904
2594593
2595825
2597227
2600116
2606228
2610772
2642839
2657820
2675196
2676065
2676274
2683245
2685035
2687323
2692254
2703592
2711993
2715559
2719780
2726804
2727113
2735115
2736543
2741372
2765924
2770603
2794781
2811143
2812997
2831289
2857079
2864804
2870637
2877923
2884793
2918218
2920747
2923483
2925845
2950479
2984010
2994206
2995244
3007571
3012251
3034505
3035631
3040997
3055056
3070446
3070533
3071934
3073440
3075753
3082852
3106707
3124070
3127708
3145073
3150688
3158442
3168690
3169424
3170968
3174851
3185814
3187352
3216019
3216551
3221842
3222782
3226855
3227849
3232826
3267981
3272795
3294268
3294346
3295977
3301512
3301595
3302675
3303086
3307490
3309715
3321979
3323139
3331610
3335103
3340615
3342459
3345152
3346832
3363545
3368563
3377018
3379943
3397304
3405489
3417625
3418902
3432405
3435670
3439838
3441100
3455854
3455898
3481044
3491967
3495830
3516893
3526867
3538508
3547620
3552984
3562480
3574092
3580212
3581609
3599944
3602267
3609810
3611901
3622095
3623773
3627569
3641996
3654657
3658666
3664671
3666516
3668835
3685732
3689078
3692248
3696554
3699514
3706017
3717889
3729555
3734402
3745931
3750411
3757461
3757657
3782172
3799659
3827281
3830392
3834285
3859103
3860188
3865897
3879112
3890172
3893245
3903930
3912907
3917155
3917738
3926662
3930029
3933760
3974662
3989280
3995506
4006237
4013066
4048538
4051347
4056132
4066670
4067856
4070325
4071460
4077386
4079789
4093642
4094768
4115901
4123209
4131423
4131431
4141033
4145883
4147131
4157255
4157610
4163374
4172808
4174783
4196725
4203914
4219397
4220332
4220446
4228183
4233696
4238715
4248831
4250198
4263270
4268411
4284371
4287404
4318345
4322017
4324615
4325609
4334818
4351395
4355028
4361727
4372574
4372918
4379362
4390205
4402712
4413089
4422768
4425369
4428467
4434731
4440076
4446977
4454553
4473371
4519569
4523788
4525025
4538877
4547920
4554876
4559152
4567788
4571933
4575654
4578791
4579673
4581345
4585150
4598025
4637893
4639342
4640507
4674796
4681515
4693489
4699524
4735434
4738640
4743066
4757106
4759208
4765429
4774066
4776694
4779355
4799101
4803723
4822668
4822885
4824592
4824607
4837512
4853001
4865416
4868620
4869886
4870197
4881122
4887307
4888680
4894556
4903654
4918675
4920966
4932377
4936590
4939649
4942990
4965296
4965973
4971932
4979479
4989369
4990972
4991668
4999729
5013260
5024949
5032730
5041515
5051959
5054644
5071962
5072273
5074217
5084664
5087988
5091920
5120001
5127851
5132017
5155653
5163280
5171785
5173916
5186327
5187451
5193299
5196168
5198379
5226003
5228700
5249602
5278456
5278653
5280596
5287399
5288417
5300765
5301119
5310860
5316953
5317150
5317306
5321444
5330638
5346062
5348478
5353714
5357343
5357918
5373730
5375691
5391169
5394024
5436175
5443442
5451490
5457887
5460365
5467394
5472055
5473539
5482818
5491163
5517517
5518744
5520965
5524651
5557740
5574119
5580862
5583266
5584713
5592399
5606576
5617761
5619551
5623576
5632264
5674657
5676779
5689413
5709653
5727980
5738817
5741707
5743662
5765026
5784496
5788515
5809386
5830344
5834517
5839763
5847065
5852549
5855842
5876161
5888625
5888935
5901164
5901380
5945700
5957850
5982409
5983965
5986875
5992338
6001109
6002308
6007905
6014462
6014862
6021859
6023370
6034424
6040111
6040147
6049176
6056437
6067269
6085275
6091593
6091748
6096170
6105627
6115562
6126340
6141495
6156546
6167686
6174910
6178661
6179625
6179804
6181872
6185591
6187266
6189323
6194764
6213444
6214250
6229725
6236356
6242100
6248764
6252342
6260744
6262633
6262867
6266491
6272400
6278343
6284134
6304494
6313564
6325256
6342120
6355380
6357494
6366402
6371585
6380986
6385189
6404309
6406613
6419042
6426716
6438827
6449709
6455102
6467069
6477291
6477572
6489766
6490393
6493866
6518655
6532156
6538047
6543910
6548754
6549260
6550583
6556805
6575188
6576365
6588598
6606124
6610841
6614147
6617019
6623374
6628433
6647942
6648614
6659689
6663054
6668663
6670922
6671719
6677948
6678073
6688031
6695823
6709586
6723820
6752133
6757226
6771961
6778186
6786305
6788725
6791327
6799036
6800322
6807653
6827746
6830159
6832248
6833650
6843637
6844907
6848918
6850632
6851528
6881960
6895450
6920849
6924376
6924779
6955434
6962607
6964589
6974849
6977064
6984561
6988525
6995064
6995260
7001553
7018133
7024251
7028476
7032034
7034921
7040945
7045528
7049742
7052007
7052638
7055066
7056921
7064036
7064468
7064713
7071062
7084739
7091060
7093322
7097120
7101131
7103323
7110347
7145144
7152013
7156774
7160515
7196208
7204722
7226965
7233284
7240499
7246661
7261768
7265269
7269811
7283796
7289040
7313052
7321350
7322630
7332230
7339742
7358747
7365335
7375876
7384046
7404394
7407012
7408038
7410879
7415760
7427691
7428860
7431488
7438188
7438613
7439033
7441827
7447970
7455211
7455934
7457014
7463726
7475685
7478833
7498495
7508674
7535750
7537940
7541165
7543719
7544764
7546485
7567044
7571320
7577707
7579188
7580181
7583213
7585843
7591542
7596130
7603321
7603986
7606165
7616744
7619040
7620636
7622017
7632062
7641955
7644811
7650209
7663222
7666945
7667612
7667664
7668359
7669116
7673924
7675738
7700882
7702502
7703875
7712561
7716344
7729496
7732756
7741274
7744142
7755602
7758328
7759587
7773037
7773608
7783179
7786872
7790392
7792921
7798922
7806726
7814743
7814848
7825236
7836560
7836821
7862960
7865421
7871337
7879126
7881114
7881141
7881905
7882459
7882905
7887092
7890055
7897694
7907581
7909866
7911211
7927374
7931048
7933101
7935935
7948794
7956853
7962205
7965638
7973017
7985595
7986470
7994051
7994272
8001010
8005426
8005810
8017043
8019592
8032372
8038702
8046233
8050069
8051479
8062046
8084470
8084580
8105720
8115139
8119416
8127772
8133783
8135176
8145632
8161235
8162264
8163200
8165212
8165986
8172102
8182905
8191342
8195844
8209021
8216309
8230027
8235178
8237671
8250027
8256756
8271875
8273442
8276387
8278135
8278457
8282128
8283272
8283304
8283591
8285591
8289631
8292420
8296019
8296060
8299173
8309494
8314553
8318013
8328310
8333886
8334666
8358924
8399523
8401591
8405104
8407691
8407897
8410563
8411531
8413445
8414905
8418427
8420007
8420783
8424789
8428462
8437090
8448457
8450538
8455170
8467928
8471603
8476136
8481780
8488085
8509764
8510343
8514967
8533823
8541281
8542564
8557008
8575023
8580061
8584719
8594022
8599916
8607620
8611160
8611833
8641308
8645500
8651562
8665868
8696617
8701101
8706850
8722300
8734618
8750212
8765542
8772985
8789727
8798671
8813308
8815105
8819000
8826312
8826552
8830125
8832496
8835218
8847161
8854036
8867960
8885628
8887552
8894323
8895445
8899400
8907246
8911910
8927281
8932178
8933997
8939759
8941736
8945555
8963524
8965341
8968607
8975822
8984457
9014341
9015311
9023375
9024092
9024107
9029066
9034772
9045692
9072196
9093633
9097641
9109427
9112427
9115248
9119543
9126600
9147654
9176446
9177417
9179807
9199350
9200054
9204918
9205602
9220118
9228985
9229460
9239424
9264290
9277828
9283117
9304280
9310609
9312067
9318774
9324569
9325297
9336083
9344651
9346025
9350810
9353134
9355007
9370951
9376228
9377958
9381791
9382298
9388895
9403793
9419193
9437767
9438479
9440214
9455174
9460621
9462730
9465484
9476124
9476652
9478460
9479171
9498364
9501693
9501865
9502490
9505454
9517143
9521204
9521386
9523270
9523400
9529870
9547197
9549168
9560133
9572170
9573044
9573705
9577450
9578497
9605033
9624982
9625425
9626252
9628603
9639685
9639691
9641509
9642999
9650561
9655326
9660275
9664145
9672024
9673647
9683977
9701093
9703182
9705981
9710965
9711129
9721338
9721851
9728904
9747395
9755915
9783077
9785723
9787672
9790977
9796219
9798994
9812403
9814519
9824830
9842819
9843302
9843745
9848785
9857376
9862587
9865312
9871937
9872486
9879547
9885820
9892222
9894860
9903833
9903878
9910922
9915167
9916975
9927751
9930359
9950535
9958668
9963708
9964223
9989748
9996577
9998580
9999493
10008185
10014970
10019401
10028101
10028276
10032822
10040480
10065378
10073723
10080745
10086136
10086139
10088589
10090882
10110457
10115657
10120358
10122108
10123365
10126848
10132699
10136556
10137441
10138356
10140437
10149574
10149576
10155526
10158501
10161159
10163737
10164394
10165931
10170124
10184835
10193575
10204284
10212082
10224524
10229216
10231930
10277090
10277141
10280430
10281630
10287266
10292146
10294391
10304651
10306847
10325550
10331305
10331920
10338957
10351130
10367120
10369168
10372366
10375226
10377571
10377830
10393900
10398225
10430571
10440090
10454528
10475398
10477090
10477240
10479630
10480073
10480405
10509805
10523789
10526878
10527539
10529774
10538968
10550445
10557365
10559854
10568317
10582592
10597047
10599379
10617904
10643711
10653567
10661116
10670991
10677838
10681307
10682778
10682963
10685712
10697889
10698405
10706362
10707418
10709869
10720422
10740183
10746731
10755523
10757824
10767468
10767657
10767917
10773436
10781243
10790789
10794470
10801162
10806243
10807124
10808047
10808240
10822146
10827794
10834150
10837185
10843794
10845912
10855511
10856853
10857222
10858591
10861115
10870833
10878738
10879955
10891484
10914354
10928388
10939061
10951104
10972728
10979032
10991701
10992068
10992647
11012477
11014824
11018892
11019137
11046650
11047120
11051925
11053006
11066407
11069676
11070187
11074485
11074690
11084344
11087783
11104791
11110458
11111831
11113530
11115054
11125378
11129397
11130588
11134446
11143203
11149078
11167890
11169601
11175070
11177911
11186226
11190042
11206701
11209758
11216302
11226896
11261175
11262977
11263286
11270903
11273068
11285781
11293099
11297451
11306740
11309708
11316223
11335979
11336635
11336673
11351081
11352925
11360125
11367662
11373267
11374656
11378116
11378201
11378344
11383904
11392278
11409354
11413471
11421533
11436732
11449190
11449231
11452116
11464958
11465937
11470649
11472441
11478097
11480380
11495506
11510674
11510729
11522576
11536017
11536841
11546823
11552832
11564796
11568637
11580715
11590085
11593672
11596430
11612958
11615431
11622512
11644244
11649090
11649431
11650364
11653423
11662851
11666078
11681103
11684125
11698133
11708604
11713849
11724121
11726060
11742238
11769544
11772271
11776149
11777617
11778017
11783508
11801489
11805362
11808076
11808381
11810327
11812430
11813141
11813909
11816821
11830582
11865709
11869633
11879919
11895840
11898173
11911984
11917609
11933066
11936481
11950695
11964535
11970181
11972388
11990012
11991954
11994514
11994535
12004734
12007220
12009986
12027442
12033968
12034610
12035904
12037424
12048337
12057867
12061759
12063814
12072008
12087852
12089144
12117577
12118665
12119691
12119823
12132649
12140519
12141945
12143985
12146607
12148045
12167867
12174320
12176630
12191144
12201496
12212778
12221905
12225369
12230550
12237710
12238120
12246336
12249632
12255741
12255875
12257899
12260539
12262728
12264988
12278164
12279913
12294095
12300295
12300650
12314851
12319228
12325581
12329415
12331170
12331906
12333321
12345783
12352526
12368965
12369127
12369153
12370208
12399362
12423268
12423834
12426087
12447773
12455284
12457857
12462492
12468964
12476357
12483055
12490447
12496920
12497842
12498214
12512955
12518988
12526279
12534609
12569281
12572201
12577750
12580467
12591517
12597401
12598373
12599584
12599816
12604065
12618180
12620295
12623501
12652457
12656739
12662113
12663904
12681453
12683843
12692166
12694507
12695584
12711916
12713147
12723614
12724675
12728975
12729250
12729483
12743453
12765392
12772189
12779489
12787177
12800655
12806172
12835977
12839407
12839646
12840289
12851677
12872659
12879436
12882636
12883613
12883675
12894929
12900728
12904322
12922192
12927296
12929945
12931071
12936073
12941541
12961599
12963481
12984562
12996061
12997208
12997633
13000614
13012013
13016710
13039244
13053099
13055692
13070008
13074884
13082046
13084342
13085688
13095781
13099950
13103493
13113161
13119256
13122164
13132976
13137295
13142611
13142771
13146097
13154332
13159695
13165247
13168015
13169018
13172880
13182552
13207964
13210148
13219506
13221106
13224349
13229683
13231141
13235819
13249501
13251620
13262348
13281468
13282860
13292312
13298622
13299993
13307550
13314113
13317808
13335238
13336739
13337717
13350843
13355408
13357852
13359989
13369021
13373636
13375424
13392569
13411833
13422838
13430870
13436618
13444998
13445676
13448577
13448963
13460849
13473316
13479964
13507234
13531225
13539751
13544703
13545421
13547452
13590851
13598752
13604571
13617441
13627652
13636189
13648927
13656687
13661598
13669536
13671782
13674283
13676667
13683341
13695797
13707709
13712873
13724145
13727605
13730664
13731402
13747179
13752214
13783815
13784636
13786397
13795090
13796519
13797033
13804729
13806742
13807091
13815719
13816993
13819228
13820633
13837647
13838467
13845429
13869198
13883340
13884296
13909944
13911923
13927645
13931885
13939867
13947618
13955915
13956566
13964010
13968828
13970591
13978719
13982449
13986143
13992325
14012578
14014146
14024835
14030846
14037222
14042282
14046343
14047662
14057461
14061272
14072202
14073515
14085042
14087452
14095064
14103999
14111836
14117339
14119941
14123167
14126073
14134286
14141924
14142636
14163541
14173240
14178042
14190161
14199669
14210223
14213550
14219404
14221994
14226740
14226899
14230862
14235075
14240634
14246904
14250839
14253222
14264914
14266692
14268270
14268539
14286750
14296716
14300780
14304068
14307985
14317572
14321328
14322784
14331025
14332554
14346278
14352589
14361066
14361369
14365861
14367938
14372269
14378415
14380218
14381187
14390970
14408276
14417195
14418084
14428990
14430760
14436170
14437168
14437867
14460260
14460407
14469987
14470351
14478786
14487664
14495510
14495889
14503307
14503961
14506823
14522862
14534675
14534829
14541958
14545480
14551404
14555432
14577659
14579078
14579919
14580899
14597456
14598939
14601424
14605206
14621560
14624820
14627268
14639719
14648864
14662835
14670689
14674857
14675980
14676403
14677651
14694233
14696785
14700853
14713790
14725555
14728316
14728465
14734776
14747024
14754196
14759414
14771099
14771594
14797756
14815910
14820791
14837355
14840260
14846861
14854645
14862225
14886934
14893288
14913246
14914137
14914755
14917328
14921815
14930376
14940963
14961883
14963279
14964638
14974565
14981025
14986371
14992631
14997702
15000620
15008629
15021975
15026001
15028598
15034868
15051424
15069937
15098790
15106128
15108033
15119677
15120171
15132499
15138289
15159232
15163152
15168197
15179427
15182629
15188114
15191794
15199071
15210025
15212049
15213465
15215344
15221735
15222268
15223537
15225847
15228681
15245315
15253901
15258820
15286269
15288931
15291926
15294824
15308702
15328773
15343287
15357436
15358929
15363948
15366227
15379895
15383180
15394113
15410965
15416231
15421449
15422961
15435960
15446024
15453804
15473310
15483468
15487864
15499312
15518452
15541045
15547062
15555833
15562970
15566893
15574973
15577425
15587467
15591903
15601195
15602154
15603993
15605249
15634401
15638064
15638921
15642377
15643582
15646485
15652092
15656683
15668601
15682171
15684279
15695651
15696128
15698244
15699384
15705058
15706449
15706863
15708425
15709235
15710612
15713078
15715103
15717817
15718706
15720431
15727719
15738555
15750676
15757519
15759849
15795928
15799129
15807005
15811010
15817267
15838230
15853828
15859518
15861567
15872552
15878684
15886611
15892033
15897843
15900634
15901107
15902763
15915044
15921761
15927099
15938449
15940543
15944798
15954277
15959170
15961368
15962677
15977870
15994022
15995989
15996493
15997719
15997884
15998533
16016543
16017192
16019264
16021098
16030951
16036817
16038232
16056356
16061376
16067120
16121840
16126864
16133610
16145212
16153801
16156952
16159169
16161912
16175019
16200977
16209581
16217781
16224084
16235649
16245747
16253915
16262443
16277959
16290776
16302603
16330748
16335716
16351412
16353414
16361460
16391557
16392530
16411036
16414855
16430568
16433498
16436611
16436874
16448664
16455517
16462102
16467465
16471184
16474152
16499382
16513934
16533625
16535181
16535862
16538345
16545432
16551121
16557724
16562249
16566043
16579415
16581330
16583563
16601637
16610242
16615231
16619142
16624072
16634076
16661535
16667692
16675205
16678527
16683029
16686109
16704604
16711907
16723867
16730924
16736449
16736560
16740211
16744232
16756883
16763741
16766756
16768082
16775108
16778892
16782365
16784908
16798120
16804989
16812618
16826776
16827194
16829313
16834002
16836893
16837402
16851224
16859387
16860317
16865698
16867012
16874782
16875939
16877802
16877924
16891855
16894697
16898847
16910492
16921693
16934483
16938295
16940549
16944116
16944995
16945601
16947201
16949399
16964636
16970731
16973661
16980972
16982745
17001381
17004613
17010209
17012813
17015014
17016169
17017212
17025709
17030997
17032515
17034153
17041146
17041546
17049820
17051328
17062303
17066394
17076058
17083270
17089157
17092037
17098620
17115396
17135502
17135520
17150929
17161627
17164138
17172703
17182108
17183430
17187476
17189744
17200200
17220706
17228855
17239947
17248835
17257999
17258346
17259134
17266326
17268583
17271836
17283330
17284387
17289003
17295365
17296571
17300634
17305866
17306894
17308358
17312855
17323000
17328480
17336076
17337520
17356352
17357895
17365426
17386433
17392219
17412289
17427220
17453777
17488928
17517601
17519079
17519722
17521983
17552478
17559400
17565644
17575676
17579872
17583053
17596566
17601456
17610920
17613802
17615477
17620221
17620865
17671484
17684475
17685994
17691477
17700145
17713009
17716153
17723653
17736049
17738585
17747140
17748074
17766183
17767213
17791404
17794558
17797965
17802735
17802919
17804632
17808071
17811000
17841167
17852895
17856491
17861851
17862464
17862693
17868337
17893491
17904181
17921942
17934280
17969168
17984090
17987015
17998323
18003018
18038010
18047258
18048295
18051557
18052408
18065953
18072109
18076308
18080100
18082204
18097059
18097524
18097968
18106309
18110375
18115300
18155522
18188980
18196154
18199792
18231306
18233692
18234996
18244402
18252898
18258382
18285207
18286392
18287242
18288838
18314773
18314833
18335617
18335889
18336443
18337202
18347737
18349775
18351750
18354715
18373088
18377549
18381746
18387632
18388056
18393530
18396894
18401592
18417387
18433388
18468072
18484569
18496669
18507014
18515908
18569591
18570218
18579238
18582185
18596959
18597608
18600973
18604934
18609917
18611200
18611621
18612606
18615825
18629993
18635771
18637292
18639861
18648481
18676528
18678071
18684254
18711442
18713891
18723054
18726120
18729772
18736999
18745817
18752174
18756478
18759068
18759288
18775774
18776617
18782896
18797747
18800676
18801203
18806585
18822843
18825126
18832291
18834501
18840396
18841000
18850025
18853247
18868242
18876433
18886474
18890872
18907801
18910318
18910745
18914405
18918725
18931439
18934835
18938054
18952087
18963529
18969930
18971293
18975440
18975563
18975799
18976517
18991184
18991912
18997318
19060688
19062072
19072219
19073547
19075260
19088347
19090253
19109062
19145599
19153217
19155859
19157376
19177126
19183777
19185030
19187738
19195898
19197019
19198037
19200891
19220291
19225528
19234884
19237622
19242945
19261741
19290683
19292746
19301404
19303765
19319506
19323084
19332923
19334928
19352208
19358157
19358933
19363501
19370210
19372782
19374673
19382823
19384277
19393423
19396641
19404579
19408183
19416782
19416879
19417864
19419957
19444146
19446071
19461549
19478179
19490171
19492177
19494991
19496208
19500307
19516013
19524924
19526677
19530499
19536978
19540697
19551097
19551236
19551726
19553267
19566415
19571194
19579528
19583938
19596433
19600382
19601185
19628302
19630895
19633903
19638002
19648459
19651472
19688929
19697590
19707110
19709358
19742839
19743978
19752023
19757957
19760649
19763034
19764255
19780386
19790440
19791855
19797380
19812768
19816021
19824009
19827479
19829817
19833233
19840081
19843955
19850633
19851535
19853415
19858932
19881703
19882279
19882381
19885231
19885332
19908801
19921440
19922779
19927602
19932459
19961285
19974119
19978976
19980183
19983553
19993476
20000194
20007092
20007099
20007353
20025968
20027756
20040917
20042618
20051528
20059007
20080427
20085992
20086986
20090741
20092969
20120491
20133414
20134841
20138328
20140629
20142587
20164403
20175000
20181284
20209840
20211069
20212890
20214893
20221421
20225783
20228450
20238054
20248975
20252823
20259626
20273495
20275311
20290495
20292089
20302091
20313878
20315358
20321772
20321885
20342382
20354359
20379058
20381097
20382808
20408765
20409638
20411863
20430146
20430956
20431157
20432175
20432235
20437750
20439232
20439827
20464455
20471366
20480882
20500372
20509415
20524483
20574354
20578741
20592515
20592763
20609829
20614627
20623413
20625365
20626540
20629143
20632007
20640779
20648624
20658494
20674701
20677582
20680164
20685400
20686782
20687952
20732431
20736898
20738085
20744149
20749177
20751321
20758216
20759402
20765121
20765766
20778938
20825995
20839116
20852833
20853949
20857469
20863052
20863432
20876369
20877461
20878634
20880222
20894644
20896886
20908277
20916021
20918060
20918697
20925007
20925300
20931830
20940081
20968850
20978280
20979473
20991637
20997029
20997708
21000452
21002529
21005876
21008613
21017604
21033424
21047276
21050552
21056769
21075091
21076269
21079114
21082387
21085839
21112107
21121134
21121359
21123638
21132650
21141886
21145041
21146242
21146867
21172752
21181111
21195889
21202647
21203829
21210792
21217101
21224366
21232960
21233569
21251853
21253839
21255674
21259425
21260903
21266656
21268226
21297888
21305125
21313240
21319495
21321918
21331437
21333360
21339092
21339650
21341690
21347557
21353075
21358386
21360845
21367874
21378436
21378701
21382629
21385212
21389305
21390800
21397742
21399269
21407384
21410920
21456665
21461291
21461965
21475450
21497086
21504182
21505427
21508291
21509938
21518642
21529949
21530505
21534454
21552899
21557996
21562515
21566020
21566802
21569357
21573899
21582735
21588763
21606024
21607038
21607644
21608011
21613459
21616197
21622640
21635751
21636683
21637105
21641091
21644061
21649340
21653114
21657608
21659458
21666253
21671606
21676945
21691908
21698924
21724825
21766836
21767098
21767657
21769322
21772984
21782734
21792375
21803260
21810850
21835511
21836770
21841274
21859874
21870006
21873686
21880509
21882343
21884039
21887744
21905504
21919126
21919719
21935246
21937889
21938205
21941061
21946340
21948246
21953827
21954450
21962001
21976455
21981774
21986440
21989649
21993056
21999647
22003378
22015148
22028089
22032530
22042803
22044497
22049655
22056138
22063415
22092668
22099157
22100193
22100676
22118610
22127628
22132753
22132905
22145675
22167924
22177317
22189898
22201340
22201542
22216189
22229113
22233906
22236077
22261354
22276285
22276902
22277473
22298125
22308124
22310229
22341978
22354498
22359152
22364199
22364923
22369089
22380267
22385231
22392551
22397015
22400843
22403506
22404398
22408364
22424202
22434488
22436840
22456914
22464275
22471672
22475730
22481758
22495486
22507819
22508579
22512594
22512779
22530776
22535592
22547357
22547399
22567014
22573390
22575613
22577157
22581210
22594606
22607827
22611158
22638227
22640762
22652817
22683265
22684700
22709257
22719923
22723337
22726359
22727672
22730839
22745955
22753695
22767237
22769042
22770363
22771995
22796329
22801204
22803348
22811872
22815619
22819372
22821071
22825697
22831689
22834853
22856972
22858172
22859136
22864978
22869272
22871602
22875116
22881927
22882628
22910282
22912136
22936777
22946395
22947142
22955096
22962275
22962646
22963670
22966498
22976211
23016666
23033367
23037497
23040654
23051667
23070405
23079163
23079988
23088892
23095260
23096979
23098220
23108641
23110879
23115665
23118705
23129453
23131678
23134701
23143460
23152785
23154913
23158307
23158333
23163222
23164407
23174126
23177599
23180444
23191319
23192309
23215213
23268991
23276642
23280388
23287690
23293805
23298346
23304560
23313283
23316725
23338970
23340123
23341853
23349376
23357247
23359046
23365653
23365798
23366346
23366881
23379933
23393612
23401787
23412588
23415057
23421794
23431428
23433983
23443559
23445012
23447525
23448893
23463108
23465481
23466506
23470333
23470846
23474813
23477355
23478177
23493848
23536403
23538526
23548946
23567905
23569890
23576919
23579075
23599369
23603854
23604665
23621378
23622147
23625399
23625678
23629911
23650475
23653396
23654840
23664557
23671204
23678144
23678736
23679532
23686338
23705501
23708515
23712033
23719171
23739560
23741712
23761546
23761871
23780968
23786829
23787047
23790342
23791563
23809161
23812276
23821427
23845990
23846210
23850354
23851042
23852239
23872228
23917519
23920860
23922050
23929418
23936304
23963505
23971124
23979961
23988208
23997453
23997662
23997920
23998250
24000693
24005986
24017795
24018708
24019584
24020790
24029449
24029471
24030320
24030479
24034389
24037353
24037614
24049454
24053064
24059527
24070661
24098551
24104341
24107629
24107955
24142197
24143883
24163498
24164167
24190430
24204959
24209845
24215233
24219852
24230459
24231087
24243103
24245349
24257214
24261287
24274123
24277358
24277933
24278266
24280459
24280580
24286983
24289284
24293398
24300604
24308724
24319083
24332421
24335010
24371239
24392692
24395912
24397391
24409953
24430493
24430644
24431699
24438630
24474099
24488658
24496351
24500893
24508993
24518626
24523671
24524441
24527152
24538037
24546271
24560972
24562216
24563878
24567997
24580918
24588893
24610675
24621723
24625435
24630521
24648283
24649230
24657715
24659198
24661898
24663207
24664690
24673129
24708022
24723062
24740750
24752525
24781125
24781861
24801440
24804033
24804673
24806090
24808744
24841141
24853100
24870440
24874540
24880961
24884876
24892227
24892259
24894249
24896848
24905632
24909249
24917920
24933761
24939698
24947176
24947910
24955670
24964203
24977110
24988414
25006530
25022662
25023469
25027600
25037260
25047088
25075884
25075943
25089481
25093373
25093841
25100347
25109670
25120307
25124382
25125413
25143201
25154131
25162995
25167422
25176281
25193319
25196045
25211957
25217213
25232802
25234573
25235676
25253470
25271803
25287773
25296936
25302660
25312841
25317403
25320182
25321623
25323689
25326387
25337397
25347075
25350061
25357655
25364852
25367129
25392455
25400780
25416037
25468481
25470339
25471962
25472660
25482093
25493829
25505608
25536459
25565103
25569013
25575928
25582705
25589635
25594938
25606462
25612025
25628322
25634656
25638448
25653930
25656871
25662623
25677155
25686114
25698479
25701831
25713143
25717620
25734783
25743097
25744611
25759453
25765046
25767729
25768861
25778144
25797751
25800294
25808979
25814271
25820171
25830727
25831536
25831801
25832552
25835752
25839934
25845002
25846629
25859111
25859370
25860962
25877431
25884343
25889846
25893001
25893611
25896927
25897563
25932928
25945521
25947607
25958120
25959450
25959728
25960866
25982288
25993014
25995057
26001378
26003265
26010680
26027731
26030069
26032398
26038465
26041225
26045198
26053809
26065024
26074149
26077963
26081602
26082381
26100476
26118362
26125084
26130457
26131187
26142951
26160746
26163275
26170571
26173845
26175737
26179802
26181967
26183221
26184377
26194029
26195463
26198076
26203014
26209008
26212686
26233076
26252770
26278647
26283153
26289283
26301648
26303177
26303722
26304077
26309674
26313015
26320108
26338754
26353401
26387010
26393248
26401610
26409752
26411325
26417014
26427581
26433352
26439226
26461985
26465138
26476121
26476734
26481215
26485071
26493064
26525737
26525832
26550992
26565724
26573481
26575566
26599579
26603561
26608023
26618348
26620384
26646768
26657962
26667781
26686558
26698492
26700335
26703452
26723510
26724623
26734174
26736067
26736728
26737458
26750323
26751173
26759441
26764647
26765043
26773991
26783034
26783710
26806000
26849792
26864210
26865089
26866887
26880375
26897844
26898961
26907299
26911569
26911571
26911791
26912133
26912853
26924861
26932532
26960714
26962016
26962860
26963979
26966076
26971635
27000496
27026545
27033468
27038875
27043171
27052911
27053394
27053444
27053674
27058476
27065321
27071812
27080626
27090289
27099580
27101747
27105047
27107467
27112131
27128585
27133427
27143132
27151113
27153681
27158633
27168383
27169639
27177907
27187308
27211829
27221986
27224652
27254132
27258693
27287054
27292623
27296939
27305510
27306411
27307932
27309083
27313084
27316307
27320128
27332224
27334744
27356450
27365007
27392438
27399734
27400102
27401969
27417337
27418446
27440665
27443675
27461326
27474102
27476257
27479660
27489476
27498175
27509565
27518244
27520240
27521760
27525111
27532642
27533570
27535133
27543547
27548380
27550793
27559126
27559351
27561501
27561865
27564395
27570615
27580445
27596237
27598622
27605772
27608125
27624943
27627618
27631114
27631268
27635479
27635663
27636264
27641856
27660038
27662667
27665160
27670291
27673088
27687437
27690119
27691807
27692198
27696395
27696829
27706095
27714148
27723166
27728815
27735624
27743004
27754911
27760127
27765013
27765499
27771134
27774253
27792835
27799258
27810752
27819309
27821138
27829946
27833438
27834788
27839896
27845161
27875849
27877756
27884248
27887046
27906815
27909919
27912246
27923849
27931410
27931583
27937762
27939155
27941371
27950640
27954274
27957697
27986925
27988488
27997114
28012532
28026861
28032766
28034210
28042415
28060930
28064966
28069299
28070552
28074553
28087164
28096750
28097199
28102831
28106856
28107959
28114691
28132177
28155008
28160748
28172345
28183405
28192469
28194889
28198786
28202913
28204278
28205826
28212887
28213374
28213717
28229047
28232845
28234704
28239986
28252704
28261896
28271462
28273466
28277752
28282593
28283269
28299150
28308975
28311504
28313656
28314876
28358539
28368420
28380675
28394769
28400204
28402553
28403187
28405683
28405977
28410386
28432447
28464351
28477714
28495415
28507838
28511560
28514590
28515203
28527206
28539004
28543328
28546046
28564155
28570626
28573156
28574420
28581598
28584540
28589181
28595257
28599381
28600896
28601943
28609670
28614271
28615881
28623186
28626114
28641644
28644053
28647156
28649801
28651723
28655206
28655597
28664420
28667566
28667959
28668153
28669484
28677397
28678424
28686085
28690172
28697291
28704592
28706130
28714816
28715122
28735298
28765230
28773201
28782558
28793991
28799120
28800159
28814374
28828696
28842779
28846842
28855332
28857457
28859508
28873404
28878669
28879733
28880422
28881018
28884036
28888847
28896969
28903037
28918955
28932787
28934878
28939259
28947886
28957349
28963544
28967191
28968607
29009193
29011546
29011693
29012212
29023913
29033024
29034368
29035176
29046772
29055405
29065981
29067146
29067791
29073024
29077200
29083483
29101377
29107985
29115674
29136710
29137589
29142727
29166144
29169307
29169570
29174476
29179980
29202093
29207183
29214080
29228295
29237936
29252889
29259476
29262769
29280649
29292395
29294533
29303849
29303876
29320742
29321719
29330781
29333492
29354428
29374241
29384839
29390985
29395544
29397481
29405889
29409091
29411192
29415623
29418268
29420129
29427809
29433166
29433877
29446085
29446696
29453735
29472910
29485974
29486124
29488562
29490945
29491062
29496537
29499849
29499910
29503361
29506378
29513852
29524322
29535523
29536487
29543550
29547006
29557387
29565039
29574701
29577550
29581839
29592657
29595365
29606644
29611307
29614133
29635589
29637118
29637463
29637532
29650646
29655600
29660080
29676526
29679144
29680244
29682428
29686372
29690248
29709659
29719987
29720333
29724338
29735266
29736147
29750228
29754230
29757437
29758254
29758803
29771627
29777224
29792650
29797153
29805123
29812276
29824049
29832468
29833133
29840703
29845484
29846073
29848269
29865709
29868825
29870107
29870459
29875863
29924462
29925756
29927589
29930248
29938885
29942303
29944860
29947776
29953359
29961890
29974487
29983615
29993849
30007797
30010831
30013122
30039694
30044394
30046531
30060198
30062860
30075180
30077879
30099700
30116444
30127605
30150013
30150060
30150095
30173070
30175189
30182975
30190716
30193065
30199907
30209541
30238464
30256195
30257472
30259904
30260958
30261235
30268993
30273801
30284415
30284425
30301550
30315991
30331939
30338753
30339493
30374770
30376874
30378633
30382533
30386880
30389257
30390675
30392429
30395052
30404085
30412144
30418029
30431241
30435631
30450361
30451858
30457901
30459535
30465936
30467157
30479753
30480572
30480731
30497000
30504297
30507363
30509910
30515097
30522715
30527356
30532495
30541284
30545294
30546933
30548622
30554399
30560796
30562647
30567841
30568595
30573298
30573804
30575971
30584767
30599509
30603439
30614324
30626650
30630761
30632944
30633943
30636718
30654166
30660342
30660432
30663443
30665686
30681190
30684367
30685275
30721870
30722621
30739470
30749368
30762612
30762780
30764221
30771294
30791411
30791444
30794258
30806684
30814830
30816431
30816639
30825276
30840055
30843909
30846330
30851739
30853086
30861493
30871762
30877689
30892604
30924831
30939336
30956964
30958044
30958554
30966912
30967264
30967477
30970347
30974126
30979746
30981536
30991551
31004653
31008509
31010792
31017183
31046911
31047970
31050089
31063366
31069107
31070024
31072386
31084465
31090970
31099489
31099656
31126874
31185869
31196596
31198197
31208955
31210274
31218158
31225720
31242382
31250699
31291230
31308151
31310100
31312751
31329042
31331690
31333787
31340304
31345622
31349438
31353162
31355331
31363274
31369546
31373928
31384071
31401149
31407580
31411201
31420894
31429479
31439521
31441548
31451258
31452865
31456734
31470322
31471668
31474565
31478006
31486592
31491227
31495386
31504001
31518743
31526737
31526785
31532156
31537606
31539744
31544724
31556482
31565991
31578465
31590038
31600473
31600514
31616687
31618586
31642190
31644035
31648660
31652287
31658075
31671193
31682702
31704147
31708734
31713131
31720573
31726971
31727301
31735900
31743294
31762247
31764745
31774934
31779678
31798327
31807403
31817408
31821401
31825895
31849132
31852400
31871532
31876131
31890212
31891384
31894691
31900107
31901094
31905438
31907365
31919348
31923931
31926502
31928632
31929795
31933217
31939595
31946913
31955251
31958178
31967315
31973648
31974423
31978740
31981910
32009194
32025781
32032151
32033995
32034627
32041896
32050714
32050826
32058247
32060453
32068788
32069039
32071748
32081439
32081827
32083921
32092588
32093521
32105747
32110898
32115534
32131174
32145874
32146440
32173491
32197622
32205796
32214596
32216233
32216940
32220183
32240001
32251388
32276090
32284589
32305727
32308188
32335790
32336708
32338160
32341566
32342410
32352203
32365863
32371016
32373389
32404654
32411681
32441546
32443364
32446624
32450577
32457429
32462797
32502970
32511723
32526486
32530958
32534184
32535985
32545099
32561418
32562808
32568796
32575912
32588050
32592013
32607923
32630585
32640466
32646046
32656190
32660053
32664621
32667391
32689081
32690497
32691456
32707589
32709703
32710108
32715619
32716719
32724035
32736143
32747273
32768833
32779630
32784796
32785548
32795993
32812015
32813810
32816416
32821259
32829303
32839236
32842191
32844308
32854135
32863919
32875304
32877716
32885568
32892381
32914763
32916269
32922813
32926608
32936898
32940482
32945615
32949680
32972718
32976433
32981126
32986536
32986753
32992161
32994889
32997566
33008786
33045047
33047449
33066068
33068213
33074006
33094967
33118933
33120253
33131809
33141396
33142756
33146911
33173360
33183537
33203267
33206574
33208533
33210407
33213580
33214511
33236812
33240422
33241332
33242906
33243119
33251507
33259667
33264107
33266155
33276124
33280774
33282748
33283359
33284647
33286861
33303156
33308608
33312424
33319775
33341055
33357737
33360842
33361180
33368143
33370881
33372551
33373058
33375761
33379755
33391360
33402660
33408624
33416992
33419662
33423249
33453871
33455292
33461133
33462750
33467953
33471402
33472001
33473927
33492509
33492646
33495341
33502424
33504252
33504557
33507229
33559249
33560546
33574284
33587210
33601464
33617700
33619729
33638140
33648223
33657132
33661152
33661989
33671739
33686169
33696443
33700663
33714721
33715565
33719839
33727400
33734463
33747250
33756807
33772532
33784282
33805013
33807211
33814504
33820637
33824715
33827424
33830778
33840584
33856200
33860673
33860776
33862143
33881044
33889944
33900707
33914064
33918334
33927650
33928844
33929361
33929437
33954499
33958768
33964865
33971084
33999327
34004243
34005573
34008001
34021069
34026167
34031895
34039111
34044024
34053499
34059995
34062477
34070988
34081519
34088528
34089507
34100230
34127159
34130253
34141439
34168300
34174956
34182097
34182715
34183465
34189093
34196864
34204363
34207718
34208411
34212621
34234355
34245501
34246664
34271449
34271860
34281521
34289700
34292762
34295168
34312777
34331437
34332204
34334374
34342312
34345823
34352398
34353219
34359958
34365563
34382761
34401815
34405161
34405307
34416055
34439185
34440059
34447160
34473357
34473386
34476472
34482699
34489905
34497730
34504801
34507315
34520789
34559125
34572529
34586967
34587098
34596897
34600824
34609773
34610206
34622652
34624505
34626697
34632091
34632329
34640175
34660217
34660289
34671763
34674477
34676577
34677721
34679205
34694680
34707540
34708024
34712044
34732099
34732417
34736318
34739894
34745296
34745902
34746472
34762473
34774453
34783534
34784640
34790499
34795328
34816219
34835867
34845230
34861923
34862771
34866427
34874098
34874267
34891388
34898183
34902001
34907070
34916711
34927216
34928166
34929993
34943371
34944716
34945615
34949652
34953691
34955925
34965097
34977737
34987929
34988959
34991629
34992012
35009135
35013567
35015195
35032326
35046105
35082391
35090401
35090603
35093692
35094899
35101151
35103327
35105606
35105765
35106340
35108962
35111404
35113764
35114178
35115579
35134345
35138085
35138703
35138786
35153036
35161911
35165776
35166705
35170844
35177605
35186523
35200220
35206934
35217031
35222108
35224420
35225316
35235285
35236201
35240829
35242103
35245521
35248682
35250433
35252930
35254470
35258700
35268669
35275589
35281801
35296024
35303252
35305746
35307716
35309560
35315694
35322008
35323656
35325290
35328876
35329036
35339668
35352431
35354625
35378538
35379979
35382802
35382833
35396100
35440262
35441808
35442774
35452781
35471698
35475940
35476948
35494415
35499879
35505186
35509868
35510624
35511473
35522474
35523393
35541103
35544697
35572605
35599823
35606717
35613769
35616007
35623762
35639055
35640675
35643337
35650057
35654370
35656671
35662807
35664690
35667383
35668093
35680992
35685423
35701819
35702268
35709325
35711908
35714657
35717339
35719876
35731572
35765545
35779481
35785520
35790983
35800857
35801994
35813900
35827311
35830700
35832025
35838829
35869150
35869903
35875288
35907922
35908041
35921655
35931694
35933495
35939734
35943961
35945007
35952096
35952949
35954015
35955135
35966030
35986433
35999089
36000122
36020407
36024475
36046900
36050796
36051616
36055579
36057644
36074593
36082693
36098532
36100247
36110721
36118095
36118852
36119125
36121231
36127550
36127568
36127678
36135161
36136799
36136855
36162582
36163692
36173749
36174621
36179318
36184533
36190522
36193013
36197752
36210019
36211139
36216751
36217111
36220376
36223389
36225712
36226367
36228640
36234010
36239879
36250850
36250924
36254059
36256475
36257352
36261713
36266093
36280266
36289898
36291203
36295505
36299667
36314587
36328213
36329751
36343411
36367442
36368813
36372471
36378646
36398412
36398488
36401356
36408142
36419291
36426306
36432000
36434810
36448987
36453844
36480024
36480329
36483158
36488273
36492675
36505185
36508776
36510992
36537881
36545238
36547714
36548409
36548771
36556835
36565363
36567434
36580891
36585404
36587780
36602869
36606043
36607284
36624080
36627227
36629794
36656919
36659851
36668201
36683468
36691965
36698800
36699752
36704699
36707787
36709038
36722858
36734251
36735408
36750762
36760805
36762923
36769536
36772125
36777808
36780165
36787252
36801423
36803155
36804377
36822872
36828612
36831228
36831748
36844682
36848580
36851195
36857045
36859465
36874130
36887308
36889394
36890877
36893979
36903832
36915119
36922962
36934790
36939684
36947340
36949927
36950276
36953223
36965493
36966671
36979253
36983506
36983845
36988891
36988941
36997483
37001879
37033963
37056671
37091148
37095195
37102142
37117902
37122523
37128756
37131743
37151309
37158006
37164946
37168546
37177122
37177611
37178247
37179788
37183001
37183046
37193668
37195299
37198653
37211027
37220078
37225031
37233254
37239438
37249969
37266302
37267165
37268252
37305309
37309570
37312556
37315534
37315733
37317939
37319014
37330000
37335977
37336205
37344578
37345699
37351590
37353589
37356972
37389074
37404767
37408714
37414391
37414801
37440369
37453741
37461567
37462543
37481212
37489290
37489367
37493022
37494863
37503434
37507549
37533231
37533322
37533482
37539444
37542441
37545705
37556347
37558007
37560434
37565717
37572927
37574595
37579451
37583882
37590294
37598542
37608992
37617796
37618893
37621968
37644501
37660353
37670437
37670565
37675432
37688821
37688961
37700342
37719250
37720773
37721476
37731036
37740698
37740883
37746064
37756112
37770198
37770373
37770645
37778086
37778640
37779885
37782348
37784038
37791065
37822896
37845665
37850168
37854181
37855201
37859216
37865580
37872614
37901687
37902102
37907350
37920743
37921659
37924221
37925687
37933661
37947715
37950584
37951769
37953042
37958270
37972648
37979590
37993012
38003979
38032743
38038515
38045609
38067167
38072035
38085185
38088114
38093011
38108991
38110360
38114857
38115342
38133394
38139461
38142012
38148875
38152990
38153976
38159437
38160093
38167837
38180449
38180907
38183347
38194603
38195522
38200311
38205188
38205956
38206310
38211396
38220708
38223026
38225016
38232939
38235517
38254759
38257208
38261101
38265970
38271470
38279939
38310018
38317596
38329139
38333626
38341819
38348895
38352610
38353101
38357819
38364521
38369471
38370658
38371013
38383447
38385862
38389267
38391840
38394897
38398352
38404003
38404422
38416867
38428193
38436411
38444035
38446604
38449857
38453026
38455802
38461636
38466735
38470790
38476797
38483924
38510142
38510638
38516631
38519459
38521651
38525683
38534776
38563599
38582393
38628271
38633878
38658806
38659276
38667063
38703508
38706156
38712867
38717600
38729006
38729770
38739742
38751343
38767763
38771246
38782648
38805846
38811224
38813304
38837919
38850803
38861441
38861460
38867470
38873569
38875023
38876314
38877559
38885383
38885944
38890863
38895707
38900212
38900243
38905571
38913207
38916258
38917390
38920634
38927917
38928216
38934854
38934952
38934971
38943255
38946166
38954667
38961031
38993566
38995619
39007639
39012437
39016298
39021930
39023427
39041905
39050055
39060760
39061075
39065531
39066410
39073790
39077061
39090494
39099252
39116986
39121356
39151029
39153840
39163854
39179727
39213283
39224900
39225464
39235000
39240400
39243908
39252048
39261500
39269343
39276143
39284645
39287078
39302360
39312411
39317811
39317989
39319874
39324917
39326420
39333558
39338301
39346808
39357190
39360734
39382204
39394833
39396503
39396806
39399721
39404557
39411306
39424517
39427790
39432425
39450010
39464454
39475375
39486363
39487039
39497805
39503442
39506027
39506900
39511667
39524274
39531578
39541255
39542683
39543196
39546530
39553632
39557520
39557616
39589886
39590007
39592039
39594121
39600236
39606004
39607198
39608023
39617875
39618990
39619003
39633382
39638479
39647436
39647697
39650155
39650693
39651873
39662847
39693512
39711372
39730224
39736276
39752990
39754779
39770640
39774136
39775464
39779872
39793262
39796270
39804253
39804983
39811486
39818763
39872667
39889283
39917168
39926009
39932952
39934753
39945972
39955839
39960007
39974015
39984575
39987075
39987373
39993057
40011244
40016265
40053511
40053600
40063104
40069090
40090081
40110748
40111623
40119811
40125597
40139849
40144241
40157434
40170783
40178921
40203016
40203541
40216963
40230987
40241942
40243018
40243974
40244968
40252656
40254705
40291634
40293329
40296754
40310470
40313422
40322820
40330453
40330478
40343721
40356212
40361171
40367563
40367903
40368477
40375854
40379513
40381793
40407166
40410376
40410485
40431698
40436593
40437079
40437707
40461716
40467992
40473230
40478562
40485419
40488626
40490003
40508588
40520773
40527898
40533070
40541454
40549076
40556392
40560639
40563129
40566024
40568500
40569479
40587316
40590317
40600746
40601404
40611745
40619857
40620604
40622149
40623521
40635574
40649927
40664559
40672532
40674624
40675175
40677986
40680100
40681509
40690133
40692288
40694937
40720361
40724634
40738428
40739982
40746652
40753714
40759381
40790084
40790806
40804007
40817153
40831738
40835081
40838192
40842275
40848380
40861353
40871278
40880358
40898308
40899876
40899883
40906582
40929993
40933882
40938234
40939125
40939409
40953704
40960443
40969499
40971697
40980440
40982359
40983838
40995258
41003172
41015898
41021251
41027067
41027989
41031508
41040911
41042691
41045304
41046342
41057226
41071370
41078405
41081003
41082815
41083248
41099737
41109873
41122506
41123015
41130717
41138110
41139374
41142278
41153110
41156037
41162496
41177223
41181026
41183154
41212922
41222068
41225511
41226150
41228092
41230928
41235542
41235978
41242904
41245535
41253867
41255228
41256221
41264710
41274345
41274584
41275213
41280688
41283680
41286537
41288738
41310569
41313019
41331138
41340343
41348415
41355694
41360308
41363779
41370977
41373451
41389544
41399668
41413409
41419754
41428232
41452697
41452884
41454505
41457059
41457553
41457638
41465000
41476877
41489924
41492247
41492883
41497107
41507978
41515718
41527304
41530215
41532611
41535675
41536402
41554068
41560022
41561558
41566320
41580423
41591150
41593318
41597138
41597500
41603051
41605863
41608157
41608373
41608501
41612051
41612181
41615394
41615561
41621971
41622199
41629100
41635462
41638498
41651661
41653119
41667470
41684542
41689344
41693319
41699214
41703411
41724756
41728805
41740073
41764845
41764936
41767906
41780453
41781737
41793257
41793610
41807292
41808710
41809331
41817195
41823502
41837902
41855562
41857098
41865083
41865409
41882846
41899747
41911151
41919898
41924205
41928590
41941138
41949465
41951138
41952869
41955814
41963165
41964319
41971270
41974015
41982347
41987865
41990690
41995096
42010735
42017924
42025565
42026744
42026931
42030983
42034511
42053709
42054548
42081307
42084134
42092518
42134416
42134485
42140913
42150890
42157922
42167414
42174881
42176845
42196556
42200653
42212042
42216992
42218171
42222894
42223329
42223596
42231037
42239425
42242179
42243628
42254929
42262706
42266024
42289447
42293600
42306414
42307978
42308921
42321057
42327139
42328191
42329540
42341665
42347279
42359187
42360998
42373837
42378312
42380899
42387619
42395844
42397639
42403386
42409294
42445871
42453028
42458809
42466197
42475131
42486246
42507447
42518050
42531743
42540301
42546883
42547232
42568848
42569738
42576177
42578428
42582254
42584429
42589500
42592856
42600916
42616232
42622864
42627936
42631311
42637571
42638512
42644275
42650164
42653086
42654294
42656310
42656341
42658479
42662045
42662367
42663738
42667199
42669792
42670023
42676872
42695049
42700880
42702370
42713155
42716318
42718098
42734511
42736990
42744839
42752460
42759642
42760314
42770222
42771471
42783878
42793495
42796843
42798523
42801971
42805401
42814950
42821978
42827738
42831786
42833984
42840345
42859103
42861169
42861530
42867245
42880024
42884740
42891292
42899860
42905320
42908266
42911520
42920380
42920842
42922838
42928646
42941990
42952073
42962969
42970268
42977862
42978329
42989865
42997571
43011425
43019870
43020345
43020944
43024080
43027184
43028218
43036826
43051256
43051388
43056326
43070441
43071712
43082713
43083385
43093816
43100671
43101468
43107067
43116071
43128005
43157741
43163382
43171135
43179768
43193450
43194579
43199520
43209435
43215412
43240395
43242689
43245248
43251791
43262317
43262753
43262972
43271949
43278857
43293272
43299033
43311445
43312541
43332889
43344703
43345130
43345296
43346882
43355599
43371562
43377221
43378318
43389089
43393909
43399397
43406684
43407070
43408039
43413731
43414362
43414455
43427730
43439465
43443940
43455783
43474347
43478036
43488616
43492918
43503046
43503379
43504722
43509596
43511281
43515878
43516540
43516770
43517605
43521362
43526022
43535322
43549508
43553831
43554665
43555734
43561970
43564394
43564679
43567276
43574144
43580547
43583283
43587759
43589621
43601630
43631777
43631899
43640953
43641247
43658672
43660172
43660687
43664096
43664783
43672570
43673618
43683997
43687511
43692881
43694483
43700388
43714099
43732499
43737643
43739543
43750293
43754125
43769577
43778135
43778222
43789772
43800959
43803118
43816305
43819274
43825369
43834405
43843921
43858032
43879606
43889367
43889414
43892313
43896887
43905736
43912837
43927037
43927714
43932707
43944535
43950749
43953533
43959956
43964696
43978667
43979266
43983122
44001218
44015808
44018466
44031512
44050376
44059280
44072899
44085098
44097646
44103345
44106281
44116254
44119151
44121790
44149960
44153834
44162191
44177680
44190237
44205160
44206632
44218052
44223640
44224182
44225061
44237632
44243981
44247407
44252649
44256534
44270683
44274867
44277168
44279227
44283518
44287176
44308785
44312274
44316662
44322460
44330906
44335185
44347156
44354886
44378411
44381880
44383220
44389781
44393258
44393336
44405120
44420244
44424769
44441040
44454409
44456842
44471262
44478251
44480957
44495925
44513911
44514420
44516973
44517326
44517747
44524692
44527947
44533285
44536774
44537359
44555441
44555445
44562220
44566800
44570328
44572604
44576576
44582259
44602789
44612833
44618475
44634627
44636138
44636309
44637007
44643896
44662245
44674665
44679741
44689190
44694313
44696947
44701480
44721096
44721816
44729490
44729803
44736063
44783675
44788390
44820487
44843401
44850235
44855602
44857301
44859831
44864882
44865624
44869581
44899112
44903652
44909818
44910797
44917066
44924166
44924699
44928255
44933762
44942127
44960419
44969811
44974076
44978478
44985184
44986061
44986237
44992139
45051869
45057291
45058163
45064437
45065034
45069422
45077316
45077927
45081755
45095365
45098485
45101928
45122354
45122876
45128868
45128991
45134238
45149076
45153462
45185487
45190375
45191090
45201942
45205693
45207890
45212004
45231915
45232338
45240948
45241451
45244387
45246546
45248640
45253196
45254917
45269105
45269196
45278988
45288244
45290449
45295468
45296080
45303922
45326818
45327842
45331975
45343095
45346437
45349117
45351490
45360579
45364118
45397658
45413521
45422730
45435761
45447126
45461529
45469779
45487712
45488315
45489247
45496098
45500600
45508271
45516979
45527878
45533885
45538144
45543079
45547617
45563036
45570466
45598926
45604890
45606044
45609951
45610927
45619323
45620543
45620629
45622356
45623379
45623401
45624104
45625018
45638972
45643798
45650658
45671748
45691780
45692568
45705197
45708407
45717084
45724699
45735555
45741900
45742168
45750279
45750862
45757114
45759833
45763083
45763128
45765792
45781753
45788714
45803657
45808265
45822005
45826722
45827619
45831155
45835125
45849520
45853037
45854400
45872818
45873958
45897900
45898834
45909635
45924254
45928255
45936773
45943785
45946810
45955556
45959138
45971052
45971718
45973473
45986353
45993751
45997153
45998269
46005179
46011806
46015977
46016149
46017094
46022013
46038149
46039969
46040668
46042408
46042491
46068083
46075447
46083196
46093561
46100163
46102564
46103751
46104030
46108136
46133833
46138195
46144328
46150334
46167233
46179256
46179844
46181735
46187295
46200647
46201999
46203293
46228140
46238727
46240225
46253964
46265147
46271943
46293578
46329869
46342874
46346661
46363425
46376291
46376464
46379225
46384752
46404708
46412459
46415427
46419576
46432039
46432626
46435002
46445831
46462027
46463935
46470900
46479570
46484065
46486297
46505504
46514694
46516633
46521886
46528703
46530684
46541016
46541793
46547973
46548214
46557393
46565930
46572265
46577626
46579473
46580996
46586788
46589089
46593307
46608736
46622007
46623530
46626500
46629028
46629217
46633916
46635717
46649705
46649721
46651553
46654471
46660113
46664270
46680828
46681973
46695312
46699519
46732276
46734762
46738068
46761349
46763679
46767095
46767577
46771081
46772572
46773787
46778089
46787460
46801698
46803808
46814142
46847090
46850160
46876341
46876501
46880868
46890423
46891801
46892630
46902822
46904545
46905378
46908571
46910965
46919026
46924159
46926053
46928809
46932491
46938671
46953529
46962243
46969638
46981784
46985969
46987354
46998008
46998312
47006348
47015713
47035391
47044471
47046273
47048586
47049971
47050199
47053093
47054070
47055626
47062318
47074604
47078282
47085999
47091828
47115507
47125075
47126616
47136872
47138894
47151294
47155580
47173149
47173385
47179867
47184954
47194472
47195171
47196283
47202724
47213872
47216305
47217577
47235635
47263621
47266249
47275046
47278190
47279525
47280321
47291153
47304670
47305979
47313570
47314395
47319812
47333288
47334750
47349994
47375957
47378780
47385216
47409060
47423401
47437142
47439047
47455965
47456278
47460132
47476686
47501892
47505943
47522846
47535082
47543646
47555838
47560573
47564661
47576351
47584124
47594611
47595812
47598272
47607784
47608393
47614913
47617143
47626154
47629227
47645120
47661101
47661404
47663645
47666381
47669770
47692203
47696373
47707639
47736118
47739555
47760197
47765856
47770739
47775932
47777588
47777701
47777710
47786975
47789968
47808801
47822112
47829552
47835068
47844654
47846094
47848611
47852563
47854120
47855287
47863421
47892720
47899600
47904747
47926292
47926778
47927534
47930427
47932922
47940140
47968556
47973517
47975870
47977900
47985039
47986230
48001345
48007631
48023012
48035132
48041867
48042588
48050937
48051902
48054222
48056154
48083418
48092742
48095240
48100015
48100682
48122126
48133419
48135494
48146086
48151780
48153196
48159353
48166501
48168424
48174493
48177574
48181593
48183643
48188671
48206739
48211750
48227196
48233986
48243861
48248667
48253392
48254671
48261526
48276825
48283442
48297842
48298882
48300000
48302053
48304321
48326531
48361273
48364251
48368187
48395098
48395368
48396088
48398302
48398687
48403162
48406422
48411788
48419355
48422911
48434571
48445664
48461816
48468621
48468942
48469330
48476988
48492096
48497712
48502427
48502479
48502867
48516719
48518803
48525930
48530775
48537155
48538464
48541178
48542061
48555300
48558414
48562406
48566901
48582138
48582355
48583462
48585395
48592741
48603218
48612280
48625280
48643203
48648992
48650166
48657156
48661809
48670241
48671898
48677084
48683439
48703283
48708369
48712517
48716670
48723313
48725716
48732769
48738168
48741541
48742051
48758144
48763119
48771203
48772176
48777090
48800243
48801901
48808283
48813755
48815658
48815858
48821307
48827983
48839017
48839076
48845571
48848833
48875320
48878871
48882959
48885085
48896614
48898543
48898915
48902656
48922714
48935149
48939139
48955497
48974491
48975571
48978612
48979107
48981946
48989208
48994501
48998550
49020579
49021517
49021538
49050355
49060024
49067792
49072892
49075193
49110716
49111550
49117394
49118224
49121186
49121524
49122897
49130784
49134179
49135114
49137924
49139178
49146397
49150664
49153110
49157294
49166695
49172307
49175946
49181950
49191632
49198194
49211118
49220436
49239521
49244167
49246222
49255235
49272714
49282698
49295473
49347635
49350395
49353298
49355224
49382187
49420514
49429591
49436147
49437369
49437794
49443887
49459413
49466152
49493472
49503082
49513671
49513749
49517073
49517092
49520607
49527066
49535512
49538417
49542992
49556766
49569925
49570619
49576081
49576274
49576789
49582727
49584512
49592112
49594276
49601267
49602102
49605526
49619029
49620266
49624522
49629064
49630161
49635571
49640117
49641834
49645767
49648285
49651487
49651561
49656083
49670511
49674466
49681100
49692571
49698498
49699553
49707413
49707879
49712371
49714729
49715720
49725280
49733673
49743824
49753746
49763254
49764803
49778993
49797638
49800091
49800549
49803198
49826420
49827206
49827493
49828917
49830269
49834276
49842134
49843717
49846480
49849812
49852137
49856448
49859479
49864948
49885757
49896967
49902351
49913824
49919338
49923427
49925468
49930072
49951237
49952065
49957786
49957975
49965465
49974424
49974587
49981357
49993204
50001840
50015441
50015924
50016224
50016256
50030081
50034039
50060561
50068846
50070066
50072918
50073877
50090554
50093443
50094067
50116765
50123369
50126145
50129216
50154140
50156713
50159074
50177993
50183299
50184518
50189797
50204105
50216860
50217338
50234975
50238587
50245686
50249696
50255129
50257091
50261585
50265838
50283925
50285886
50295085
50318761
50337952
50341170
50356471
50369449
50395139
50398271
50403502
50426268
50433891
50441915
50446817
50448684
50449052
50451304
50463981
50466343
50471045
50471220
50471603
50481025
50485285
50489174
50490096
50496926
50499772
50513629
50515556
50516421
50522751
50532468
50539674
50566652
50577397
50578400
50582667
50586402
50598596
50611081
50624957
50626895
50631761
50634171
50648290
50655379
50664406
50665630
50675755
50700544
50715381
50727411
50729040
50742873
50757065
50764130
50772234
50772916
50778120
50783424
50785007
50787234
50802580
50808104
50828114
50837767
50845075
50855298
50863709
50866764
50868937
50870403
50875077
50883660
50891789
50906068
50908243
50916692
50928835
50929176
50931480
50941328
50950196
50959004
50972346
50977236
50977349
50979999
50988741
50998283
51000806
51004387
51007202
51007370
51010900
51015765
51016992
51021018
51021580
51024143
51024519
51027860
51046167
51056728
51058643
51067045
51067469
51073006
51073022
51075737
51090695
51093574
51107850
51117615
51129058
51130136
51138860
51141189
51145997
51153668
51153768
51153783
51156788
51164276
51166638
51168487
51186859
51188703
51200626
51203838
51205083
51209922
51213573
51224745
51230619
51239992
51247471
51252091
51259128
51261409
51267208
51274735
51280406
51287094
51288558
51296589
51301521
51318664
51322940
51334145
51341330
51357063
51367571
51370398
51389380
51396572
51404713
51427420
51431796
51437885
51456297
51458436
51468081
51476703
51476899
51479117
51491229
51493997
51494097
51498992
51510038
51514092
51519836
51522425
51524841
51527920
51529180
51535793
51540747
51544642
51548932
51551232
51552590
51560652
51578789
51578866
51579614
51586472
51592481
51611060
51611606
51616700
51639445
51639544
51652349
51657947
51664602
51670611
51678170
51703589
51709653
51710328
51716048
51728710
51731148
51746648
51752185
51760244
51796862
51798714
51800155
51845401
51859511
51866019
51866472
51870723
51884877
51888836
51905074
51913397
51914684
51916921
51929611
51931012
51934259
51935207
51952001
51961618
51962817
51963090
51968272
51974011
51987691
51989440
52000515
52018767
52022812
52023518
52024932
52025193
52039108
52053277
52059060
52065363
52073216
52116836
52117706
52121520
52122555
52125878
52134676
52140047
52147115
52194834
52202202
52220275
52221077
52229754
52245402
52250544
52253086
52257551
52262349
52263095
52264911
52267571
52280974
52294987
52303687
52307578
52315645
52318776
52335248
52337235
52351630
52354739
52355246
52371804
52372799
52376081
52379623
52392457
52399424
52401749
52408289
52411794
52414064
52415054
52428655
52449590
52452431
52454340
52458463
52480174
52487219
52487615
52489327
52496345
52496624
52500205
52508989
52513907
52536093
52554654
52556397
52568859
52570844
52573442
52575092
52592713
52594837
52602459
52611985
52615527
52616630
52617810
52620589
52626953
52639192
52639697
52643068
52661366
52667223
52675786
52677893
52684059
52699046
52709476
52710709
52715456
52718287
52724471
52752970
52755598
52766755
52790660
52795118
52795118
52796486
52807989
52810406
52814344
52815637
52816548
52817433
52823776
52829080
52830674
52848470
52852491
52868382
52871094
52887264
52888252
52892058
52898172
52901103
52904402
52906315
52906923
52912061
52917413
52923138
52926940
52927658
52941476
52946329
52949446
52955389
52968455
52973741
52979120
52988705
52997404
52999832
53006823
53010187
53023271
53034501
53035629
53037940
53074595
53090119
53100081
53109209
53110908
53111849
53112993
53114531
53122749
53131192
53132345
53135871
53136569
53139453
53146322
53163635
53178562
53182673
53183006
53186427
53193939
53206663
53208342
53227740
53234598
53254317
53266567
53290087
53292171
53299056
53307553
53324492
53327747
53333890
53360853
53386590
53386730
53394789
53396983
53398133
53401349
53402186
53404539
53412137
53418014
53421005
53425940
53428822
53437875
53443136
53443763
53450710
53457898
53464131
53469368
53471873
53494849
53496141
53508199
53510542
53530441
53532014
53532022
53533592
53544058
53547028
53555720
53572142
53588746
53595591
53600507
53603788
53604009
53609611
53617067
53637166
53643362
53654847
53658974
53672514
53681052
53684931
53686699
53692328
53702459
53704774
53713700
53716725
53718774
53723486
53746280
53747908
53757900
53760701
53763028
53772759
53786348
53799972
53801786
53811268
53811745
53812597
53814346
53827430
53841270
53851825
53861661
53870358
53873180
53877585
53912614
53920644
53925176
53937767
53940860
53955028
53961643
53963338
53969791
53970244
53975777
53983159
53997964
54001645
54012312
54013041
54018667
54021495
54022314
54022775
54030223
54044677
54046397
54046425
54068169
54074164
54076279
54078306
54079654
54079732
54085743
54085963
54086801
54089828
54093314
54093656
54116526
54118954
54123738
54145239
54145842
54173714
54184038
54185055
54204572
54221711
54226767
54233014
54233266
54237197
54244222
54258059
54265215
54274596
54277820
54292939
54308368
54323555
54335236
54345181
54356959
54360409
54364765
54372364
54376839
54393171
54407279
54416494
54434260
54467204
54467420
54482427
54483298
54483306
54487891
54495994
54498464
54519760
54520363
54521951
54524667
54570458
54584768
54594195
54596458
54601123
54607743
54608180
54617574
54620376
54630452
54639526
54646155
54673644
54681891
54696799
54702638
54712673
54716535
54735984
54749988
54772176
54776558
54780384
54785406
54798733
54822041
54829002
54835187
54839813
54841684
54848384
54851027
54867731
54871959
54872837
54873853
54881451
54882949
54887111
54896672
54897032
54904989
54913890
54931938
54932683
54935871
54939910
54974587
55000627
55009378
55014477
55020209
55021433
55028920
55030108
55036387
55041416
55071715
55073807
55083250
55100000
55107716
55120456
55122957
55125323
55131073
55147745
55148782
55154842
55161316
55162502
55170627
55188414
55217404
55218382
55223952
55235347
55236367
55236776
55242802
55243589
55262399
55268393
55272446
55283979
55296642
55297040
55304092
55313281
55315018
55315239
55329079
55337378
55337805
55338438
55348568
55350742
55359504
55362377
55365253
55372186
55377569
55394891
55406395
55410241
55424294
55425966
55430356
55435805
55459641
55463819
55465245
55489664
55493074
55499550
55502193
55502527
55502556
55503319
55513815
55515058
55518168
55545159
55559859
55561834
55562372
55567138
55567265
55569017
55570393
55572048
55572876
55589412
55599544
55610945
55611221
55620652
55641982
55644364
55646510
55650920
55654787
55676503
55678672
55690016
55697195
55703505
55708422
55714932
55722667
55731026
55734858
55739728
55740459
55743544
55744326
55786169
55790202
55792706
55796986
55826263
55827548
55833315
55838164
55839332
55839525
55842390
55842401
55845387
55846733
55850616
55852647
55867749
55869673
55872874
55876315
55893658
55903033
55908462
55917819
55918343
55922466
55924080
55926544
55954485
55967025
55986818
55997893
55999886
56014898
56017055
56019198
56030800
56033550
56037268
56037437
56037960
56040086
56045540
56050657
56060407
56062613
56062715
56072238
56075392
56085198
56089441
56090914
56096262
56132991
56135794
56140634
56140826
56149015
56149258
56167340
56169895
56177944
56191182
56192997
56200737
56222192
56241796
56243901
56264854
56271022
56278360
56282021
56282053
56284860
56333146
56339634
56354182
56355768
56363793
56369001
56371548
56379370
56385419
56395017
56396716
56398687
56400491
56401199
56423890
56433210
56446411
56450173
56453931
56464788
56466421
56467685
56490707
56497066
56498566
56505074
56510728
56511174
56527277
56533984
56542563
56556303
56562744
56616919
56630802
56644267
56646082
56646371
56652434
56654230
56672563
56675112
56699567
56701077
56707482
56718111
56740216
56753469
56759126
56765605
56792939
56793118
56798702
56806378
56813924
56814067
56817881
56855303
56857688
56863396
56870925
56871345
56874530
56880253
56882739
56890109
56891106
56891397
56895397
56908446
56915744
56959911
56968840
56978641
56985465
56985924
57007426
57015106
57023358
57025854
57030982
57031393
57039499
57041771
57049365
57050812
57072677
57082542
57083871
57086250
57099366
57104363
57133713
57146448
57153408
57154182
57173634
57188643
57201522
57219883
57225523
57228359
57228507
57230393
57230749
57231538
57245195
57250557
57252820
57267162
57269144
57277321
57281829
57285450
57309020
57314059
57319007
57321449
57322537
57329930
57360107
57360297
57361392
57364167
57366097
57370044
57373847
57417554
57430940
57436937
57443310
57452815
57455292
57471805
57479652
57502720
57510585
57523539
57524144
57535997
57549169
57564714
57567085
57590218
57590464
57591884
57596360
57596471
57601695
57603006
57604460
57624659
57632170
57636420
57645563
57656302
57658861
57676339
57689092
57703211
57705601
57711799
57721031
57734228
57748947
57751005
57765449
57767258
57767504
57771162
57773249
57791933
57800051
57808523
57811558
57814115
57818253
57823977
57831407
57833511
57841584
57843469
57856101
57856981
57860104
57864487
57884932
57889663
57899337
57904217
57916563
57919246
57920470
57950841
57962535
58000559
58001973
58009556
58015130
58021634
58028141
58028352
58045513
58052043
58083315
58092770
58095742
58097574
58108123
58124423
58134102
58152635
58166082
58166862
58169546
58173237
58190052
58215260
58229766
58231018
58264362
58275732
58289937
58313984
58320106
58320634
58325592
58333877
58341507
58342638
58352320
58353694
58359232
58361656
58362165
58364840
58367750
58375603
58380076
58381148
58391590
58398249
58408752
58417318
58421656
58425148
58437622
58445450
58448828
58454757
58464252
58470691
58474052
58476690
58484920
58502799
58511090
58524204
58548595
58554039
58559407
58562203
58568257
58573271
58580854
58582565
58600454
58604997
58621648
58637985
58639344
58643822
58645551
58645724
58681021
58697895
58709847
58711868
58712471
58719348
58723152
58748744
58771098
58776878
58789340
58801064
58803443
58808403
58811663
58835932
58857287
58860201
58862198
58890233
58892444
58899440
58906633
58921152
58926669
58929752
58931407
58934192
58934418
58948015
58952893
58970015
58975349
58992034
59010828
59011450
59014165
59020987
59025887
59028163
59029204
59029246
59031070
59042502
59043794
59051459
59051828
59052151
59056620
59057538
59070056
59070909
59074462
59075861
59094764
59110012
59158196
59162011
59162158
59163237
59167531
59176230
59179824
59185442
59187187
59188624
59200199
59201806
59213884
59222597
59228059
59229283
59229722
59234378
59238794
59244878
59259580
59270266
59271540
59292209
59295547
59302498
59309747
59312722
59322213
59323138
59348747
59352037
59364799
59367840
59368099
59385161
59386522
59387985
59396763
59406271
59409587
59412277
59422919
59428050
59430524
59433659
59433796
59445669
59449624
59463584
59463625
59472043
59479783
59490306
59490832
59510451
59531151
59539459
59561576
59565749
59570805
59582603
59597854
59598212
59606751
59614172
59632290
59637349
59671379
59674604
59677909
59678291
59680331
59682975
59695942
59722297
59727533
59742194
59755557
59765679
59767094
59767758
59771679
59773737
59775156
59789413
59790930
59796215
59807410
59825670
59833290
59834028
59844919
59858698
59869506
59874222
59885671
59889628
59890005
59891074
59893156
59894523
59895011
59906755
59913163
59921335
59925251
59933902
59934927
59937049
59937904
59942335
59948691
59965863
59970024
59982685
59984199
60014210
60015654
60030592
60034024
60038819
60045483
60048256
60052945
60101298
60103710
60131587
60133842
60135504
60153618
60155485
60157389
60157898
60158761
60174816
60177019
60184407
60198982
60201972
60215617
60216870
60218625
60223021
60233575
60233756
60242822
60250409
60261767
60262911
60272876
60279086
60279203
60279843
60280217
60292191
60296950
60297415
60301038
60310200
60328833
60332577
60336895
60347600
60349761
60354152
60366451
60373518
60378907
60383757
60408580
60422345
60425316
60428613
60462438
60476777
60479179
60483598
60485079
60487422
60491322
60494874
60499123
60518491
60523851
60549256
60551755
60589690
60590770
60594229
60634213
60638355
60640353
60650521
60650713
60652454
60658137
60661410
60665125
60665473
60670382
60693241
60694072
60701518
60701799
60707896
60707992
60709193
60712224
60714460
60719658
60720044
60734328
60740194
60747827
60748392
60756046
60758602
60770751
60778043
60795219
60797272
60802697
60803382
60807122
60815478
60818290
60820886
60834491
60835156
60835219
60836611
60839365
60846569
60856737
60858768
60867567
60887743
60897534
60904129
60932633
60956783
60958683
60960560
60961536
60964589
60977424
60982510
60982866
61005298
61006046
61040362
61043681
61053562
61055829
61075443
61085754
61087767
61090402
61095109
61095993
61098868
61100486
61109475
61124295
61127547
61132025
61132137
61135135
61138494
61149535
61157088
61166074
61177606
61181854
61188778
61189418
61190102
61199467
61199468
61203097
61212081
61215720
61222674
61222892
61223374
61230962
61235102
61248159
61253180
61255817
61280477
61280505
61285845
61292959
61308735
61316804
61319937
61331011
61331619
61337061
61340388
61356506
61356894
61360614
61377369
61389464
61392130
61393483
61394008
61397344
61402248
61408864
61420255
61422097
61447375
61467137
61470749
61471975
61481480
61494415
61509175
61517854
61533296
61536321
61541168
61543263
61547255
61555059
61557066
61561694
61568618
61582558
61583612
61588752
61598598
61609475
61627866
61632424
61639399
61645297
61662325
61663014
61668493
61670731
61672699
61677301
61677947
61694349
61698131
61715557
61720875
61724408
61727533
61728203
61728336
61730861
61750692
61756662
61766598
61771399
61793711
61799107
61813562
61815690
61825862
61838539
61845866
61852681
61853404
61866227
61869782
61870467
61876389
61886976
61898205
61900626
61901973
61904750
61924636
61931028
61931282
61935789
61936148
61937237
61938056
61941757
61949509
61951386
61953394
61954925
61962320
61965117
61968119
61972264
61974717
61979144
61983416
61985250
61985477
61989460
61990672
61999182
62000786
62004379
62016830
62017573
62017875
62039647
62042474
62046599
62049340
62055085
62063362
62063497
62064622
62069811
62097563
62104976
62110787
62113850
62126975
62130608
62139937
62140305
62154446
62159393
62165016
62175106
62185309
62191724
62194576
62199984
62202885
62203926
62206336
62224584
62225771
62228236
62244624
62247120
62251972
62252412
62262726
62280953
62288090
62293018
62298270
62300396
62308470
62327594
62333129
62338537
62341203
62341695
62342784
62345203
62350445
62352109
62357746
62361540
62368604
62389065
62396613
62398360
62401165
62439547
62449466
62469344
62476904
62501738
62533082
62535011
62544476
62576610
62582104
62595429
62602099
62614086
62616201
62616391
62627950
62642683
62651802
62662574
62664924
62667897
62669331
62675080
62695943
62698855
62702209
62707067
62708560
62717671
62730854
62734273
62735660
62739588
62741386
62759346
62765551
62772972
62775146
62780211
62791521
62806064
62823533
62828755
62836672
62870597
62885911
62889224
62896313
62905065
62917056
62939682
62943204
62951502
62953460
62958183
62958422
62966637
62972846
62978919
62989275
62991200
62991791
62997276
62997598
63002483
63010631
63016388
63022590
63032096
63033312
63040257
63081434
63081672
63089194
63098578
63101467
63102223
63105873
63114562
63128041
63128101
63142078
63145611
63157233
63163986
63167410
63170737
63171829
63180747
63181720
63182023
63183236
63188177
63193221
63201681
63209744
63210491
63222265
63223389
63230591
63238847
63255007
63258600
63260380
63263091
63264136
63285416
63298445
63306167
63308033
63318903
63322829
63327867
63368867
63369911
63384251
63388115
63405958
63412064
63435754
63444854
63445602
63448371
63449092
63458002
63458407
63462588
63465729
63473377
63473681
63490914
63491348
63501178
63505614
63510088
63511083
63512770
63519793
63523850
63534937
63543365
63545892
63548968
63555886
63567251
63569475
63571797
63582985
63626690
63626980
63652195
63658432
63660054
63661552
63662757
63667469
63670961
63690968
63693454
63696666
63698905
63700458
63716287
63720541
63736332
63738113
63739156
63754575
63776864
63776999
63790509
63797441
63811811
63815815
63827356
63830300
63860059
63867062
63869699
63871136
63873840
63874667
63878013
63891231
63895280
63912638
63916078
63919088
63919402
63924815
63946951
63951254
63961010
63961123
63969417
63975293
63983129
63984083
63987056
63989597
63994259
64000668
64009183
64023635
64030275
64040733
64046555
64065416
64070771
64081362
64083613
64117529
64132225
64134414
64140968
64150978
64154055
64157992
64168816
64171595
64176968
64184727
64196624
64208877
64215621
64223123
64226345
64234143
64235227
64242380
64246369
64253597
64285298
64291413
64301379
64312037
64318562
64322976
64326192
64338301
64345246
64347030
64356356
64365714
64366570
64375163
64388060
64389410
64395622
64397070
64398011
64398754
64401204
64403077
64414276
64433197
64435513
64452517
64453625
64455470
64462032
64464805
64469576
64485207
64494864
64502472
64504655
64512555
64520833
64526580
64530402
64535603
64536573
64545010
64546254
64557435
64561145
64563323
64563338
64563954
64566415
64571922
64596443
64596914
64635838
64654489
64660765
64662613
64665219
64677656
64691852
64718484
64721595
64725376
64726764
64728115
64728478
64729909
64732436
64733293
64734222
64736710
64745276
64749112
64750557
64753888
64769745
64774540
64780574
64785008
64798232
64802117
64803820
64809285
64810891
64812261
64821576
64850432
64870377
64874135
64878204
64893125
64894483
64897350
64914183
64916036
64920966
64925927
64930025
64937440
64937849
64939459
64950233
64952222
64956425
64978307
64984711
64985406
64998647
65002124
65004238
65010056
65019987
65029393
65037116
65046959
65049543
65062041
65071721
65081422
65092570
65096807
65099067
65100736
65149082
65149147
65153685
65183718
65190092
65208699
65217009
65229295
65252273
65256886
65264559
65266866
65268196
65274651
65289365
65298313
65311475
65328183
65334943
65346245
65351372
65352600
65354505
65355415
65357748
65372956
65384813
65386643
65400439
65407208
65407533
65411451
65429897
65439049
65443223
65444240
65467568
65477562
65480236
65489575
65489663
65506526
65508007
65525589
65543142
65560789
65565076
65572997
65573238
65576284
65578298
65589408
65597330
65603964
65608228
65622109
65633476
65639663
65643282
65643355
65643370
65644607
65656755
65668353
65670325
65671497
65672899
65673282
65679286
65684390
65691289
65705361
65723389
65734534
65741138
65754282
65754669
65759710
65762455
65765728
65767699
65769736
65779157
65800477
65804893
65819137
65873732
65886088
65922112
65931974
65939332
65942906
65945189
65960075
65986031
65988390
65998603
65999431
66003751
66013260
66017946
66020291
66038680
66039266
66041097
66042809
66047039
66060169
66060823
66073966
66082892
66096934
66101983
66102968
66103556
66108967
66109682
66113704
66118502
66131226
66138689
66139595
66141969
66153987
66164770
66169853
66188162
66199461
66199504
66207201
66235783
66241902
66244315
66244493
66245936
66268011
66269644
66269708
66289498
66295068
66301678
66303203
66330732
66334846
66335937
66336653
66341143
66345076
66355678
66361324
66372032
66387537
66388115
66392533
66399557
66409288
66414096
66418790
66437462
66446400
66465670
66484219
66485122
66526373
66529070
66529732
66540106
66554413
66557328
66565091
66566528
66567296
66568623
66608916
66610976
66613380
66620263
66634924
66639484
66652778
66655427
66686691
66692514
66699450
66707343
66713897
66725240
66728273
66728720
66731491
66734669
66744249
66746313
66763323
66766619
66774462
66775732
66799031
66804912
66808589
66809440
66848252
66854936
66855498
66858753
66865876
66874672
66878552
66881112
66882236
66917480
66918200
66919994
66923299
66929793
66941777
66958002
66960866
66974742
66976553
66984924
66986892
66991528
66995757
66998820
67005027
67016085
67021187
67028592
67037049
67046364
67051082
67059085
67081714
67100627
67102796
67105904
67106765
67106938
67113700
67124550
67127147
67132319
67137710
67139251
67144095
67160294
67163351
67191836
67201540
67202747
67204603
67208433
67208805
67218570
67219776
67233493
67247920
67250098
67253381
67258224
67258318
67258844
67261716
67266383
67276684
67279370
67281346
67285775
67292882
67297171
67307865
67310676
67327833
67345042
67349178
67357213
67362657
67381844
67386126
67392590
67406518
67416555
67435172
67439824
67443166
67447922
67449332
67453323
67458261
67459130
67470218
67495614
67503258
67510811
67516822
67522920
67527363
67538655
67542782
67547372
67549833
67555070
67578680
67587793
67590512
67592605
67601857
67603203
67605122
67610748
67616328
67617399
67663194
67663954
67666866
67670008
67674165
67687255
67705686
67707066
67728927
67730387
67736650
67740206
67746559
67757750
67768715
67787108
67799313
67804889
67807666
67810752
67815364
67830894
67839727
67846333
67849629
67859436
67860129
67863243
67867378
67890044
67892592
67904264
67904617
67910187
67914940
67920291
67929881
67930551
67931541
67942474
67948224
67950366
67958690
67974713
67981752
67981815
67989466
67997792
68018206
68025238
68029625
68030892
68031923
68050697
68061113
68072748
68079436
68087418
68099369
68109001
68109290
68113255
68121803
68125876
68129134
68154582
68160262
68162864
68179029
68180273
68183555
68187166
68190015
68190159
68195902
68199998
68201910
68229415
68231446
68244810
68250126
68261743
68276015
68277688
68278775
68279579
68281044
68285225
68290653
68322012
68322715
68335731
68342182
68347253
68352180
68353490
68364807
68365864
68375815
68386750
68389522
68406091
68414457
68415559
68417169
68422674
68430169
68444292
68447251
68451406
68454987
68455604
68467685
68470458
68477453
68478433
68480342
68484758
68496410
68514360
68517321
68521508
68533065
68534339
68535978
68543834
68566787
68580004
68583368
68605582
68610380
68610874
68611263
68612072
68617747
68625833
68631094
68643242
68643357
68649382
68660510
68663138
68667844
68668585
68669748
68679599
68702591
68715503
68718045
68718068
68730062
68742117
68746713
68746760
68747826
68752326
68756400
68764719
68772905
68775958
68777482
68792421
68805828
68810139
68822400
68835605
68840638
68845470
68849006
68850061
68865252
68884540
68910053
68910458
68920105
68920766
68936560
68939107
68953385
68971288
68976706
68981446
68982189
68982897
68999634
69014199
69015857
69025397
69028819
69030042
69042935
69054492
69055673
69056268
69060103
69068234
69075643
69076874
69079408
69092925
69100055
69103442
69109064
69116730
69140376
69152826
69159160
69172423
69175584
69176369
69178502
69185953
69188500
69190117
69200070
69209056
69214058
69214690
69220629
69222934
69231482
69235154
69238449
69244084
69245377
69254650
69258541
69263673
69278370
69286064
69292533
69312036
69321433
69331869
69337564
69347010
69360810
69361494
69364285
69364704
69366278
69375826
69382751
69391699
69394397
69403699
69408320
69411579
69418928
69424464
69457566
69461462
69462770
69463007
69465512
69470456
69471004
69474129
69478308
69479124
69480756
69503765
69526134
69544977
69553552
69555613
69559125
69572011
69576162
69583235
69583518
69591458
69613751
69620151
69624839
69629782
69630102
69636444
69636754
69639095
69646305
69647821
69650549
69655949
69664597
69668427
69681198
69685359
69717881
69719193
69724352
69726145
69737219
69746858
69760275
69766483
69772185
69781089
69782993
69784776
69788839
69796544
69800459
69805864
69806494
69838171
69841128
69842692
69843847
69846430
69846551
69849997
69852783
69854716
69854758
69860524
69863772
69868827
69875791
69887002
69892965
69899967
69902627
69911138
69915783
69918834
69921968
69922295
69938252
69945915
69946500
69950430
69958640
69962727
69973024
69983666
69991294
69994227
69997610
70009911
70014253
70021257
70033011
70033777
70039359
70039415
70046524
70046918
70052687
70056874
70059157
70060278
70062622
70064581
70067558
70073820
70087534
70092956
70105152
70141521
70147201
70156365
70157429
70163616
70164713
70170879
70179417
70189280
70195337
70199009
70229806
70231785
70237000
70254715
70256142
70269370
70270238
70288438
70289421
70302477
70312885
70336158
70347892
70356737
70359700
70365992
70370987
70382975
70389133
70406652
70411774
70418753
70419812
70435285
70440929
70479234
70479247
70522842
70525457
70526131
70535481
70556161
70560075
70565441
70566009
70572737
70575220
70580492
70581565
70586388
70595109
70597409
70598281
70615510
70624925
70626248
70642377
70644525
70666326
70666974
70683093
70683946
70691873
70716089
70723794
70726251
70736182
70736863
70739531
70747437
70752745
70765224
70766001
70787435
70805107
70805128
70808299
70843875
70849181
70854104
70856196
70876007
70881893
70889661
70889840
70897923
70899725
70900285
70901415
70909037
70911011
70928142
70928419
70935971
70948528
70966447
70970634
70971911
70976437
70976918
70977419
70978470
70978959
70980142
70980917
70981689
71001725
71003037
71015241
71015975
71021041
71023001
71026564
71031847
71033785
71042642
71045187
71058032
71076122
71095429
71099740
71104070
71106634
71111693
71113080
71122311
71126048
71129902
71134610
71139303
71151421
71157595
71165313
71190579
71193968
71196160
71199828
71208865
71216068
71216075
71217807
71219471
71221094
71249824
71254772
71263116
71268015
71269367
71281814
71299483
71308020
71309350
71311470
71311871
71313060
71321357
71323111
71323643
71330108
71342500
71342854
71358236
71367915
71377871
71381812
71390595
71408303
71413438
71434577
71434673
71437408
71443750
71443831
71464757
71464799
71479039
71490853
71493331
71494917
71509209
71522225
71523277
71528394
71529438
71531117
71542148
71550608
71570653
71584986
71588357
71598183
71605207
71611425
71612096
71622499
71632032
71632922
71657952
71660357
71681099
71681742
71687927
71704805
71705750
71710345
71721643
71738932
71747472
71747717
71758148
71767883
71773363
71788153
71793840
71814512
71814909
71817656
71818728
71820125
71823703
71823767
71827912
71832462
71853355
71857414
71859103
71863559
71873448
71892748
71931510
71934485
71943176
71946291
71949395
71962770
71967936
71974499
71979901
71980611
71996213
72010729
72013097
72032405
72047137
72047202
72049529
72068388
72079591
72085033
72087734
72088982
72095209
72098500
72103174
72116191
72124415
72124636
72128463
72134993
72138499
72141010
72142434
72147679
72148059
72149000
72151223
72153239
72160020
72175994
72197443
72198628
72200530
72212283
72229754
72236447
72250311
72263141
72267614
72279272
72285754
72296664
72299349
72302641
72307341
72308557
72316478
72316595
72320844
72321638
72326747
72333041
72333194
72350348
72389528
72396950
72399024
72410534
72416266
72419953
72424100
72427922
72430498
72431149
72432111
72440899
72448281
72449951
72451012
72453327
72453931
72455150
72465108
72474404
72490923
72496300
72498094
72506640
72507083
72511324
72531885
72533411
72543516
72551268
72552674
72554009
72554833
72570583
72574523
72579759
72584493
72585793
72586364
72597841
72617614
72621264
72633611
72647825
72653781
72656365
72656822
72658295
72660804
72663715
72666185
72667914
72691211
72696421
72704754
72708655
72723860
72724483
72736450
72741047
72741161
72743531
72745914
72751928
72754876
72766543
72769134
72784169
72810292
72826365
72831103
72835163
72845740
72853080
72856288
72874348
72879691
72881461
72888983
72892162
72910521
72912011
72927814
72943705
72944508
72948370
72953196
72974769
72979720
72991819
72991842
72999831
73012935
73031776
73037463
73041222
73048613
73063960
73066694
73072526
73080681
73081189
73089631
73092206
73095017
73103928
73109039
73113846
73130316
73132510
73134676
73147178
73147565
73152874
73159863
73160377
73162671
73170976
73191089
73192028
73200684
73204485
73206259
73207954
73210616
73223752
73229124
73229643
73236188
73248872
73263560
73266433
73276663
73282128
73289995
73292161
73297261
73307623
73309654
73321528
73338626
73354125
73359661
73360744
73361559
73366187
73382712
73387958
73392543
73392983
73397097
73416153
73419958
73440069
73445411
73454434
73461744
73469431
73475952
73485837
73488629
73498730
73501112
73501455
73503373
73509112
73516529
73519591
73527883
73535226
73543906
73549740
73578788
73582001
73587196
73602250
73602758
73609215
73612033
73623085
73626516
73626850
73629101
73635775
73651482
73655947
73679575
73689964
73722244
73729583
73731817
73747513
73754344
73762897
73768107
73781134
73789114
73790121
73801230
73805849
73821555
73823281
73868474
73874784
73880788
73883279
73883339
73901426
73903086
73904944
73905465
73917671
73930529
73946319
73949735
73962492
73979083
74008469
74010655
74013383
74014256
74032141
74035015
74037143
74046596
74046945
74046992
74046999
74048317
74050983
74062483
74066746
74077091
74087367
74093572
74095750
74099171
74115746
74131634
74136972
74137337
74140975
74168997
74170020
74174898
74181029
74182794
74185901
74214653
74262306
74265258
74275446
74290752
74291944
74293721
74310846
74311538
74323399
74324153
74325662
74335247
74340887
74342276
74355036
74364061
74364075
74373785
74379636
74384968
74385663
74393056
74394423
74400216
74403040
74409478
74416476
74419258
74421612
74431092
74436798
74445445
74450111
74472399
74476930
74479541
74483755
74486057
74488055
74518527
74528115
74532952
74533544
74538584
74538838
74546501
74555286
74558203
74560843
74561214
74564501
74568669
74572808
74578236
74592934
74598771
74611456
74611793
74615693
74625116
74631066
74634000
74635267
74635271
74644285
74645309
74647305
74664347
74669178
74671801
74675146
74687456
74690328
74694506
74696536
74697008
74702226
74702677
74704073
74708971
74711895
74716977
74717564
74735002
74745311
74756898
74766494
74779223
74789835
74794825
74799137
74810241
74816939
74820932
74824443
74830056
74855779
74857357
74861622
74865141
74873991
74876167
74885276
74889288
74890069
74891807
74912283
74922087
74923036
74933707
74935639
74940148
74949351
74959057
74961492
74977128
74979254
74984179
74987081
74996250
74996314
