For an array with 100 items set in descending order, it took 8.2052E-5 seconds to sort the array using the merge sort algorithm.

Below is the array after having been sorted by the algorithm: 
1140728
2037882
2374644
2550757
2882699
3194026
3370770
3505327
3520574
3796721
4300958
5376858
6063649
6891781
7260714
7608607
7757103
8774786
9054583
9276953
9995958
10581284
11208054
12429637
13824641
13961050
14069476
14680454
14824391
15396102
16016161
16375803
17768426
19793251
20367160
22015738
22861973
23886376
24747879
24979100
26146880
26463663
27119244
28046607
28492734
29104844
29429208
30307984
30313056
30726176
31314161
31723077
31743176
32084484
33839618
34013223
34506534
35536973
37627094
38136063
39939763
40053708
41847975
42801305
44159916
45556382
48931555
49116583
49626268
51682265
52157151
52745513
53364705
53549851
54191081
54867813
55322850
55514270
57324589
57584435
58148279
58669957
59736699
60931901
61190621
61749092
62634714
63266094
64384180
65278367
65576848
66977656
67135514
67996832
70902984
71696040
71996483
72250253
74146585
74748095
