For an array with 100 items set in ascending order, it took 4.2302E-5 seconds to sort the array using the merge sort algorithm.

Below is the array after having been sorted by the algorithm: 
160586
1440663
1710830
1766419
1798406
1955566
2119992
3319094
3791982
7031747
7710660
7935926
8941547
9861366
10647995
11097956
11518045
11562303
11752948
12135433
12298406
13335550
14285957
14812227
16047826
16282947
17698435
17897372
18443543
19988408
20265003
22644208
22887840
23303996
23477950
26155504
26274894
28007391
28720064
29444544
31461216
31861075
32328658
33807557
35340962
35423012
35429773
37211904
37546910
40143906
41080630
41359165
41522082
42271501
42611021
45899851
45945431
48257744
48400354
49311116
49312147
49509558
50045223
50754339
51189109
52532915
53534161
53660695
54336285
54442351
55991630
56278804
56791818
57668347
57839515
58927058
59459882
60158359
60175557
61626873
62123927
62446613
62471614
63178425
63726525
64418899
64564193
66834511
68151749
68564146
68723674
69574237
69768669
69957085
71596832
71732744
72354900
72728437
73842859
74464780
