For an array with 10000 items set in ascending order, it took 0.067460314 seconds to sort the array using the merge sort algorithm.

Below is the array after having been sorted by the algorithm: 
5162
14107
34195
37840
38239
42414
43204
45729
64956
74925
77141
78861
86358
112421
116769
122027
126630
127440
131364
131910
147778
166077
170392
173371
174221
175785
182109
183975
198720
205020
208990
217807
227125
232462
238974
241507
241670
255489
262756
286874
290151
290946
297110
309324
314179
338148
342171
351235
354656
358679
371159
371254
376523
381381
384530
395583
400490
403502
405223
412942
424537
427537
427758
456674
457779
467286
481323
494629
494785
513824
515991
523001
525919
531692
544937
545535
551942
555413
560358
564473
566124
577357
584018
594251
595581
601376
611447
617921
664962
672781
673614
675336
679673
700218
703885
714303
729137
733426
740497
742907
773642
776215
776877
781265
783255
785152
794130
796646
797307
800439
804898
806188
819027
837480
845141
876896
882108
890819
893814
894770
904934
909274
910129
924634
949424
951703
952098
971900
1001651
1003994
1011870
1018522
1028285
1029743
1030040
1038609
1040825
1107425
1107894
1121605
1128405
1138043
1142768
1144884
1171787
1178975
1180420
1184534
1188544
1192163
1192668
1193392
1194717
1196559
1199628
1201392
1202946
1206656
1217923
1238398
1253369
1280736
1322180
1323555
1343097
1354758
1366473
1373957
1379273
1382122
1386266
1407560
1412013
1432285
1432632
1435598
1448718
1449303
1451172
1453770
1480392
1485898
1489627
1500839
1516339
1517984
1534175
1555442
1566971
1576290
1576714
1581141
1589870
1598574
1601762
1604426
1608183
1617378
1628035
1632552
1642879
1644805
1662628
1681476
1684355
1685380
1686537
1692124
1697923
1709398
1714432
1717210
1720273
1720924
1721675
1729297
1732873
1733972
1741279
1742987
1746672
1759429
1760591
1772532
1797164
1799328
1805658
1809476
1815040
1825143
1829091
1830879
1834153
1837392
1839706
1846374
1864904
1878252
1894000
1898477
1905483
1907139
1911200
1913425
1932950
1937537
1943451
1970224
1981594
1987126
1991994
1996762
2000768
2029574
2031919
2033687
2035465
2038302
2039116
2039447
2073931
2079659
2103387
2104448
2105193
2105386
2125854
2133368
2182740
2187674
2204618
2209188
2215234
2219857
2221118
2224026
2226401
2236595
2250483
2273002
2275138
2276900
2280668
2290928
2292622
2301589
2306217
2321063
2328566
2330292
2330400
2347178
2351423
2357094
2366204
2367005
2367541
2373963
2378854
2398186
2399144
2402459
2412225
2418143
2429755
2431588
2445187
2479575
2489916
2493868
2506802
2510403
2513127
2513976
2524198
2534552
2552032
2562217
2563384
2563731
2566234
2568854
2583569
2589104
2604902
2619132
2620798
2633247
2636304
2637071
2644868
2645027
2655464
2657456
2662314
2672965
2690326
2702304
2704064
2704617
2708469
2715994
2724893
2747539
2756677
2757189
2771724
2775888
2783202
2785861
2805127
2819757
2831703
2832316
2835917
2845330
2847711
2854871
2862002
2876038
2881704
2907795
2923729
2924407
2931822
2934762
2934830
2945000
2953669
2962464
2964484
2980536
2985774
2986867
2991791
3000866
3007380
3010991
3015047
3021099
3041269
3054410
3061538
3069517
3072477
3074607
3085215
3087760
3122972
3128363
3133087
3134979
3169878
3170950
3179381
3194950
3208663
3210085
3210815
3212537
3220931
3225254
3231315
3232850
3235157
3237533
3241753
3243946
3248878
3255512
3259956
3272506
3275532
3286553
3308580
3308580
3311156
3311713
3315832
3335581
3365726
3369608
3379752
3381083
3385306
3402095
3404650
3414839
3422018
3428363
3431393
3440150
3467991
3476613
3477349
3488328
3489206
3513996
3516391
3519832
3522311
3565868
3572222
3573219
3578519
3586556
3595477
3603028
3611991
3612215
3618014
3635970
3636521
3651133
3655539
3662718
3674194
3682809
3689868
3697721
3699584
3700416
3718070
3722092
3725148
3726812
3727221
3730100
3736415
3740810
3743681
3781924
3842117
3845183
3852178
3873373
3873908
3878027
3885525
3890138
3892932
3893116
3899519
3905064
3928944
3943471
3947483
3952335
3962527
3964789
3978251
3981753
3983187
3985644
3990300
3997733
4019989
4020544
4040623
4056063
4057167
4065039
4066227
4073544
4076630
4079042
4085765
4104676
4108420
4110261
4117283
4117533
4187094
4190582
4204023
4205685
4238663
4238948
4240770
4250648
4254685
4261260
4265879
4267422
4269252
4281549
4283627
4285102
4285817
4287238
4291119
4294250
4335653
4345239
4345740
4345967
4349709
4353747
4363024
4363809
4366354
4368081
4381899
4408819
4410088
4420611
4441638
4465659
4469510
4472173
4473530
4473743
4481788
4485133
4488516
4496596
4507974
4511732
4525953
4527162
4528879
4537685
4550133
4554955
4578271
4588526
4591403
4597904
4597990
4626934
4629749
4633914
4657177
4665106
4666524
4669736
4680684
4681234
4689559
4693852
4703151
4706316
4707282
4741003
4749417
4753665
4766572
4767234
4771134
4783081
4783270
4796967
4805216
4806823
4807329
4815562
4817189
4820237
4821032
4834930
4845853
4876047
4879454
4890010
4890300
4890737
4903212
4917255
4917814
4931043
4935877
4949310
4949716
4949794
4952321
4957177
4963525
4964380
4968177
4973035
4979023
4983810
4987650
5003166
5015294
5020815
5021472
5023811
5035354
5038107
5041857
5044036
5045235
5050574
5050607
5065353
5070930
5075265
5075439
5082179
5086813
5093825
5110802
5119193
5125467
5127622
5133347
5148455
5149469
5151400
5154776
5163130
5163262
5165913
5166099
5178982
5200982
5202813
5212764
5221537
5229336
5229696
5231488
5236497
5241173
5243138
5252689
5261294
5266546
5271223
5275105
5277545
5281963
5286644
5293396
5296224
5298557
5300199
5311117
5316508
5316708
5321837
5322665
5323305
5332591
5344465
5361150
5366301
5366869
5368010
5369798
5369938
5371199
5378297
5380421
5386304
5397800
5409652
5417423
5422712
5426881
5429321
5439122
5472233
5474593
5475202
5483504
5486659
5491507
5499628
5538680
5555487
5558042
5562947
5564214
5575461
5575859
5585123
5592624
5593239
5607838
5608600
5609052
5613532
5621901
5653705
5668207
5677171
5678736
5694535
5704818
5714935
5716472
5720448
5726475
5749705
5751365
5774928
5781001
5783826
5785430
5786687
5791875
5806521
5806865
5807782
5807820
5822451
5829161
5834648
5852340
5852421
5858878
5860079
5864024
5876845
5882352
5886182
5892036
5895291
5901641
5902155
5911858
5915901
5921189
5929706
5939648
5968326
5968533
5970455
5973006
5981601
5998094
6002269
6008236
6010342
6026880
6035530
6035875
6039004
6047879
6050910
6053078
6059381
6062710
6066096
6067451
6070438
6092224
6098878
6099102
6100284
6110872
6135043
6139848
6152199
6168329
6187105
6208883
6220660
6228858
6231602
6234792
6277291
6299259
6318618
6319735
6331549
6335102
6337394
6346524
6354473
6369950
6382370
6396770
6407251
6429522
6430465
6436728
6440369
6464371
6481848
6483311
6490706
6490759
6495031
6496100
6498447
6512364
6521629
6527412
6530220
6536486
6554679
6590549
6593920
6597551
6612559
6617185
6629746
6642844
6662208
6663996
6695532
6697277
6699472
6700676
6706751
6723381
6725101
6729200
6734619
6743714
6749603
6759320
6763538
6764052
6775014
6778866
6785001
6801375
6803525
6805357
6808944
6812580
6816322
6838078
6840205
6852090
6855495
6858609
6867283
6869096
6876893
6882144
6885337
6890151
6909405
6909926
6916133
6917254
6934113
6945441
6950341
6953948
6962139
6983477
6985431
7005136
7006025
7024679
7025984
7044523
7057653
7067098
7080354
7090700
7094114
7116156
7119305
7129447
7131846
7132516
7139376
7140696
7141436
7143249
7151746
7157625
7160362
7169081
7193604
7198043
7200242
7200999
7204295
7206063
7209388
7210719
7211689
7211962
7222412
7223173
7225887
7255761
7265323
7270093
7270154
7272583
7281570
7286052
7286834
7294600
7298022
7300240
7303772
7311257
7318046
7324800
7336264
7344432
7345784
7352103
7360574
7362803
7363702
7366568
7367242
7370541
7377967
7388559
7389908
7394242
7394793
7401812
7413867
7418472
7419684
7421312
7431742
7445046
7465637
7470603
7492776
7496334
7496891
7497503
7507977
7512342
7530678
7533556
7537944
7541592
7544561
7544725
7550981
7551021
7552631
7553516
7559276
7569482
7572821
7602476
7606839
7610107
7611421
7616000
7617587
7624909
7647757
7660552
7662454
7693675
7694949
7696021
7713270
7715003
7738306
7739005
7742740
7771472
7791009
7801061
7805972
7822538
7838112
7841186
7841436
7843515
7854038
7861281
7863774
7869980
7888909
7905460
7907401
7911376
7913402
7919628
7927522
7939886
7940146
7947370
7950577
7952109
7962984
7963566
7964558
7988920
8013726
8021720
8027067
8047327
8050373
8071109
8092416
8101842
8145143
8153975
8164440
8166733
8168100
8168668
8169893
8173646
8176955
8183209
8188385
8194146
8197189
8207060
8210772
8215360
8233349
8253081
8258103
8270286
8271217
8279506
8282514
8285786
8296550
8308906
8309712
8311925
8314163
8320128
8326129
8335262
8345847
8353709
8355573
8373776
8379776
8387318
8394113
8397682
8417673
8420158
8432864
8437013
8440218
8444736
8465756
8483798
8492897
8500684
8510736
8521564
8539464
8550186
8551381
8552989
8554437
8560780
8575199
8581579
8581656
8582949
8610511
8617083
8622834
8628907
8631782
8636416
8641609
8646911
8654199
8656101
8667064
8667180
8667339
8668469
8672289
8681937
8692828
8696797
8701507
8702900
8719316
8719770
8721161
8725497
8730584
8736170
8745284
8746558
8754195
8756287
8759453
8769053
8780324
8781991
8788627
8792897
8794846
8802876
8802998
8804040
8804109
8804506
8808986
8815176
8815621
8828791
8831752
8866802
8867879
8867950
8885363
8890814
8892893
8900315
8903932
8918212
8929913
8930716
8931590
8974591
8976575
8982254
8985022
8990638
8991344
8991356
8993869
8999827
9000387
9002449
9006445
9017494
9040139
9046903
9053203
9066210
9073905
9079653
9085527
9094334
9114968
9120718
9123816
9124179
9127814
9138941
9139244
9149148
9151730
9162167
9172222
9172442
9180590
9181779
9181985
9184707
9194405
9198032
9204637
9208995
9226611
9238338
9244386
9249948
9263092
9268809
9299429
9304126
9313574
9320568
9326029
9330275
9330775
9335410
9336219
9337996
9361151
9371875
9384458
9387420
9387644
9388474
9388802
9388822
9391523
9414674
9416925
9429554
9434792
9466431
9469226
9472320
9494858
9497104
9503614
9511715
9525874
9527294
9531475
9532520
9533097
9535622
9538145
9541945
9545958
9559914
9570482
9573111
9574071
9598600
9608012
9619462
9625834
9636025
9651263
9663031
9667097
9667657
9668955
9685705
9686583
9689642
9697975
9699550
9713809
9717893
9719600
9724886
9731534
9749729
9752808
9781227
9788636
9790774
9804740
9807382
9824443
9833448
9837738
9856536
9887316
9904610
9911819
9913523
9923855
9924971
9931191
9935557
9949712
9950520
9954611
9955775
9960901
9963139
9964136
9971221
9972585
10001265
10001789
10011016
10020742
10029756
10039352
10039857
10044603
10063696
10075207
10076238
10076766
10077607
10086773
10099581
10106730
10108943
10122779
10124706
10126502
10135656
10146070
10149464
10171781
10178268
10178897
10180432
10184859
10197429
10206150
10213734
10214591
10220907
10248735
10250497
10255217
10260419
10260815
10267492
10273363
10275184
10304940
10308315
10314385
10316471
10322827
10323325
10331234
10337000
10348658
10349466
10355621
10360437
10361594
10375691
10400409
10410268
10411058
10419089
10422771
10424912
10428016
10429985
10431011
10432341
10435517
10436589
10442023
10444706
10448474
10450023
10454194
10454716
10455020
10474615
10477485
10488683
10496669
10499820
10499956
10517003
10531831
10536531
10548501
10554559
10557822
10557877
10560873
10578438
10579097
10586660
10591772
10595305
10605557
10606416
10610896
10614577
10620099
10620336
10629361
10634939
10655685
10661870
10665998
10668992
10670265
10682181
10682198
10684416
10685180
10709276
10709969
10710843
10722211
10722519
10728878
10728978
10730134
10732504
10734840
10747296
10750753
10759789
10761959
10788183
10789401
10794048
10799929
10810640
10815817
10816463
10816604
10824335
10845303
10846330
10853991
10862032
10869490
10890361
10894470
10900142
10920705
10928778
10936676
10936679
10938187
10945786
10946255
10953637
10959510
10963995
10967494
10968317
10982200
10983740
11021701
11025677
11029442
11040279
11051269
11065842
11078018
11095857
11103565
11117314
11125474
11135422
11136160
11158142
11159885
11170748
11180282
11183330
11186167
11207723
11212724
11227344
11232993
11240542
11241559
11242631
11245432
11261433
11271485
11275053
11283267
11289486
11290889
11295579
11297121
11304992
11323362
11326162
11335626
11337086
11343424
11345092
11346893
11357551
11365767
11375547
11382122
11389854
11393532
11405184
11413914
11423549
11424964
11445816
11454332
11464491
11490374
11490536
11499185
11509137
11512574
11513083
11515936
11530909
11534303
11537148
11541071
11558176
11562442
11563244
11564074
11571897
11580190
11592548
11597876
11603749
11604220
11607447
11619132
11633351
11645567
11647274
11648703
11663232
11679223
11690576
11698868
11710776
11721529
11725899
11730595
11742429
11745278
11751938
11760387
11771743
11801906
11803710
11821120
11826211
11828992
11830946
11832728
11849727
11873819
11888296
11894251
11894810
11915865
11923666
11969310
11971118
11975765
12017243
12026584
12035977
12036745
12039067
12048918
12049957
12071639
12076386
12084412
12126999
12149762
12152394
12160505
12167458
12168808
12168883
12168921
12190943
12195802
12196970
12199094
12199976
12204346
12214740
12217535
12225429
12247735
12252781
12253148
12281029
12285121
12300366
12301840
12304026
12305619
12307516
12309366
12312942
12334389
12338132
12353469
12355343
12355550
12359138
12359274
12360180
12364099
12372800
12388988
12390053
12407489
12414301
12415012
12419859
12423818
12423914
12427841
12428049
12429178
12449815
12452362
12452603
12457920
12460371
12476235
12499938
12501338
12516266
12525955
12528804
12530112
12559318
12574699
12592402
12596907
12600311
12616648
12617492
12621549
12632963
12633627
12639247
12648776
12650722
12661511
12664823
12670286
12679204
12686309
12687107
12690786
12691699
12692747
12699041
12700174
12701006
12709643
12714366
12720499
12723376
12729323
12741676
12751569
12752248
12762263
12770473
12772355
12774911
12778878
12788343
12788941
12790861
12799331
12800573
12827927
12838854
12839797
12851648
12854917
12868102
12875618
12881622
12885069
12889433
12903319
12921021
12928017
12932478
12934736
12942461
12949599
12953565
12954387
12976639
12979684
12982472
12984451
13000829
13002682
13004737
13011942
13017977
13037862
13041650
13052250
13052448
13062053
13066905
13080265
13087985
13091762
13093949
13096547
13110094
13111323
13116236
13126085
13133283
13152687
13153480
13160583
13161239
13161667
13173719
13179516
13185079
13185508
13186269
13190467
13190796
13195418
13197062
13198001
13200825
13227406
13238556
13238973
13262582
13268485
13273392
13274215
13281000
13295473
13297721
13309517
13309633
13318160
13319033
13320594
13335661
13337297
13348363
13350558
13352368
13352998
13356293
13363862
13367722
13378076
13398302
13400444
13427040
13433034
13443327
13444139
13475666
13480295
13491030
13495100
13503963
13504527
13517070
13530407
13549196
13552491
13566101
13567283
13572690
13592248
13596208
13600853
13604179
13605083
13608307
13613107
13625010
13626022
13642372
13648158
13657136
13659436
13686815
13703733
13708799
13711443
13733569
13737229
13742133
13750808
13752854
13755432
13767356
13777643
13809543
13810002
13815092
13822181
13825326
13830730
13844689
13846397
13850808
13856814
13861513
13867376
13872956
13878187
13881108
13892435
13894736
13894764
13933801
13937648
13947871
13949089
13949305
13949415
13974650
13975213
13977116
13983541
13984754
13990261
13996041
14008138
14008271
14009484
14020593
14030788
14036925
14046234
14060392
14064852
14068377
14068862
14071485
14082490
14089603
14090225
14111995
14119138
14138538
14141674
14146603
14154571
14157697
14163527
14163602
14174267
14174857
14188674
14222401
14227953
14230152
14230873
14233202
14234379
14240295
14260338
14280536
14300011
14326469
14327447
14375204
14384351
14387842
14395048
14397854
14401656
14401997
14407901
14408471
14410443
14415570
14422436
14424598
14426933
14429682
14435775
14439538
14448587
14451313
14455498
14456088
14464448
14465921
14477431
14480051
14493918
14493930
14518524
14531984
14537759
14541366
14558671
14567382
14574145
14585926
14592750
14595859
14597464
14599680
14603565
14605574
14608124
14620725
14620906
14622856
14625983
14630284
14636188
14647020
14647426
14662382
14665090
14667145
14669444
14682844
14692587
14699628
14709478
14711172
14726928
14741537
14742760
14747454
14747702
14758882
14760612
14764915
14768618
14769286
14772871
14773914
14777323
14779390
14781688
14788624
14810447
14853190
14868263
14879850
14881119
14888480
14893322
14908075
14908319
14912136
14912139
14915804
14922032
14922970
14925079
14927046
14932592
14941851
14946744
14948877
14960494
14963087
14972372
14975215
14981057
14981474
14987216
14993581
14996285
14999015
15016983
15017342
15036219
15036687
15045790
15050464
15057381
15061573
15062441
15096966
15103115
15111282
15123361
15128261
15128804
15136043
15136380
15147113
15165735
15167181
15172865
15193092
15194887
15205380
15213488
15231704
15232527
15242083
15254636
15259673
15265096
15265334
15281377
15289408
15323172
15327980
15328423
15341890
15353098
15354907
15357145
15358284
15369432
15390767
15398327
15403643
15406122
15409496
15419668
15434346
15435018
15443693
15445820
15458566
15473808
15475124
15478542
15483114
15497230
15504510
15521140
15525664
15528954
15541314
15541601
15550397
15553586
15564844
15565004
15567570
15580185
15582110
15589728
15596935
15598695
15620101
15627732
15630702
15633516
15656110
15675181
15688595
15689750
15694300
15701732
15703294
15703702
15703779
15706600
15707607
15719721
15730891
15732811
15748057
15748612
15761957
15768530
15776026
15778623
15797694
15805655
15809076
15819577
15821706
15825138
15838683
15851673
15854713
15856084
15863669
15867468
15876959
15906081
15919975
15920389
15921155
15923365
15926545
15936055
15943029
15953583
15954217
15972998
15974645
15976897
15980022
16021687
16024267
16028296
16039086
16054731
16064226
16078627
16086073
16096463
16099091
16110652
16126611
16135849
16140413
16169628
16171875
16177916
16182069
16202663
16205166
16205619
16205745
16210867
16226881
16242704
16246542
16249244
16249374
16261044
16269209
16278718
16278966
16285478
16291939
16292303
16312290
16314200
16316408
16318358
16321074
16327301
16328114
16332517
16339426
16340880
16344261
16357541
16366155
16367059
16401158
16406468
16406885
16415829
16419956
16420058
16430039
16446637
16449167
16452459
16462083
16467330
16467634
16472943
16496407
16498715
16504251
16510260
16511342
16521342
16524062
16524066
16539173
16540656
16556986
16558141
16572227
16572912
16573015
16573135
16573602
16577960
16585716
16586806
16590990
16597360
16605533
16621780
16633858
16637535
16648178
16684423
16688097
16709903
16711750
16712695
16727688
16728622
16733054
16740891
16746305
16749885
16760051
16766941
16769515
16781501
16789029
16790601
16792977
16796154
16799176
16804725
16823357
16824353
16830378
16832029
16834790
16844766
16850735
16851769
16856682
16858868
16862196
16862341
16865331
16866685
16870432
16871896
16884825
16893041
16904660
16917074
16920422
16929695
16936939
16943678
16975682
16980723
16982951
16997506
17009891
17012643
17017360
17031950
17039838
17045023
17058340
17077845
17086612
17092976
17097964
17098668
17099641
17103134
17115731
17118090
17122992
17125420
17134132
17153682
17160904
17171225
17193943
17214537
17217281
17219657
17225106
17230076
17232095
17232148
17238049
17238319
17241864
17264214
17268071
17282710
17288553
17292410
17295480
17299636
17303311
17310670
17310851
17311312
17321515
17324577
17332686
17352890
17367836
17375976
17383018
17389413
17421815
17430560
17434882
17470285
17474577
17508409
17517869
17523489
17537833
17543313
17562188
17563101
17570354
17591395
17595704
17599688
17605662
17611018
17623327
17627825
17637915
17638483
17640442
17641598
17656540
17660628
17666199
17702785
17710460
17714442
17717294
17722405
17732543
17734156
17755885
17767626
17787666
17793027
17803155
17814723
17816869
17821728
17837784
17838152
17850531
17863598
17864701
17868688
17870749
17871734
17892488
17897593
17905266
17914179
17917153
17924287
17934237
17938313
17954084
17963243
17964934
17967491
17991497
17993565
17996417
17996808
18021070
18023549
18028101
18030822
18041713
18042475
18046710
18047033
18055597
18061971
18064005
18069050
18072207
18078128
18102497
18141178
18145575
18147201
18152873
18153327
18155509
18168341
18182179
18195713
18222064
18231082
18233289
18242976
18244174
18246858
18252010
18262373
18274853
18287106
18287342
18288261
18293825
18296299
18312184
18316081
18317416
18325857
18327419
18336445
18344395
18346149
18350557
18363518
18382801
18393819
18410181
18412760
18421466
18437728
18450084
18451714
18468628
18475447
18477402
18478211
18480297
18493495
18493576
18496159
18503357
18508588
18521906
18525536
18525979
18534599
18555124
18556682
18557773
18561179
18563510
18565572
18571587
18585655
18591335
18591767
18592940
18593295
18598566
18612376
18613474
18614094
18617109
18629419
18634799
18636218
18647036
18650581
18652965
18660462
18674489
18674673
18675532
18678419
18693861
18710026
18714645
18718574
18724212
18731390
18747921
18761660
18782694
18790882
18791163
18800376
18811243
18815332
18818161
18822704
18836655
18840572
18854854
18857660
18858945
18868248
18874928
18876531
18904910
18917303
18922960
18932820
18946870
18949910
18965099
18972989
18975913
18992735
18996706
18996780
19000949
19002134
19007082
19008990
19009154
19022128
19036729
19048104
19049664
19053582
19064549
19077976
19089572
19090233
19107350
19113127
19115451
19127480
19130613
19142742
19157000
19158141
19188506
19195627
19196114
19200103
19205792
19222102
19237668
19248139
19253068
19264587
19265466
19272673
19278958
19283575
19289999
19298643
19301573
19301620
19314903
19315303
19324853
19327939
19340332
19342193
19342618
19361971
19363416
19369003
19376229
19376300
19381499
19382505
19405093
19405130
19405939
19405946
19425369
19425948
19429125
19432357
19436547
19451704
19460735
19476673
19482559
19495172
19497170
19497996
19499863
19500869
19507109
19512800
19518518
19524464
19524714
19529572
19539948
19543666
19545513
19546028
19547122
19547675
19550570
19555465
19556761
19561126
19579880
19589191
19595320
19601393
19602732
19622381
19632683
19635158
19637414
19646819
19650388
19651557
19657087
19670132
19705172
19706779
19708650
19719790
19725432
19744405
19746604
19751976
19756043
19757930
19759768
19789406
19809041
19811123
19813930
19816527
19822390
19825955
19835744
19840399
19840414
19860577
19871103
19897920
19912400
19921949
19924573
19924875
19933335
19935280
19936707
19942765
19952777
19956660
19959868
19959978
19962585
19965190
19965814
19967594
20008985
20012284
20028246
20029634
20032203
20047259
20052451
20056166
20060073
20083196
20085999
20086302
20091739
20093215
20112008
20119811
20124307
20179306
20182813
20193324
20200601
20201321
20213988
20218053
20229739
20232261
20234457
20234764
20238905
20241171
20246496
20254135
20257182
20259904
20262569
20272472
20273920
20280452
20289540
20289564
20294263
20294276
20294910
20300714
20305867
20313513
20318360
20318694
20323147
20324534
20332263
20349747
20351008
20359645
20363459
20390104
20395130
20398671
20400209
20405206
20406142
20419331
20419409
20443827
20445150
20446733
20447062
20452999
20464498
20465036
20466581
20470895
20483108
20491181
20500035
20501480
20504126
20506619
20523114
20523703
20542436
20549195
20564299
20566225
20579624
20585243
20588406
20596818
20602825
20603195
20609505
20610533
20635561
20637762
20641554
20658674
20663749
20684513
20684845
20689384
20695533
20700935
20704686
20717260
20728689
20738425
20746916
20761045
20763827
20768491
20778792
20797825
20803847
20821417
20823456
20828476
20837990
20842774
20852232
20854406
20859987
20864809
20867666
20871875
20874899
20877149
20883494
20885614
20889520
20892975
20906781
20911362
20913657
20914471
20916651
20923180
20930263
20939708
20947697
20949457
20952318
20953489
21004307
21011892
21017543
21039451
21049545
21050169
21050964
21051559
21059174
21060341
21063283
21065064
21066276
21068680
21077369
21077386
21089173
21091696
21104691
21106587
21122453
21126907
21141722
21146726
21158051
21163378
21168304
21173284
21177658
21181876
21198255
21203495
21204432
21212252
21214646
21219579
21232267
21237897
21256040
21256563
21265222
21267647
21272405
21276923
21283379
21286397
21290497
21305742
21308976
21321579
21342417
21359253
21361952
21370226
21371470
21373609
21388428
21389466
21392538
21393582
21396387
21412687
21416939
21430756
21460028
21464381
21469325
21472601
21483455
21483707
21492214
21495111
21501639
21502837
21506801
21507190
21526267
21536029
21542572
21545718
21545736
21554995
21561260
21565773
21566083
21571865
21604308
21607103
21618944
21622815
21629764
21641920
21648593
21649124
21649278
21662471
21663062
21674387
21682757
21690011
21719893
21731577
21733061
21733856
21735818
21738346
21749810
21751764
21753786
21758950
21761881
21770505
21792414
21793410
21797387
21797977
21824598
21827717
21837061
21860342
21878081
21883103
21886077
21887185
21897191
21899287
21900783
21918080
21923654
21924163
21929404
21929738
21929956
21931874
21933183
21951565
21973764
21974755
21985163
22005531
22011274
22014592
22015001
22025415
22028330
22030815
22055003
22056698
22057075
22059046
22061517
22065557
22082970
22096272
22108063
22122805
22128721
22130163
22142287
22153571
22160368
22162857
22162934
22169148
22170184
22172870
22180589
22195739
22199051
22199392
22207790
22210194
22217328
22226605
22234214
22241791
22247428
22252644
22253141
22259652
22273565
22277529
22281844
22282978
22285355
22290262
22296481
22300157
22305922
22312238
22321147
22330532
22332170
22333202
22350252
22354918
22364281
22365980
22376495
22380043
22384725
22384807
22387253
22405085
22408993
22410942
22422679
22428889
22430694
22440572
22441241
22441666
22451529
22485561
22486061
22489271
22490114
22491061
22499180
22511222
22515046
22523478
22531570
22534458
22560378
22568629
22569179
22580577
22596930
22621005
22628950
22629541
22631304
22638409
22640696
22647349
22650847
22652583
22656974
22662532
22686729
22694347
22696261
22701027
22711927
22732348
22737029
22767236
22771859
22773054
22776805
22781350
22781965
22790256
22794286
22798213
22799613
22808200
22813372
22814131
22821069
22822872
22831087
22832095
22841824
22859024
22859966
22887033
22892251
22895594
22896054
22901856
22903989
22917913
22923179
22942268
22945035
22952686
22955282
22956236
22962431
22963714
22971189
22971372
22973580
22980232
22985862
22988917
22992164
22997485
23006330
23011553
23012926
23013603
23025318
23031096
23041625
23044087
23046193
23047650
23055137
23058931
23063289
23072803
23077855
23094519
23097086
23099485
23103311
23103557
23107015
23115367
23122741
23131926
23137026
23138479
23166298
23166722
23167573
23168301
23177175
23183751
23185292
23192036
23192499
23202529
23212678
23225712
23229241
23242905
23244462
23244841
23253210
23259485
23261307
23262043
23266621
23272857
23283433
23285611
23292169
23301306
23308822
23309848
23310877
23320380
23323730
23324448
23326211
23329963
23356937
23368234
23375838
23390793
23392185
23403470
23404892
23432331
23432909
23434910
23448142
23478470
23480725
23491694
23492401
23506798
23510701
23511057
23513758
23521837
23522755
23523639
23529256
23559118
23562915
23570920
23590601
23598355
23617478
23627236
23644579
23673218
23674178
23677419
23678528
23682087
23688329
23690244
23694368
23698349
23706696
23708375
23710870
23713109
23717979
23730308
23738667
23748020
23776767
23777738
23783011
23785365
23787649
23802644
23804401
23815994
23820352
23822876
23824390
23824531
23825482
23825742
23833400
23841045
23841419
23845249
23847462
23850297
23865511
23869468
23870758
23872221
23881205
23904283
23924900
23925906
23929891
23930348
23932450
23946953
23956860
23967759
23968720
23970258
23972485
23972779
23979806
23980018
23985950
23997130
24016564
24031404
24032165
24035811
24053509
24064636
24065342
24072245
24075829
24089983
24090491
24091439
24091676
24092151
24095627
24098395
24114954
24121664
24128008
24139168
24140747
24148551
24162736
24167860
24171341
24175885
24178680
24190219
24190902
24191163
24212604
24213517
24216974
24218777
24219233
24221280
24229150
24243611
24245036
24249687
24274339
24289749
24292923
24297154
24303981
24326377
24336960
24342265
24344222
24347733
24347777
24349255
24359980
24367176
24379383
24385641
24393257
24398979
24414037
24418991
24433058
24447328
24449546
24453303
24455727
24457118
24464820
24467461
24477560
24483242
24487259
24487308
24502723
24505600
24509911
24516622
24523367
24523384
24532517
24536683
24541049
24543683
24547963
24568993
24574649
24579745
24587610
24588180
24605459
24606573
24614481
24639581
24642576
24643211
24647782
24651106
24669721
24672873
24679332
24682173
24685707
24689898
24703035
24707078
24709314
24712483
24715197
24719067
24721312
24726525
24743199
24759003
24773929
24775687
24778361
24787102
24790617
24798249
24799676
24801550
24809924
24823427
24823689
24839189
24840000
24840737
24853621
24858684
24865911
24866811
24875643
24891778
24922715
24952322
24957554
24960673
24969379
24973015
24980205
24982023
25008420
25016080
25016483
25020619
25039278
25056567
25060365
25065514
25068250
25074913
25081991
25085530
25090649
25091213
25093636
25096566
25106110
25119965
25132484
25166998
25170514
25179304
25184908
25193422
25196249
25197516
25200189
25206971
25211027
25211199
25223833
25224954
25233170
25242997
25260019
25266128
25273045
25277217
25279742
25305849
25308186
25309371
25309985
25311398
25316036
25321136
25325177
25330538
25332762
25335100
25335965
25341618
25359624
25367274
25367700
25381709
25383109
25384946
25402773
25406694
25414271
25414996
25418866
25421478
25433389
25447334
25449020
25454277
25454846
25460066
25476020
25485765
25487250
25488887
25489436
25494669
25505887
25508979
25513078
25513750
25514384
25516132
25520968
25526330
25528216
25530973
25531709
25536968
25551020
25554295
25554971
25560685
25575127
25585874
25588981
25594061
25599711
25601011
25601065
25603074
25621661
25630184
25630313
25636689
25639579
25646522
25652935
25658949
25659050
25669495
25669829
25672026
25698240
25700335
25734779
25739539
25754539
25758114
25777937
25780552
25780813
25789217
25789646
25793091
25794664
25796400
25802023
25802730
25811254
25811792
25815369
25816677
25824809
25830642
25831091
25854475
25857029
25877194
25879503
25902528
25914369
25916280
25924559
25924812
25927908
25930230
25931117
25931931
25937919
25960509
25966322
25970766
25986270
26007921
26015404
26024786
26029622
26050344
26052302
26058826
26063186
26066330
26069886
26070606
26072533
26094895
26101231
26106428
26106953
26125277
26128103
26165476
26166529
26172184
26172197
26178540
26197201
26210350
26215305
26240876
26241510
26245496
26255558
26273394
26277848
26284110
26295811
26298331
26313976
26314746
26321924
26332119
26340011
26347359
26356795
26359038
26362537
26365292
26365311
26365514
26366498
26369920
26393060
26393358
26398147
26399996
26418172
26420186
26423356
26425844
26427639
26432591
26434702
26445725
26445745
26449881
26476907
26477752
26478076
26482314
26482729
26493105
26495406
26502655
26502749
26510850
26512891
26520902
26540366
26557805
26569536
26574856
26580629
26587175
26588088
26591150
26601765
26604989
26618078
26620825
26626702
26644392
26651908
26656500
26658805
26668582
26686782
26687782
26704586
26709864
26741651
26761508
26765449
26766345
26768969
26788529
26792442
26804805
26807179
26809169
26815063
26822242
26824406
26828786
26833430
26836842
26861387
26879962
26882591
26888326
26888649
26891743
26897249
26899465
26905993
26945560
26957867
26977942
26979984
26981703
26999438
27020040
27029593
27053498
27053855
27057353
27062158
27062754
27068917
27083107
27090617
27102939
27107681
27108856
27115039
27116306
27124205
27145747
27147845
27148180
27156415
27162780
27163790
27175115
27178046
27180213
27194510
27194583
27201658
27207431
27219045
27223765
27230244
27238219
27245949
27254146
27262756
27264965
27273243
27278752
27279037
27279119
27287370
27300934
27311052
27315978
27336982
27341452
27350742
27357505
27358750
27361718
27365747
27377340
27379802
27389788
27414534
27416231
27428628
27428638
27480634
27481296
27481398
27494672
27501498
27516075
27519490
27536440
27540718
27551057
27556115
27563367
27564651
27572258
27576334
27584283
27586235
27590290
27599396
27603131
27603985
27606972
27615490
27634025
27636728
27639278
27639824
27646009
27666252
27676834
27677707
27694555
27703875
27706736
27713441
27719054
27735670
27744177
27746732
27751662
27758533
27768118
27772438
27790207
27791209
27810097
27819200
27828743
27836602
27843670
27857550
27873852
27882321
27895870
27896818
27902938
27907507
27916625
27929827
27942691
27952182
27962835
27970848
27974361
27984104
27996823
28006316
28007641
28015451
28025110
28025640
28029677
28064129
28072850
28075005
28075808
28090633
28090913
28094247
28103302
28104743
28109020
28119575
28126939
28134839
28150447
28159308
28164633
28177327
28182262
28188089
28193411
28193412
28214590
28217577
28225581
28232684
28238951
28251776
28253078
28256621
28262314
28265784
28297448
28300333
28307984
28318149
28318525
28359000
28369868
28401561
28412503
28413435
28414305
28416010
28418297
28430274
28432125
28433878
28436807
28462055
28472532
28477495
28481941
28488016
28495981
28501090
28509085
28509938
28514518
28514803
28517626
28521622
28525156
28533437
28535515
28551508
28556450
28565446
28591774
28597935
28611384
28616100
28616409
28618729
28629295
28633048
28645264
28651919
28661199
28676176
28677761
28681122
28681716
28687679
28698865
28699401
28700346
28709226
28726611
28729026
28730504
28733673
28737025
28748758
28754710
28756768
28766213
28774228
28774319
28788724
28788908
28797692
28798069
28799752
28800258
28812665
28828164
28828524
28833395
28836571
28838103
28856234
28857311
28875053
28875917
28893872
28899626
28906394
28913613
28920383
28929243
28931742
28940132
28940283
28951329
28955255
28970164
28971981
28972356
28975292
28979802
28989524
28991258
28998289
29004934
29009728
29025881
29028579
29051460
29056663
29058008
29071125
29099329
29108867
29120724
29131736
29132426
29132593
29136555
29137582
29140229
29149802
29149814
29152234
29165642
29170925
29177522
29183391
29184053
29187751
29200340
29213149
29228497
29235868
29238953
29242530
29248522
29251163
29264080
29264742
29270351
29279591
29292333
29324549
29327861
29339487
29349741
29354328
29362955
29372035
29386005
29389160
29395096
29395623
29399479
29400541
29401388
29411378
29412526
29419938
29434481
29439525
29451757
29453556
29458216
29490613
29495271
29505564
29510672
29515284
29557234
29558872
29563141
29572699
29573339
29589654
29595587
29608266
29615910
29632508
29633535
29639086
29651726
29665897
29668752
29669972
29680421
29690054
29697566
29729402
29729528
29730608
29732990
29744433
29750576
29751657
29791097
29818182
29835415
29847989
29868055
29871590
29879146
29889252
29900051
29909268
29933997
29941273
29948529
29959367
29964154
29991450
29991453
30004236
30017095
30024061
30024901
30034974
30045359
30056573
30060707
30061352
30066629
30078672
30083136
30087310
30089665
30100506
30110915
30111526
30119164
30147280
30163183
30188199
30193981
30196392
30199134
30201798
30249704
30254273
30270403
30280267
30280681
30297469
30313176
30319973
30322027
30322821
30323159
30335388
30344124
30344148
30349652
30380453
30384207
30390632
30402388
30402630
30405064
30418255
30418937
30427110
30427234
30429983
30441883
30442453
30444172
30444222
30446293
30455420
30465434
30467100
30472910
30484909
30487110
30487787
30499790
30500515
30501769
30503306
30508390
30509624
30510960
30511650
30513071
30517295
30520334
30526195
30531559
30544257
30561610
30571285
30594342
30611643
30626624
30627901
30637500
30639934
30655662
30657871
30659933
30669016
30672327
30676891
30680339
30682047
30690601
30706907
30716240
30729301
30735351
30741038
30759229
30761358
30766414
30771593
30789745
30811465
30827479
30837630
30851755
30851980
30858261
30872201
30887354
30894024
30896209
30896246
30902470
30903862
30905749
30910044
30911941
30912174
30915331
30915352
30933566
30940997
30942264
30955621
30970284
30970988
30973922
30979099
30992477
30992792
30995114
30997299
30999268
31005619
31007559
31009906
31017057
31021606
31023170
31030715
31039971
31046174
31047456
31053957
31059751
31068209
31071052
31071732
31077015
31079651
31084291
31095060
31095668
31097283
31098886
31103987
31120073
31132657
31143936
31154037
31154796
31169861
31180322
31183776
31195611
31214498
31222466
31225886
31226144
31229318
31240884
31242727
31250766
31255073
31262560
31272916
31273589
31277378
31278285
31283614
31285900
31291999
31296812
31302507
31308628
31315519
31319004
31320343
31327114
31335905
31339026
31343164
31344324
31369526
31371508
31378017
31391596
31392807
31414061
31421833
31421970
31455890
31465019
31466328
31470662
31472264
31474433
31476370
31478568
31486733
31493711
31505545
31507663
31521815
31523254
31523763
31528974
31535941
31536889
31545711
31550508
31560604
31563560
31572768
31576545
31614303
31614390
31619729
31629208
31630993
31633615
31641280
31646464
31647722
31656634
31658118
31677387
31696271
31700494
31703056
31706496
31717485
31717857
31723974
31729312
31742521
31756761
31763229
31766470
31771399
31775305
31776033
31777572
31781157
31781933
31784865
31789698
31790527
31791606
31800564
31809728
31811455
31817870
31822533
31841368
31849458
31870608
31882679
31885847
31886207
31887078
31889726
31902114
31910915
31923571
31923811
31925124
31926014
31938165
31938617
31939408
31948160
31949673
31958760
31961707
31962385
31962454
31974006
31978504
31980750
31983091
31985067
31990822
31994849
31999199
32004293
32014329
32015135
32025988
32032019
32037513
32046492
32051571
32055527
32071509
32073273
32075441
32086090
32092691
32102210
32106116
32106488
32110444
32138227
32138714
32140919
32150620
32155401
32163996
32169827
32170742
32174806
32183350
32189500
32199161
32214573
32215542
32245499
32245613
32261749
32267984
32274148
32276223
32295087
32300521
32335978
32338721
32354722
32369511
32383472
32403073
32419215
32419632
32423498
32425660
32434585
32438988
32451482
32452108
32453934
32471291
32475876
32479596
32493733
32494265
32497489
32499865
32507088
32526574
32539626
32541596
32546668
32550662
32560776
32581552
32588403
32605586
32617394
32644124
32660365
32661073
32673433
32674098
32697729
32698820
32705943
32713948
32732146
32742237
32757415
32770776
32772766
32777620
32778794
32792366
32811808
32815756
32832494
32838297
32839253
32839338
32844164
32845659
32847977
32854222
32857867
32863915
32865167
32873561
32873901
32879566
32883254
32889273
32897652
32909332
32923448
32924274
32924849
32928481
32929273
32931465
32954821
32963123
32977161
32977261
32982164
32984679
32987193
33008708
33013358
33022117
33041937
33042156
33043805
33053745
33056871
33062018
33071429
33075950
33076631
33076766
33082281
33093084
33093399
33094447
33099645
33102231
33109289
33119127
33133356
33140392
33142761
33152344
33162660
33166417
33184097
33185124
33202257
33203461
33208403
33215972
33216819
33220821
33234170
33247506
33247688
33258734
33271552
33276140
33283856
33288806
33298826
33299156
33301559
33309985
33318739
33327412
33330643
33331469
33334891
33335532
33336572
33338950
33339851
33343839
33344947
33345130
33354308
33354324
33356102
33357668
33363799
33368248
33379135
33381152
33381742
33382216
33385417
33393129
33396375
33402688
33407194
33410972
33411719
33432085
33432285
33434164
33452500
33460469
33468872
33470698
33480815
33484360
33491113
33508820
33521209
33522303
33534421
33535552
33536019
33538983
33539964
33541467
33543130
33543883
33552407
33553413
33586701
33588048
33596534
33600222
33625176
33627207
33638612
33640420
33647354
33652234
33655285
33656933
33665248
33675118
33681653
33684720
33688836
33701699
33711221
33721051
33722606
33735545
33746218
33746684
33747506
33757114
33769422
33770457
33772045
33773975
33782360
33802888
33809126
33810350
33824235
33825157
33832773
33842516
33845435
33884427
33887544
33912349
33916483
33933271
33936883
33940805
33948070
33949162
33951172
33953665
33954325
33960590
33970967
33974540
33975959
33980927
33983517
33986908
33991527
34007367
34013056
34013714
34019228
34024214
34032556
34039416
34042864
34081714
34097978
34099574
34107993
34119696
34120237
34128754
34142621
34156920
34164618
34168777
34168837
34184559
34187400
34187604
34196394
34200581
34209878
34218962
34228354
34239292
34252252
34255103
34261668
34267681
34283338
34291898
34313353
34314199
34315859
34317556
34317843
34318069
34318209
34337114
34341249
34352299
34355202
34361166
34362858
34372292
34385499
34385675
34401867
34416431
34417766
34423071
34428002
34432096
34445576
34446066
34452380
34458309
34461962
34462340
34474864
34478841
34479162
34480171
34482919
34490303
34502913
34512047
34529333
34539490
34552887
34565116
34583640
34587113
34602070
34603978
34608308
34611785
34618415
34627325
34627589
34633321
34634744
34643296
34645279
34664376
34666559
34673841
34675167
34691521
34694609
34699998
34707882
34714416
34716785
34728587
34745258
34751453
34752317
34759327
34783794
34801309
34814817
34827892
34832595
34877416
34878361
34881694
34884650
34895451
34909668
34936661
34938244
34949925
34955449
34962822
34965444
34974894
34977721
35001248
35001741
35003244
35008106
35010049
35013628
35038671
35039346
35047195
35066845
35069210
35070372
35076169
35092566
35140639
35170229
35184694
35194453
35194614
35196185
35196623
35196894
35203417
35205076
35208069
35209987
35215873
35216471
35225485
35233039
35234109
35240778
35247613
35249684
35251384
35251581
35261840
35271807
35274200
35286451
35298305
35303648
35305744
35318750
35319435
35323115
35363864
35365742
35367917
35370900
35387660
35392280
35396949
35397430
35400914
35411079
35411534
35430029
35442288
35454843
35455651
35464142
35468053
35470283
35482504
35484511
35502907
35503781
35536612
35543204
35555551
35558738
35560059
35578111
35582828
35585579
35590768
35600360
35602534
35606057
35630806
35655544
35683080
35687949
35692662
35694901
35698410
35698819
35708996
35713802
35726329
35745862
35746794
35748975
35749658
35754395
35756613
35771624
35783098
35785188
35799708
35803966
35818186
35842327
35848700
35856526
35877839
35881979
35893253
35913914
35935688
35964439
35969523
35970473
35976899
35981830
35987954
35991474
36003776
36015363
36015698
36021778
36023081
36024860
36033748
36040038
36046103
36049594
36051384
36058514
36072348
36079858
36098990
36108132
36124710
36125444
36133909
36135174
36139330
36143662
36148365
36169123
36172953
36178900
36179780
36188977
36194404
36197727
36201923
36218506
36227931
36230218
36248016
36258984
36277161
36277228
36280342
36285633
36288939
36310196
36318042
36320342
36320995
36333613
36345258
36348434
36364292
36365557
36372979
36373208
36374147
36380443
36382209
36382422
36387765
36394005
36403495
36415825
36425013
36430038
36432744
36436342
36437466
36440909
36448056
36453583
36456031
36459190
36460931
36462808
36475814
36489965
36496547
36501400
36508801
36513816
36522201
36525941
36533583
36547290
36549264
36568931
36582472
36585826
36592458
36597041
36614447
36621309
36623767
36627047
36630868
36639008
36655902
36661584
36667784
36667887
36678642
36691215
36691619
36699093
36700223
36704812
36706887
36707162
36717021
36737397
36748401
36778553
36783502
36810083
36816041
36817936
36836945
36846892
36850062
36862976
36867164
36868887
36870238
36872338
36880195
36884354
36884876
36885542
36886108
36896333
36911142
36911365
36928107
36931461
36933022
36937695
36938840
36947261
36971387
36974405
36996904
36997634
37008164
37008816
37014024
37021720
37027939
37031489
37031964
37040369
37047979
37051196
37051879
37057155
37064918
37065791
37068604
37072730
37083974
37089012
37090416
37094242
37107120
37119113
37122628
37128594
37147543
37153848
37169385
37191616
37196435
37204264
37213795
37226634
37250006
37250471
37258623
37266292
37268120
37269208
37275772
37283264
37283438
37290753
37295092
37302269
37314945
37318469
37326618
37335652
37341420
37376796
37377862
37388329
37388697
37391146
37392937
37394382
37394818
37402242
37403507
37421217
37428519
37429726
37433085
37434138
37468103
37479554
37480028
37481774
37482004
37482679
37508500
37513134
37518365
37518689
37522962
37523325
37525891
37531166
37539245
37564375
37569286
37572323
37586667
37590141
37595501
37602156
37607107
37608527
37612649
37614494
37623247
37627914
37630178
37639866
37643286
37657963
37658224
37658504
37671247
37674636
37685794
37690606
37695068
37717914
37729577
37742580
37747606
37748935
37764465
37766952
37769988
37804527
37806457
37815192
37837000
37853458
37858847
37859881
37872830
37873229
37876464
37880001
37883069
37888113
37893652
37894613
37900357
37905054
37908496
37931647
37944389
37944662
37961048
37961608
37989875
38000243
38005963
38006934
38010574
38015089
38016127
38016432
38022472
38028241
38030292
38030940
38038904
38041370
38048877
38051760
38061919
38064670
38086382
38090788
38104905
38112178
38125194
38126135
38129258
38168667
38178242
38181383
38201285
38224003
38228390
38234349
38236501
38237271
38239187
38252020
38259158
38260325
38271172
38278421
38287029
38296756
38322994
38324239
38328494
38333536
38350880
38358800
38360225
38365728
38369395
38370765
38377032
38383910
38390093
38401174
38422970
38431703
38436167
38438857
38450295
38470576
38483318
38489875
38491229
38498204
38498483
38501787
38502573
38503682
38508822
38512729
38514571
38526619
38546498
38550450
38566969
38567966
38570675
38580536
38623948
38630279
38634029
38638842
38639738
38642535
38644283
38652143
38672075
38673223
38679578
38683807
38684909
38686656
38688186
38700290
38710873
38715094
38717135
38723565
38725185
38735725
38754150
38765768
38785442
38804159
38812754
38819698
38825910
38836876
38838486
38839610
38887137
38888149
38899386
38903062
38906265
38912182
38922513
38936956
38946119
38948663
38959384
38961800
38969926
38970735
38975783
38979870
38980484
38999865
39035816
39041859
39046528
39051120
39058971
39094574
39095082
39096456
39098093
39112148
39117399
39120915
39145825
39149556
39152683
39158092
39163149
39172208
39181526
39196142
39207515
39207607
39213018
39224297
39245328
39245997
39249851
39256320
39263781
39265628
39269780
39283621
39286102
39289210
39295131
39301016
39304005
39307720
39310697
39313875
39319187
39333222
39334202
39335043
39339448
39341660
39342981
39348789
39357233
39380720
39384379
39386860
39393940
39400021
39402157
39407088
39407911
39411100
39439136
39440146
39462938
39464945
39468820
39469634
39477934
39484907
39488007
39488452
39496728
39513259
39513348
39520845
39535108
39535494
39543755
39555650
39559878
39571340
39576890
39579489
39581588
39588924
39593996
39594067
39600074
39600138
39605970
39616977
39617498
39648192
39648855
39653491
39661041
39666898
39675598
39680681
39689677
39691170
39697799
39704650
39723568
39733133
39733928
39740426
39766559
39767573
39791033
39792361
39796145
39802543
39803924
39805538
39807305
39813914
39818731
39820358
39823268
39837600
39854355
39857758
39867370
39897173
39903164
39929982
39930137
39937749
39948992
39959916
39961672
39961862
39996411
40010654
40023109
40050850
40053477
40066389
40077507
40080055
40095910
40106200
40112544
40128651
40133550
40146364
40147608
40153623
40166108
40169394
40175378
40183298
40183464
40187675
40191584
40195238
40205805
40212877
40216422
40238217
40245819
40247879
40252728
40254709
40259021
40264769
40269039
40277962
40279118
40288919
40294020
40304865
40308214
40317153
40336270
40346481
40347936
40349167
40351243
40367153
40368607
40385054
40397563
40399024
40408579
40410063
40410793
40412401
40412618
40422201
40426992
40448792
40465486
40490028
40499736
40500396
40502615
40510033
40527812
40529865
40534950
40537374
40544939
40555742
40559660
40589604
40597261
40604016
40613110
40623501
40637798
40656059
40662958
40667353
40695339
40703580
40703961
40714401
40721165
40726583
40728270
40728878
40733950
40743758
40752676
40753041
40756192
40759182
40764901
40767057
40767949
40777193
40778718
40792179
40825287
40825403
40828009
40832332
40840030
40847564
40856989
40857613
40881175
40894213
40895183
40907315
40907863
40914800
40923500
40935930
40937372
40949480
40959264
40964581
40964863
40979376
40979646
40983511
40988682
40998967
41000630
41009850
41014349
41033633
41034473
41043057
41043919
41065062
41068316
41089781
41097645
41122617
41134213
41134474
41135190
41143384
41148189
41148401
41163770
41166217
41167177
41186595
41201669
41217015
41219458
41226356
41236946
41244748
41256996
41258010
41266444
41267252
41295725
41299673
41305907
41313718
41319616
41321850
41325833
41337350
41338466
41344119
41359969
41362719
41368748
41381516
41384985
41386403
41397185
41430175
41432048
41433298
41441402
41444333
41446986
41447918
41447940
41448096
41451059
41461514
41463160
41486567
41493139
41499015
41522560
41544998
41563431
41568946
41574331
41584036
41586434
41588175
41594337
41595829
41596199
41607386
41615845
41630776
41634599
41636695
41642651
41643278
41655063
41660810
41666736
41668305
41671080
41682376
41688402
41688540
41693781
41708898
41711813
41716268
41722941
41723607
41738923
41742363
41778465
41784146
41796181
41820506
41824758
41830557
41831436
41834319
41843876
41845888
41854679
41858350
41861588
41889872
41946704
41959405
41959760
41990801
41990822
41992386
41996421
42008359
42021018
42026742
42029479
42061708
42067070
42068145
42069844
42081897
42094862
42129252
42129336
42135907
42154738
42159568
42163002
42165809
42183235
42187300
42189777
42193676
42197851
42210478
42214225
42220170
42230118
42243969
42244644
42254310
42255938
42280768
42280986
42297782
42300801
42312642
42320564
42332430
42333239
42356631
42369530
42375083
42375611
42380888
42387513
42388322
42403657
42416480
42417883
42428027
42431923
42435073
42461041
42464480
42469199
42472150
42477938
42489725
42505281
42513727
42522225
42526503
42527290
42528220
42531687
42535776
42541158
42553828
42554373
42556137
42564746
42588726
42593468
42604515
42611877
42614257
42616416
42618843
42639619
42652755
42656133
42671294
42672957
42682483
42690456
42690978
42702240
42715551
42715643
42729221
42731700
42732619
42734642
42735210
42753166
42764110
42774967
42784535
42791272
42792119
42792299
42792842
42798934
42808337
42829383
42830171
42833706
42839669
42847577
42861152
42863295
42875918
42882460
42893677
42905234
42919224
42943879
42956879
42961040
42968637
42985836
42991040
43009298
43032102
43037182
43043498
43059752
43060110
43060395
43064468
43077349
43082581
43112392
43124054
43124198
43129175
43140397
43143388
43145971
43158770
43175336
43175684
43187906
43189245
43191568
43197317
43203125
43206366
43207157
43218614
43220618
43236989
43265255
43285141
43298082
43318945
43324527
43326286
43330991
43346219
43351438
43353943
43365802
43366506
43370510
43371199
43387664
43391520
43397511
43406764
43415676
43430365
43431165
43433837
43434924
43435962
43440893
43445296
43447852
43460709
43464791
43468641
43477248
43481166
43485051
43487061
43488977
43491832
43495985
43516052
43516519
43521026
43527974
43529654
43536390
43541262
43552539
43552757
43557570
43559515
43569662
43575333
43594892
43623535
43638394
43661629
43664139
43669207
43674963
43688395
43689045
43694823
43701402
43710971
43713445
43716532
43720202
43724255
43748050
43753488
43759797
43774585
43778936
43779058
43781257
43795169
43795859
43796718
43805138
43823342
43831222
43833727
43837580
43840944
43844080
43846295
43846536
43847643
43890456
43899861
43915820
43934057
43935043
43961185
43967671
43967964
43977443
43979266
43981830
43988286
43995307
44025128
44027389
44040027
44044162
44045374
44045701
44055502
44061702
44064451
44070224
44075439
44076264
44081078
44081212
44092066
44106521
44106879
44110922
44112038
44112365
44140708
44153868
44167174
44182716
44184197
44188103
44188352
44189672
44195677
44198698
44198848
44204056
44206077
44218023
44218049
44220167
44227304
44242371
44249099
44249932
44258569
44264562
44277166
44278965
44291473
44302709
44312698
44317069
44319279
44323564
44330374
44333994
44334948
44351925
44354803
44367191
44382400
44383093
44390824
44395947
44395960
44407712
44437627
44442788
44444095
44446182
44447727
44452146
44458799
44459884
44467684
44472623
44484567
44500880
44504306
44508037
44509366
44532565
44533663
44536050
44536497
44537916
44541710
44544314
44559934
44565347
44568318
44588111
44590603
44594224
44596070
44597791
44601497
44609339
44615823
44616669
44634395
44636983
44638138
44638643
44643157
44650659
44674845
44679368
44710676
44710805
44712261
44712904
44727619
44736297
44738758
44743102
44771962
44785263
44788085
44789099
44789553
44791094
44797814
44802765
44814788
44838129
44839046
44845004
44853138
44855683
44880759
44894941
44899210
44900035
44910318
44928934
44930467
44935442
44946699
44952881
44953001
44954780
44959040
44961440
44965541
44969957
44981142
44981779
44985744
44998747
44999068
45004507
45004753
45020292
45020633
45025631
45028047
45033753
45037835
45044069
45046629
45046795
45050592
45061889
45109501
45111981
45114530
45115683
45117486
45122819
45125281
45126803
45130009
45149097
45149662
45157296
45160179
45173269
45179615
45184425
45185401
45185744
45187400
45193783
45216661
45220976
45223347
45228382
45246452
45247125
45274561
45275288
45282241
45284884
45285990
45296642
45314008
45320050
45321108
45330089
45341706
45347946
45380444
45387111
45388669
45396236
45411730
45428782
45446058
45451361
45470797
45492729
45501820
45516116
45517186
45536180
45556071
45564492
45565059
45567577
45568344
45606926
45610312
45616537
45627738
45641235
45656649
45659398
45667048
45679094
45696761
45699674
45700874
45718938
45721475
45722723
45727564
45734631
45734696
45757022
45769443
45772724
45787855
45791458
45791687
45795453
45797094
45800006
45807620
45810767
45833515
45844906
45845465
45852272
45860677
45870786
45882666
45883193
45886624
45888932
45891911
45893755
45897337
45908325
45913579
45913876
45930069
45939010
45945977
45952085
45956223
45981546
45988922
45991954
46003275
46027134
46036801
46046525
46050195
46050543
46065470
46078063
46088575
46103623
46114266
46117224
46125551
46132012
46138826
46139797
46154192
46158271
46173862
46180499
46192283
46192959
46208471
46209371
46223800
46223965
46244136
46244225
46249856
46257829
46260878
46261065
46277518
46287706
46298771
46301379
46308730
46311862
46315038
46319821
46320013
46329281
46338694
46351657
46353890
46354264
46356329
46371900
46372489
46374416
46383815
46384299
46387507
46404109
46410713
46416272
46420557
46420727
46429677
46434309
46435377
46436183
46442643
46454624
46456218
46456476
46463507
46474255
46480378
46485828
46488192
46490835
46497693
46500172
46529171
46535833
46538092
46542419
46545116
46547147
46552275
46561732
46580214
46580770
46583173
46589160
46604083
46606135
46615039
46628715
46629999
46647666
46662275
46674121
46680410
46707916
46712443
46718902
46740078
46740090
46759594
46761029
46761962
46770817
46782679
46790586
46797026
46808469
46816610
46817165
46820271
46821673
46840418
46842494
46848291
46850547
46862129
46867247
46886354
46896392
46902503
46903274
46910535
46913907
46924104
46927038
46945838
46955814
46959946
46968558
46979124
46983055
46986572
47014827
47024873
47029551
47031171
47045254
47050091
47054945
47060094
47068675
47079480
47081106
47112032
47115451
47119853
47123065
47124180
47138639
47140874
47140946
47150733
47157886
47159355
47171064
47178392
47183507
47188384
47196316
47197460
47200767
47201023
47215297
47226269
47228080
47235265
47237321
47238288
47242701
47252893
47254111
47254207
47256499
47273225
47289283
47290174
47291926
47303513
47311253
47311979
47312969
47314401
47335103
47339234
47344820
47348501
47359523
47360405
47373342
47382877
47393970
47405353
47422130
47426188
47429655
47429768
47430471
47431169
47437697
47444212
47465621
47470789
47485488
47496079
47525638
47528333
47536836
47548210
47555361
47559603
47562331
47564875
47571487
47585493
47594724
47595450
47595500
47595771
47602723
47607067
47607444
47632883
47633787
47634903
47635479
47637279
47664559
47688938
47689670
47693249
47698796
47701621
47706377
47708130
47708536
47709319
47713999
47740801
47743486
47746242
47747977
47759378
47759680
47805669
47805732
47806962
47811202
47820155
47825664
47839279
47843283
47849593
47853198
47856529
47858354
47869759
47871297
47873312
47894211
47896088
47901755
47906350
47920622
47921576
47924343
47928479
47930921
47947246
47951817
47953967
47958005
47960248
47961765
47966261
47967851
47972034
48003746
48005602
48015172
48016025
48018061
48018086
48019363
48034832
48056379
48065439
48074674
48095684
48106627
48112414
48113653
48118620
48128990
48135237
48147256
48152265
48166109
48203159
48206094
48225052
48226015
48237877
48240388
48250652
48270075
48271378
48283367
48295661
48303214
48309787
48324018
48324517
48333867
48334815
48335390
48340947
48353127
48358739
48365434
48381958
48385930
48387397
48389694
48391826
48397125
48405005
48408085
48416403
48427652
48433482
48436109
48437116
48437191
48442451
48442484
48442911
48445501
48451149
48452988
48453963
48457083
48467329
48474958
48475790
48490953
48491145
48496240
48501274
48506460
48507719
48508352
48522269
48525916
48532216
48537337
48540668
48543919
48550883
48567898
48570161
48571734
48589592
48590841
48592769
48595634
48596407
48598495
48606094
48610786
48617307
48628433
48636528
48636758
48654084
48655923
48656851
48661797
48673600
48675244
48681381
48683733
48684152
48691064
48692251
48696157
48696595
48705101
48720417
48721385
48726364
48728904
48732241
48732459
48736288
48740627
48752566
48776361
48777213
48777938
48778173
48809051
48814944
48846666
48846848
48853287
48857173
48861801
48871818
48879220
48880402
48888628
48893767
48929645
48929846
48931811
48935773
48940715
48943141
48947678
48959882
48962601
48971922
48980168
48991421
48999195
49002246
49007204
49007545
49015073
49021272
49043885
49045178
49051212
49053909
49057863
49059594
49072884
49081070
49084385
49096892
49113574
49115465
49126911
49129773
49131212
49137007
49137801
49155537
49166151
49179274
49189955
49192947
49205168
49213722
49220662
49222248
49239227
49242317
49245993
49248728
49254989
49255013
49260149
49270849
49281329
49304945
49308223
49313376
49323557
49326030
49332630
49336919
49361512
49369722
49373941
49389380
49395361
49402513
49410738
49417787
49423150
49438411
49449765
49453168
49454729
49456689
49458759
49477898
49483001
49486893
49487281
49494486
49508958
49522017
49524681
49524806
49525723
49548944
49552181
49553442
49553596
49570913
49584572
49587394
49618401
49625091
49635403
49636500
49638479
49641455
49656378
49658960
49662427
49686452
49695884
49706661
49707890
49710506
49716426
49750539
49750615
49761512
49783432
49784464
49808928
49814324
49815069
49827586
49830886
49842339
49844816
49849336
49853148
49881176
49885059
49886096
49887232
49889477
49890777
49897949
49912209
49913256
49919776
49930269
49936796
49941834
49943336
49944478
49945440
49952453
49968831
49974854
49975973
49983276
50004064
50004191
50009538
50028422
50030127
50034220
50042314
50048605
50059026
50059726
50064350
50065998
50076244
50081716
50085193
50096400
50119577
50121994
50125999
50127734
50131043
50152141
50156425
50163618
50165117
50170000
50180022
50180991
50185482
50196738
50203333
50211530
50221835
50227174
50244727
50250604
50258819
50263984
50300051
50304539
50309271
50318440
50323100
50325822
50333872
50335516
50341073
50343196
50343977
50357724
50364137
50402661
50403707
50406185
50416352
50419189
50420913
50423896
50424175
50425837
50426285
50435193
50456262
50467037
50472662
50477532
50486688
50512493
50514141
50529433
50546849
50560368
50573995
50598602
50600432
50607629
50609696
50628492
50637508
50639641
50651226
50662584
50664492
50677759
50680271
50682234
50687476
50687731
50695203
50700890
50711591
50713853
50721568
50734554
50738353
50739833
50752167
50758916
50761170
50768199
50768960
50782962
50783523
50788384
50798492
50799251
50799253
50807651
50809572
50810086
50831762
50846935
50858919
50864818
50871938
50871942
50905077
50913861
50921016
50941086
50943804
50947018
50949556
50968770
50970426
50997347
51000464
51020911
51024750
51025524
51030770
51041095
51043134
51043676
51046794
51053987
51057376
51062713
51066039
51073438
51083169
51084199
51086552
51091016
51100869
51106280
51109982
51142019
51155857
51180088
51181467
51181489
51188721
51203035
51224644
51236150
51243315
51254414
51256472
51261640
51276459
51282390
51288174
51289642
51301718
51321676
51324536
51324858
51333493
51345254
51359015
51360262
51364275
51372520
51375521
51383967
51392210
51394307
51395497
51405674
51414478
51424453
51428658
51444907
51457912
51467569
51473553
51484938
51533775
51550404
51550902
51559406
51568527
51569948
51577291
51590128
51592143
51599195
51610598
51615529
51622748
51635733
51651795
51655421
51676830
51685881
51688327
51698032
51710581
51726431
51732834
51735524
51740615
51743173
51750049
51753989
51759789
51760220
51780953
51787286
51787832
51790230
51791550
51797393
51800445
51807305
51808770
51839672
51848087
51851143
51862932
51863300
51864943
51868009
51868498
51870451
51874544
51878977
51884136
51886827
51894822
51908581
51934630
51935855
51939512
51964081
51969371
51972439
51974334
51979774
51982616
51994227
51996234
52001983
52003486
52040852
52041669
52068722
52071952
52074680
52080654
52085928
52097262
52108115
52137064
52137088
52147148
52177168
52177295
52180528
52211162
52218398
52227384
52231813
52237469
52240697
52241351
52256603
52264536
52273044
52273580
52277126
52279458
52290650
52291861
52293886
52298948
52302223
52312374
52321468
52332645
52349506
52353429
52367767
52377704
52381234
52389745
52405398
52413445
52421321
52422821
52429012
52434097
52457757
52458885
52460639
52462287
52469404
52476043
52476624
52485416
52492260
52495068
52500517
52500760
52502733
52507109
52514287
52514854
52542301
52543879
52543987
52557029
52562018
52567552
52576704
52577866
52580652
52587053
52589271
52590783
52592179
52626955
52627143
52634910
52638867
52653568
52654671
52663399
52688627
52692004
52693075
52699446
52707523
52718301
52721116
52722264
52727632
52741205
52756285
52769492
52770642
52771845
52776192
52777442
52782778
52790994
52813485
52813722
52813947
52814579
52817784
52824276
52825779
52831318
52836650
52850198
52877934
52909192
52911657
52925387
52927131
52931164
52931194
52931357
52941366
52956665
52959924
52961115
52967102
52997919
52997963
52999392
53002759
53013944
53021603
53023821
53032103
53037655
53048153
53053653
53061521
53078065
53080680
53082178
53094375
53097676
53109590
53122335
53126595
53142846
53183060
53196859
53215325
53217081
53225785
53226030
53226705
53229539
53241393
53241974
53249378
53252231
53253716
53265748
53277176
53278594
53280731
53289723
53294811
53309186
53312003
53320254
53337106
53350536
53354054
53368816
53375992
53380849
53388774
53396897
53405123
53407366
53416599
53433901
53438408
53439892
53448142
53449078
53478688
53481636
53485363
53488490
53491187
53500466
53511397
53520247
53530388
53531319
53534972
53538168
53544313
53545529
53547712
53548978
53553868
53554714
53554740
53554800
53555377
53559365
53573053
53590620
53594283
53595439
53603450
53607409
53609627
53614284
53616970
53623286
53624176
53629901
53635727
53668969
53669704
53674398
53675878
53696253
53710313
53714626
53718303
53727292
53729325
53730785
53752363
53762916
53762920
53772168
53774254
53781767
53783039
53783940
53784888
53790686
53801388
53818475
53821190
53825246
53829634
53839515
53849619
53853371
53858127
53858792
53863810
53867335
53874525
53877126
53880070
53896146
53904893
53910805
53911780
53924825
53925924
53937330
53938629
53961096
53971277
53975700
53986355
53988914
53989872
53991777
53995445
53998998
54035742
54070052
54082782
54092011
54101224
54103236
54106288
54107799
54108403
54113353
54124356
54126682
54132817
54145923
54156114
54159106
54162449
54168787
54169919
54173377
54174680
54188554
54196360
54202674
54207043
54207043
54208755
54218133
54229332
54229356
54229845
54234512
54248755
54260770
54272283
54279989
54287166
54293227
54294293
54298791
54303423
54307441
54320154
54321740
54332597
54341303
54350340
54352617
54352675
54355866
54369723
54372645
54376788
54392355
54400625
54403279
54415007
54418810
54419214
54432075
54438316
54439351
54449893
54452130
54458472
54461480
54476227
54481403
54482986
54491565
54498946
54500098
54504826
54505253
54512734
54513370
54517537
54525060
54526613
54554627
54555100
54578548
54580953
54587940
54590351
54591469
54594719
54608317
54610736
54620463
54631346
54640128
54648923
54677487
54685665
54687234
54703386
54705717
54706118
54710932
54720183
54747097
54749775
54753353
54756612
54761111
54761645
54761963
54767405
54770899
54780029
54783565
54787447
54790737
54801115
54801682
54805119
54814921
54826086
54834670
54837284
54852228
54857983
54871046
54872930
54873524
54874225
54877836
54883575
54884398
54888908
54901913
54907637
54913628
54919115
54937336
54938973
54939466
54939751
54940092
54941764
54946859
54948701
54950245
54961057
54964699
54966784
54974472
55012802
55019605
55031124
55045336
55048935
55051011
55065824
55070698
55070745
55080830
55087594
55091262
55093992
55096925
55097629
55100610
55120450
55130713
55133795
55148386
55151347
55160046
55166507
55170031
55179439
55189744
55194325
55219248
55222959
55226725
55227314
55227516
55233424
55246750
55257204
55268411
55271993
55275544
55282437
55290639
55294096
55301090
55303081
55309211
55326173
55331805
55332631
55338278
55340824
55347066
55381751
55384336
55386948
55390278
55395276
55426627
55428728
55429379
55429645
55444561
55453957
55460805
55466194
55469630
55474159
55477117
55481012
55485259
55491570
55495924
55501157
55506504
55509933
55511296
55511714
55523325
55540011
55543114
55550818
55554596
55557713
55557996
55588893
55590485
55595163
55605290
55607857
55628194
55632683
55642218
55655313
55663495
55685562
55689597
55691424
55694096
55694409
55701888
55704708
55705978
55709176
55733253
55733860
55736527
55736575
55737660
55741874
55748444
55759221
55762935
55773371
55777121
55780385
55780866
55781292
55785812
55795777
55803576
55805633
55816540
55826872
55829622
55853567
55862907
55865159
55884469
55900901
55913161
55918308
55929784
55937590
55937664
55940850
55947446
55950193
55954184
55962680
55966990
55970561
55978275
55985163
55987896
55992791
55997240
55999031
56008842
56016796
56024548
56033041
56038149
56055433
56056054
56056770
56059614
56062946
56070486
56074935
56091748
56099639
56107937
56141086
56142934
56151566
56160593
56162932
56169305
56184581
56191611
56202523
56221811
56229146
56237758
56242831
56250446
56257686
56268211
56285692
56290003
56293389
56294426
56301934
56302978
56315071
56318132
56326445
56329177
56341110
56351650
56357432
56361878
56367213
56380283
56388833
56402462
56402899
56411015
56412983
56424454
56436938
56454904
56459319
56462059
56473078
56473133
56474216
56479266
56488183
56489404
56498188
56510637
56530785
56542952
56545963
56548328
56548783
56556776
56572334
56611910
56612501
56612808
56615260
56629159
56656829
56665862
56670017
56675368
56687907
56693073
56693667
56701811
56715728
56721054
56725865
56735923
56739079
56771239
56782672
56787243
56803463
56811549
56819899
56820812
56828644
56830430
56842209
56874164
56878563
56883498
56898337
56901414
56909356
56923387
56938736
56938828
56959817
56962034
56963626
56971616
56985259
56988782
57006983
57012213
57019517
57021554
57023618
57030009
57035099
57054237
57055315
57059264
57070987
57081893
57087203
57088538
57088592
57098974
57113618
57117382
57120291
57130340
57133383
57136174
57137801
57141763
57152951
57153701
57156261
57156532
57162232
57163694
57171162
57171767
57189932
57195326
57206568
57208936
57212006
57222991
57223838
57226935
57234809
57237858
57245164
57248902
57256769
57289274
57292243
57299037
57299071
57300174
57304688
57315168
57316836
57318179
57335291
57335459
57338477
57340852
57343363
57346660
57350657
57353005
57370582
57370810
57386723
57392674
57399473
57400310
57403303
57417615
57426152
57427529
57434748
57434921
57437080
57440100
57447131
57447572
57452852
57456251
57472931
57479807
57492559
57493698
57493916
57499876
57510307
57522287
57524923
57526829
57528153
57531888
57538609
57546767
57555011
57556689
57558584
57560593
57563142
57576393
57593897
57595965
57596291
57599680
57610543
57618314
57624387
57626817
57629679
57632225
57632825
57639997
57647656
57651978
57654420
57657292
57663749
57676027
57683337
57687415
57696660
57696842
57703362
57703864
57715220
57716603
57721797
57732872
57748540
57756196
57758663
57759023
57759485
57769423
57781410
57790761
57804425
57805660
57817885
57833400
57839021
57839437
57874496
57876988
57879472
57892109
57900090
57904519
57924240
57937487
57950589
57950739
57951679
57955930
57958274
57965818
57981325
57985249
57985291
57990584
57993450
57997694
58021425
58021620
58028840
58029328
58034379
58038674
58042397
58049690
58050800
58054740
58059797
58067318
58069764
58071766
58074865
58092534
58094602
58113821
58119120
58125839
58128305
58136546
58146094
58156727
58156936
58165238
58185455
58189785
58195688
58201024
58209616
58211542
58220047
58226541
58232711
58234815
58240638
58251127
58255795
58265419
58265975
58284641
58298403
58302515
58316721
58316765
58318869
58377560
58382595
58387000
58391405
58396678
58420308
58421025
58422434
58423104
58434976
58441107
58443298
58451430
58455372
58458226
58491459
58508965
58521252
58533453
58546204
58547844
58574818
58578407
58579232
58580314
58582164
58584822
58615411
58620857
58622931
58622957
58631162
58659339
58668071
58685689
58693470
58699206
58714510
58717610
58726167
58731972
58755190
58755258
58771802
58772991
58779694
58786642
58791421
58799365
58804164
58807673
58814212
58825489
58831180
58831245
58832594
58834508
58839825
58850551
58862917
58879712
58899982
58901650
58903200
58906084
58917267
58920141
58922080
58938701
58955906
58965654
58967786
58968870
58973639
58975229
58983792
58984179
58992541
58998632
59000454
59007472
59008643
59017086
59018744
59037986
59044580
59067279
59067546
59070228
59084945
59088240
59088312
59098144
59098608
59105203
59106771
59108734
59120143
59122565
59124754
59132306
59132460
59134438
59135069
59143287
59160853
59170879
59177623
59179745
59183665
59207229
59222605
59252056
59255815
59272405
59279054
59282448
59305094
59310122
59339693
59340729
59351492
59354681
59374624
59395355
59415361
59425987
59435082
59435267
59438004
59445190
59445401
59456755
59458411
59461162
59483397
59487823
59489816
59494839
59512634
59515935
59533152
59558266
59560866
59565529
59570688
59571197
59577234
59577320
59580126
59586679
59587520
59587811
59594257
59601202
59605010
59622654
59622757
59655695
59663680
59670542
59673913
59677429
59679426
59689413
59692081
59696345
59699169
59706789
59707039
59707210
59710983
59711020
59714010
59726609
59730029
59731246
59734812
59735228
59735976
59736989
59738711
59748417
59748618
59753239
59761750
59764963
59784604
59789298
59792016
59793403
59805989
59817029
59821797
59828109
59828419
59836998
59838987
59841449
59844977
59855295
59870676
59874881
59892408
59894463
59894728
59907921
59908013
59909703
59910582
59926108
59932237
59949530
59964683
59970395
59988812
59992780
60002760
60008854
60011615
60019189
60024889
60033572
60034079
60058863
60071352
60073875
60109010
60126358
60128591
60132476
60136165
60141616
60146551
60161201
60169916
60173101
60180741
60182285
60183367
60185066
60190916
60191692
60227700
60235211
60242397
60248473
60249167
60266009
60297998
60303168
60303748
60305376
60307251
60311351
60325057
60329998
60330371
60330690
60356207
60357355
60365063
60366679
60372520
60377504
60378933
60386361
60391393
60409262
60421518
60426840
60428008
60447848
60448820
60452196
60460309
60467331
60480696
60483870
60502393
60513886
60527817
60529960
60531068
60537468
60547429
60556078
60560489
60565908
60569101
60569520
60622214
60629367
60634610
60634996
60648279
60651635
60666021
60666192
60669788
60681820
60690471
60694862
60698135
60699467
60701981
60706646
60710712
60710737
60711324
60715567
60726575
60734154
60735102
60736957
60739776
60755064
60763388
60772356
60788876
60802111
60822992
60829420
60831089
60833396
60851035
60879464
60884145
60893506
60906665
60913265
60917160
60929783
60939116
60970104
60979325
60981092
60984235
60985953
60998273
61013827
61022796
61029577
61035999
61037225
61040248
61048652
61051604
61062682
61068498
61070473
61071599
61071749
61074720
61078494
61084795
61084982
61117816
61118186
61128096
61152898
61153732
61162525
61171201
61172408
61178773
61180833
61191664
61205409
61219642
61224329
61241986
61248146
61270173
61272947
61285027
61321933
61325999
61334276
61346826
61351878
61352435
61363325
61374960
61375422
61381901
61394135
61400196
61402455
61403409
61407155
61414132
61426668
61435429
61438738
61449272
61462033
61465779
61470992
61472571
61488871
61490851
61492351
61492639
61493805
61500789
61504743
61522999
61539678
61544008
61546118
61551503
61552344
61559594
61580961
61586351
61586642
61601863
61602935
61614393
61615092
61615935
61616739
61624202
61628084
61628596
61629312
61632872
61639947
61643790
61644179
61645974
61652576
61683884
61685671
61689618
61696491
61698001
61701326
61704636
61732092
61741402
61770140
61770522
61788251
61797991
61812392
61816020
61819141
61825938
61832554
61834937
61845324
61852671
61860031
61862986
61883452
61889880
61891065
61894475
61894876
61913918
61932766
61934419
61935057
61945302
61952191
61957235
61961645
61968740
61976605
61980229
61983789
61985835
61993168
62007451
62011457
62042765
62044001
62046880
62054268
62055033
62056599
62059266
62065568
62074987
62088051
62097341
62097546
62105308
62108323
62123176
62125240
62130164
62143454
62148714
62152317
62164950
62167963
62168132
62183286
62187466
62190069
62192841
62198369
62219825
62231626
62236357
62236784
62242707
62244029
62253701
62258249
62278773
62279449
62279701
62282839
62285175
62287888
62292650
62298751
62302754
62318189
62340837
62345242
62351145
62407359
62425701
62433314
62451471
62452705
62472739
62479969
62496853
62498733
62499813
62507451
62518794
62530599
62542502
62555549
62556636
62563016
62569409
62585425
62592020
62592264
62594874
62603413
62634889
62638694
62640043
62640667
62654259
62658289
62670547
62685539
62687964
62692965
62698820
62699429
62702951
62703703
62724185
62724567
62733373
62737836
62758356
62789203
62800742
62813211
62815831
62836694
62840940
62850511
62852004
62859325
62866131
62871199
62873311
62883029
62893893
62896473
62906205
62950749
62954505
62954738
62970272
62972645
62977326
62982471
63027005
63027021
63029276
63042249
63049943
63068854
63090311
63097125
63110226
63115125
63122558
63130071
63140700
63146526
63151660
63179793
63191420
63202385
63205199
63220991
63221944
63224281
63225562
63227655
63234050
63236850
63241511
63249605
63252595
63282971
63286672
63289305
63297442
63301597
63303079
63305596
63305768
63306179
63306781
63314385
63319598
63323191
63330374
63334095
63340358
63346165
63357464
63360747
63375632
63381260
63381357
63389851
63390773
63407810
63413116
63416956
63433631
63441041
63444616
63451135
63468142
63471482
63488450
63506441
63537066
63543266
63547108
63552064
63553826
63565628
63570269
63570508
63572731
63573652
63574399
63576287
63595368
63597918
63603467
63613925
63618755
63639082
63647610
63663299
63672206
63672487
63678550
63684350
63692508
63704530
63704649
63704931
63707018
63707373
63715120
63724054
63727008
63742440
63744139
63759874
63766617
63768399
63787150
63790312
63798747
63824904
63828155
63828420
63846412
63851438
63854110
63865568
63872057
63879294
63880500
63907972
63909193
63912923
63921907
63929351
63964120
63965539
63971776
63975188
63987627
63989462
64001494
64003257
64012176
64014488
64026875
64031477
64047213
64052163
64057145
64057440
64071019
64079615
64080104
64096765
64108086
64111372
64142666
64142880
64144676
64149403
64158140
64198940
64199461
64202662
64222400
64230380
64261586
64276026
64304944
64314284
64334697
64340126
64356783
64371905
64397612
64401750
64406543
64409982
64419325
64463065
64465353
64468272
64470848
64477734
64481902
64482416
64485777
64489129
64497945
64510438
64529441
64535795
64536927
64543442
64543698
64548986
64549153
64550183
64551624
64586531
64594071
64597751
64598041
64604879
64609041
64615685
64618135
64626481
64633155
64641683
64655899
64655910
64673608
64678724
64680048
64680907
64684961
64711695
64712297
64714480
64734174
64739334
64741437
64755757
64757168
64761953
64767729
64771278
64780315
64783963
64785312
64789830
64794790
64798800
64803001
64805062
64811313
64828029
64829415
64836053
64839907
64845789
64846453
64846728
64848929
64850211
64862403
64868045
64881612
64890510
64892966
64894555
64898164
64903834
64907354
64919140
64959404
64959868
64963269
64964490
64965739
64971529
64999512
65008209
65008507
65012183
65021159
65023710
65026574
65026671
65036239
65040492
65042176
65042673
65044758
65057100
65063090
65066816
65072027
65116524
65129493
65140167
65141862
65144006
65145704
65154534
65154856
65169699
65169877
65173276
65184649
65186631
65188357
65190001
65196006
65208551
65209443
65222667
65231252
65234792
65239971
65259601
65259740
65268695
65272965
65273252
65273831
65281219
65286282
65300637
65302467
65318013
65325016
65339345
65347155
65357866
65398790
65413819
65427441
65427496
65430625
65437440
65450883
65468658
65478592
65503650
65511902
65514815
65528969
65556747
65573082
65583215
65585781
65588371
65590573
65593418
65599164
65601307
65626302
65631392
65635460
65653788
65663465
65668665
65678072
65692329
65708331
65712887
65713883
65713978
65725807
65726080
65732055
65740808
65764981
65765520
65768124
65768787
65770138
65779596
65781918
65803381
65805737
65829224
65832337
65837597
65844856
65849932
65859775
65869376
65870406
65875466
65894479
65897513
65898091
65901102
65904412
65914081
65926239
65927748
65941476
65947738
65955777
65962641
65973546
65980720
65987419
65997193
66005414
66020108
66026391
66031414
66034927
66050348
66053112
66064939
66073774
66074870
66077296
66085113
66099611
66114799
66118934
66122550
66126937
66129290
66150838
66155955
66161627
66164174
66164278
66164348
66184573
66187812
66196804
66206668
66208543
66210469
66212716
66220682
66230969
66231492
66256805
66282583
66285166
66303286
66305627
66313733
66314485
66338795
66339306
66341007
66348085
66358194
66361902
66366230
66368157
66374578
66380816
66384059
66397781
66400328
66408096
66416396
66430279
66434121
66435820
66438892
66439670
66444941
66448936
66467958
66472987
66489068
66492176
66494660
66506679
66524936
66529853
66552032
66565209
66582493
66613568
66618569
66619449
66640902
66640949
66642687
66653221
66656538
66656927
66657647
66660192
66662445
66663894
66670594
66672148
66686056
66699902
66710960
66745765
66747752
66762223
66791275
66793811
66800526
66808713
66816476
66817154
66822759
66840423
66841344
66843855
66848593
66858378
66859418
66861906
66864309
66878718
66882505
66887323
66915030
66955199
66969287
66972773
66973278
66973600
66984116
66986462
67001662
67008806
67010372
67016127
67049618
67056934
67061131
67066497
67067915
67077641
67089568
67094178
67103203
67105874
67113504
67118667
67120049
67150482
67167084
67176455
67180223
67180478
67221325
67234078
67235188
67237000
67239181
67254605
67256181
67257450
67274861
67276930
67281921
67283390
67286221
67291297
67306002
67306225
67313084
67316611
67326707
67327867
67355837
67356624
67378250
67379279
67384016
67387394
67387780
67391892
67391897
67401275
67408149
67416623
67417886
67419949
67425579
67431296
67438479
67451982
67452811
67453103
67454375
67466995
67481608
67508939
67509781
67509796
67515773
67516311
67516663
67528406
67528969
67533815
67534150
67537271
67537457
67543726
67555610
67566743
67574415
67588214
67594758
67599389
67612042
67612098
67621157
67625167
67631164
67634813
67636847
67640069
67640339
67641720
67644814
67657035
67658942
67666424
67671799
67672799
67682167
67695022
67698654
67705203
67706226
67722573
67725086
67725644
67729286
67747157
67764481
67765366
67788819
67789142
67791673
67802366
67814172
67822432
67829305
67832419
67833121
67836019
67836193
67837440
67839334
67863777
67878939
67883374
67891071
67897559
67903558
67904949
67907038
67907775
67918244
67920885
67935141
67938306
67938603
67948128
67958351
67961783
67965093
67980991
67981866
67992991
67997655
68015595
68023455
68025098
68027318
68033797
68034570
68044171
68051588
68054851
68061364
68065230
68068910
68071361
68080535
68083678
68083870
68110108
68118206
68119396
68122791
68123456
68126033
68139610
68147870
68151120
68159667
68168374
68176283
68176541
68180666
68181933
68183960
68184148
68192418
68196039
68201473
68204274
68206527
68221283
68231743
68235016
68244009
68247156
68254274
68256497
68290904
68308681
68308921
68309521
68309993
68317544
68332758
68345410
68345646
68346105
68363068
68387846
68392985
68396486
68398264
68399018
68404210
68410024
68417758
68430491
68431820
68434799
68452394
68477818
68482550
68483757
68485236
68493117
68495948
68499593
68506240
68525251
68525910
68531372
68532488
68539003
68552079
68555595
68566811
68567663
68576799
68582091
68613140
68614072
68614200
68614538
68644452
68657029
68657121
68662468
68669868
68670787
68688565
68701888
68704439
68705878
68719017
68720110
68723618
68734615
68745246
68748384
68758173
68790071
68791051
68797581
68815409
68822409
68828969
68838073
68846056
68847105
68849443
68870306
68871907
68872955
68874070
68879688
68898879
68904650
68905518
68912831
68936005
68936311
68943524
68945089
68960085
68965829
68969265
68970790
68974896
68977921
68991487
68993765
68997286
69005145
69006676
69010347
69015604
69021329
69024946
69034886
69038797
69042675
69056110
69056531
69071483
69072462
69085596
69099795
69101651
69104276
69119983
69139608
69141936
69157872
69162776
69163155
69163568
69172552
69176849
69177311
69180092
69182293
69186023
69197821
69215581
69229181
69234730
69248495
69261074
69267879
69291241
69293580
69309088
69313734
69313777
69322718
69323445
69337584
69338626
69346986
69350720
69352017
69353131
69354400
69363873
69366120
69370201
69373967
69389034
69389050
69389822
69397735
69397826
69406024
69419249
69439285
69457090
69457724
69457817
69462409
69462892
69477392
69478242
69488771
69489486
69516012
69520946
69525306
69532535
69533720
69536546
69571145
69581404
69583792
69617147
69619816
69636703
69659059
69669151
69677532
69695360
69703974
69711483
69719591
69726141
69735127
69737915
69738572
69745133
69748903
69750369
69754707
69766835
69773021
69775966
69776364
69787739
69793104
69799102
69807516
69808013
69811039
69813072
69815617
69816554
69820081
69822013
69826879
69830927
69835217
69843957
69845528
69857391
69873004
69876774
69879510
69891975
69892978
69896473
69906156
69908871
69936007
69993010
69998317
70005271
70009108
70017451
70024060
70031948
70033918
70036421
70054173
70057494
70060031
70064839
70074437
70077966
70080578
70089014
70090580
70101285
70102774
70111602
70116966
70119510
70121795
70122848
70131181
70132767
70167153
70184005
70192298
70208372
70213968
70221011
70226247
70234951
70248451
70264591
70267738
70278398
70279447
70281523
70287648
70304477
70305481
70333744
70339010
70353752
70353873
70358629
70359467
70373795
70377789
70381132
70390636
70393111
70396335
70400075
70405028
70406845
70409742
70414010
70423147
70424047
70437336
70441491
70442275
70442712
70443907
70445370
70446366
70448092
70448175
70455820
70465929
70470191
70492740
70507211
70516233
70516452
70517586
70528976
70532330
70533291
70546848
70564346
70565150
70573296
70578640
70590330
70597796
70614390
70624044
70635472
70651021
70653390
70659860
70661936
70666263
70668982
70671995
70673488
70674327
70687531
70694833
70702842
70703726
70704832
70721088
70742413
70746471
70748453
70757537
70759230
70768456
70775823
70795091
70806832
70812038
70816733
70834098
70836847
70853759
70857109
70857279
70859916
70874953
70877371
70879739
70882555
70891550
70905064
70909539
70911127
70922789
70932746
70939334
70943739
70946737
70947367
70956101
70961045
70965089
70965576
70971592
70978389
70990568
70993580
70997608
71000355
71004650
71006519
71032383
71057049
71067596
71072261
71073867
71080397
71086409
71093591
71111825
71119948
71148326
71149030
71160464
71170487
71171995
71179309
71201254
71207778
71211993
71213937
71217300
71218319
71221137
71221615
71223114
71225342
71231307
71232407
71236336
71240880
71244358
71247469
71248118
71249259
71257130
71271505
71289276
71299650
71307111
71315060
71319936
71331035
71355487
71393382
71402949
71413983
71416731
71419227
71420410
71428615
71429909
71433605
71449050
71461385
71478738
71492827
71504273
71509453
71523172
71528995
71541112
71545965
71552583
71557608
71561328
71578254
71590266
71608572
71610260
71613664
71614887
71617988
71618108
71619314
71633429
71635356
71637052
71644179
71645343
71646254
71648948
71652601
71667410
71672138
71678166
71682972
71690792
71698567
71703168
71709452
71737384
71739480
71749764
71759187
71760023
71770224
71776791
71783596
71788316
71788322
71802041
71832186
71834493
71854087
71861265
71865186
71865272
71867118
71871001
71875023
71881233
71887818
71896490
71896676
71902095
71902444
71928694
71941409
71942740
71946840
71953961
71960170
71971037
71974396
71988809
71998380
71999725
72006318
72016087
72017268
72021591
72026687
72029579
72036396
72037680
72052726
72055070
72059953
72070505
72072316
72076240
72078910
72086642
72088661
72091844
72097091
72102684
72104565
72109409
72113882
72114004
72117051
72118303
72123311
72128727
72131936
72143634
72146933
72160825
72187424
72194093
72215253
72229822
72235088
72253201
72261127
72278340
72299406
72302362
72316609
72318501
72318771
72323862
72328842
72361254
72365275
72375669
72379281
72379727
72384980
72391314
72393238
72412571
72421947
72443837
72449331
72459494
72463067
72472740
72478739
72498096
72512041
72518797
72520271
72525643
72528516
72565307
72566414
72566796
72568250
72577894
72580009
72581076
72581077
72583598
72583652
72594078
72597287
72613597
72615132
72629396
72632563
72635682
72652297
72658474
72679188
72679385
72683507
72684497
72702812
72738426
72748629
72761381
72783332
72808648
72824155
72824792
72827789
72837052
72853570
72856927
72871703
72883337
72886168
72906376
72925359
72944224
72955471
72959198
72972000
72977405
72979054
72979798
72981070
72982032
72995282
72999966
73002630
73003505
73011595
73017066
73022411
73028083
73031558
73032902
73033605
73065721
73070071
73070303
73095437
73096961
73101068
73103839
73119222
73127933
73128854
73131379
73143569
73149724
73158629
73159983
73164878
73165566
73171368
73180165
73186236
73187476
73205160
73209029
73216996
73229988
73239252
73289115
73290861
73304892
73311376
73311474
73326156
73333093
73339647
73345719
73357371
73362228
73367926
73374481
73384968
73402002
73403422
73430665
73438650
73442773
73444789
73454131
73458074
73486404
73486890
73487803
73492289
73498827
73521827
73536702
73545255
73551689
73553340
73559722
73564088
73568746
73572631
73588153
73605408
73608686
73626032
73626711
73632235
73633111
73633916
73636857
73637091
73639578
73647647
73650978
73658902
73660733
73668977
73683542
73701623
73703331
73704178
73750695
73751409
73753740
73756613
73760816
73765816
73767081
73770343
73772975
73782367
73793969
73794661
73795781
73797558
73811828
73820182
73822312
73824115
73830865
73852985
73856463
73871227
73878845
73897484
73908939
73916698
73919483
73931635
73958875
73960534
73963969
73978350
73979111
73980757
73980919
73981053
73981733
74001806
74003904
74009772
74013131
74027171
74028669
74036330
74049633
74062441
74071963
74079125
74079631
74089886
74090854
74102533
74105224
74110338
74145500
74153270
74167811
74170055
74184755
74200456
74203710
74230247
74234360
74237436
74250397
74251105
74254373
74260343
74269074
74284227
74285729
74297240
74307332
74312547
74318925
74331178
74332030
74341290
74344570
74355915
74360239
74363722
74373093
74376362
74388163
74393052
74405763
74418717
74443190
74451092
74464940
74465720
74466227
74471431
74478570
74482811
74484433
74506520
74511364
74514853
74523714
74530020
74538811
74549294
74564181
74565999
74566306
74568246
74569573
74579627
74579862
74582604
74588203
74595140
74604542
74611632
74630346
74635314
74640024
74648668
74650723
74666818
74671249
74673566
74676466
74686154
74688584
74692110
74700374
74700496
74721624
74733874
74742557
74746500
74748570
74749143
74750710
74755238
74756822
74779129
74796760
74801223
74802432
74818135
74818547
74827954
74866938
74873879
74874848
74884652
74888814
74898323
74901110
74906258
74907991
74911924
74930187
74935155
74940724
74943942
74958505
74961167
74964681
74976881
74978813
74978817
74981831
74983013
74983094
74984250
74990034
74998113
