For an array with 1000 items set in random order, it took 0.001637742 seconds to sort the array using the merge sort algorithm.

Below is the array after having been sorted by the algorithm: 
121971
140172
239182
346494
455484
488732
610034
611649
643753
759010
761467
845997
865749
945497
951615
1033040
1041091
1041103
1050741
1145644
1501135
1918145
1929338
1999297
2000051
2016323
2022744
2086293
2158948
2174279
2220477
2251297
2277195
2571541
2701072
2710266
3069502
3226939
3262336
3623522
3641841
3826113
3856294
3937316
3938083
4000771
4039619
4095805
4123622
4131437
4151644
4270393
4361605
4378278
4384584
4589960
4780879
4890314
5126362
5285193
5491103
5505974
5524386
5638055
5746059
5910232
5958846
6009584
6049967
6103428
6106721
6188284
6253258
6293792
6373016
6398711
6518500
6592853
6625210
6744803
7052655
7097808
7138298
7253481
7308398
7321330
7407171
7427440
7473491
7488793
7554286
7677169
7697191
7697457
7765931
7830395
7842680
7932507
8012608
8037392
8070265
8218422
8355894
8490421
8501921
8737332
8756449
8826777
8839775
8897554
8935495
9091350
9143710
9148343
9248112
9421227
9422337
9673343
9680449
9902868
9950033
9980710
9999012
10034815
10138855
10221839
10320994
10458128
10466619
10841704
10999014
11109440
11166706
11179171
11246128
11379414
11411006
11485679
11490417
11535805
11629122
11639584
11716442
11765899
11847012
12096773
12310922
12317892
12467108
12574979
12585253
12782867
12848887
12865626
12884039
13079260
13166964
13328740
13498006
13726118
13743395
13754988
13773819
13774857
13779148
13921201
13930614
13935445
13956772
14015929
14034081
14064860
14160640
14196272
14247383
14333074
14476722
14487165
14493354
14534692
14609793
14679114
14967695
14991818
15201127
15469303
15520344
15549651
15605391
15737006
15742249
15837022
15879050
15904278
15974035
16039462
16095270
16114667
16128734
16156178
16191372
16260867
16276932
16313329
16345205
16360522
16450105
16491308
16493166
16556332
16668904
16754628
16827752
16898118
16908331
16926293
16995082
17072786
17087463
17105809
17199637
17206610
17328663
17365470
17437209
17534551
17562503
17709332
17796625
17826603
17964925
18011354
18022023
18152441
18206048
18219674
18229580
18299807
18473214
18547367
18653779
18769410
18810819
18839530
18912086
18919594
18935907
19140451
19230642
19404328
19577614
19711418
19778950
19881827
20121667
20188693
20229108
20331112
20342206
20347633
20397349
20566107
20572407
20750774
20956136
21165143
21391885
21392373
21428901
21466666
21583963
21675452
21739028
22129666
22183886
22216214
22241090
22348479
22390116
22448544
22460958
22485823
22495919
22497341
22534974
22649604
22737414
22737920
22879058
23194961
23230186
23288236
23411222
23420890
23495345
23598159
23632922
23841987
23980141
24022914
24051457
24190060
24246013
24249761
24286117
24339164
24352499
24377817
24394006
24415460
24464976
24563413
24593133
24642953
24648437
24810141
24904033
24940475
24962153
24963315
25195185
25211751
25278348
25286215
25445395
25634218
25730675
25822603
25888836
25921156
25949904
26070977
26092249
26111947
26202728
26206170
26207742
26241903
26264920
26322322
26402276
26467680
26474983
26503016
26504727
26551317
26613692
26619554
26619624
26692886
26699098
26851601
26865437
26884150
26936475
26942650
27095191
27430894
27462571
27560120
27649202
27764515
27872831
27903115
27930422
27975800
28182763
28234332
28241225
28253865
28298569
28385918
28683075
28721046
28831332
28943912
29044632
29081746
29211973
29366917
29371453
29393092
29515065
29548551
29881638
29927224
30022157
30067973
30126767
30160324
30181471
30642091
30730481
30760543
30975384
30978028
31009700
31063801
31202451
31245330
31265111
31269756
31333578
31362206
31502402
31541100
31561030
31628192
31803232
32023118
32088197
32112941
32172844
32217396
32363495
32382611
32446483
32502363
32557295
32786604
32801665
32825292
32891153
32937424
32963797
32991408
33051312
33063107
33076692
33077789
33198194
33289269
33339426
33368780
33408929
33477819
33516170
33805556
33859922
33888726
33897142
33909125
33938785
34073688
34075193
34144975
34146008
34159650
34342769
34353250
34381374
34440131
34504132
34534187
34555365
34574381
34679272
34810049
34885360
34899380
34986680
35161854
35318984
35341146
35394020
35441960
35449482
35489725
35505992
35516497
35536580
35589997
35600580
35636346
35643371
35697091
35718805
35737924
36129425
36254296
36257953
36428997
36471263
36488517
36519256
36681990
36731357
36789187
37054589
37055859
37075769
37100690
37117115
37192702
37228902
37292588
37298060
37314707
37327103
37344032
37404380
37419963
37442995
37446502
37471503
37509220
37594105
37646288
37750829
37886864
37932557
37999445
38308877
38331356
38439882
38471167
38475897
38508552
38536786
38571176
38624214
38632567
38666628
38694107
38775412
38822138
38893157
39019346
39053448
39078601
39220909
39315710
39328905
39398566
39455613
39881269
39887351
39935377
40061904
40075011
40122328
40197667
40302666
40346629
40489108
40532810
40539205
40781827
40801323
40808710
40822494
40945271
40947619
40955131
41043280
41078610
41258847
41302652
41346590
41503942
41585149
41594708
41622708
41736969
41867595
41901968
41967980
42064747
42183159
42226992
42398354
42414144
42429811
42438800
42455908
42459748
42559807
42609348
42618342
42715677
42949692
43134828
43216306
43225674
43262222
43433454
43438389
43579983
43609477
43699819
43907628
43923176
43998402
44002305
44172709
44259659
44290101
44458520
44493801
44662334
44804132
45078881
45191917
45240799
45288249
45375129
45403412
45412589
45524277
45525056
45608720
45608820
45835270
45890008
45931775
45978011
45987725
46187686
46202389
46237080
46284710
46466587
46597218
46624056
46792941
46975131
47020304
47328381
47364520
47496919
47568217
47590930
47595255
47638245
47777777
47892094
48094485
48185622
48262804
48324798
48327667
48427937
48455478
48471300
48480400
48642834
48701029
49047788
49094572
49390564
49404149
49434804
49565626
49843331
49854152
49875126
49883629
49903256
49980605
50127827
50214731
50353489
50417206
50481364
50658530
50702887
50728313
50730371
50731266
50815462
50873601
51042575
51138574
51196507
51256612
51279178
51324676
51427756
51431083
51502275
51516428
51518318
51946463
52237027
52256402
52289272
52312892
52522429
52535307
52567441
52576377
52589085
52626492
52639809
52684213
52757495
52803143
52843352
52850957
52863532
52885475
52938307
53038154
53126281
53173667
53243014
53329447
53376935
53405194
53421032
53678668
53730035
53744816
53819815
53903828
53994930
54021164
54035781
54077371
54137431
54152329
54261638
54263873
54331382
54365722
54478050
54749925
54772649
54817942
54830420
54868674
54888291
54898823
54975478
55135510
55140360
55160670
55696312
55698955
55777205
55826088
55830645
55938519
56086723
56208251
56300892
56374721
56452678
56469998
56488394
56572078
56619620
56636567
56716133
56796320
56880697
56933545
56988724
57023252
57067475
57069594
57079940
57136710
57180387
57228637
57251176
57283169
57405294
57436861
57459063
57571236
57642751
57750363
57857481
57868536
58048069
58084413
58329468
58481394
58549385
58566143
58612551
58635576
58749531
58842502
58917908
59215914
59231054
59288915
59319586
59556822
59639622
59740177
59761632
59875912
59907666
59922193
59928819
59944140
60002456
60043772
60116900
60287325
60325928
60433848
60503258
60807696
60814400
60838659
60860554
61208972
61322257
61343089
61465071
61485313
61527296
61593073
61657115
61660360
61761022
61848862
62028387
62032809
62073959
62168939
62211830
62239777
62265428
62446249
62526540
62562766
62596803
62606515
62618407
62717646
62782227
63091691
63123574
63129104
63257984
63374046
63551654
63741447
63769828
63794831
63839585
63966837
63995876
64020666
64051504
64165715
64371647
64373969
64409509
64527634
65031712
65044319
65271095
65497596
65549249
65562755
65576529
65723071
65732664
65747837
65842954
65872871
66052861
66055021
66187128
66200426
66261329
66307361
66377457
66407393
66446698
66468129
66569089
66594785
66766014
66872896
66915587
66993369
67165809
67181698
67187893
67271149
67455158
67487098
67525838
67727644
67741566
67832547
67970809
68056585
68058121
68101864
68161886
68177577
68178282
68195225
68229426
68391738
68413770
68416031
68420136
68479351
68490727
68658383
68687147
68726377
68827773
68846023
68932891
69009718
69064102
69367280
69421860
69433634
69753239
69917634
69953191
69970108
69975198
69992544
70031945
70116188
70160103
70269857
70278259
70389948
70394679
70439321
70445673
70446916
70613177
70639886
70646174
70730212
70862122
70996174
71043196
71047554
71155598
71160853
71186354
71243133
71265289
71378710
71508560
71557413
71586880
71690646
71697373
71834421
71952364
72009860
72199994
72229682
72270397
72307833
72356309
72440573
72463538
72551916
72571461
72606804
72718453
72719216
72815014
72824583
72897808
72935279
72942422
72960921
73027929
73154011
73177743
73177787
73398448
73407072
73510885
73537475
73587926
73671637
73721526
73759449
73769841
73890415
74088225
74116416
74188985
74202147
74235605
74387883
74471214
74540759
74553471
74566658
74660435
