For an array with 1000 items set in descending order, it took 0.001556785 seconds to sort the array using the merge sort algorithm.

Below is the array after having been sorted by the algorithm: 
23741
72213
252663
286635
342289
372501
496602
542254
686175
794339
856859
874061
901578
953064
972645
1163457
1201840
1224857
1230523
1308600
1329689
1421839
1469287
1787712
1797765
1836357
2019216
2190057
2364327
2367359
2422099
2464560
2488630
2542817
2813948
2846366
3143575
3300509
3451397
3478436
3551876
3657610
3813334
3913405
3920575
3938051
3984277
4082440
4124169
4200075
4258448
4303405
4377150
4497962
4582594
4604670
4622213
4622838
4659999
4892218
4964982
5027918
5044520
5045124
5075172
5238183
5250736
5417609
5425265
5429338
5520807
5636863
5776173
5965206
6016836
6062259
6145501
6205002
6237473
6271357
6284547
6293601
6347715
6615939
6641037
6660832
6765185
6787507
6898362
6971392
7039393
7160069
7206937
7348156
7362662
7483681
7498581
7511028
7521030
7533028
7556386
7756496
7777034
8049402
8093496
8222975
8229155
8308410
8406755
8652631
8684654
8731639
8763321
8900626
9264168
9269902
9278851
9326897
9362603
9393921
9461793
9561066
9624734
9717657
9735679
10025453
10061162
10117144
10139394
10169559
10233066
10370184
10371753
10398303
10430525
10505058
10514957
10556746
10595898
10702218
10730467
10790953
10810000
10865883
10877762
10944321
10978869
10984915
11085446
11114363
11188610
11326288
11326587
11371194
11458999
11591217
11968016
12008496
12356358
12499390
12657368
12693615
12799247
12802796
12915705
12930525
12947738
12971636
13148694
13153399
13160749
13327477
13341896
13344684
13381350
13467714
13557404
13586503
13680574
13746138
13749792
13781629
13782968
13874800
14001695
14086798
14121887
14145280
14406073
14421081
14442845
14589976
14759085
14900213
14923071
14960972
15030338
15103695
15127792
15134025
15156707
15431260
15571697
15584574
15671919
15781424
15798143
15799120
16040104
16178939
16261082
16283640
16326187
16354760
16380297
16381692
16403698
16518925
16918249
16985552
17227465
17414737
17466249
17499061
17501030
17537897
17551229
17584437
17594596
17644864
17648781
17668915
18046873
18108341
18108452
18279560
18294725
18295931
18423087
18494204
18759020
18886873
18931185
18991953
18992338
19132375
19220224
19289710
19332320
19374500
19416684
19498675
19533366
19637347
19865838
19973717
20019097
20130298
20182544
20300553
20314196
20476405
20519880
20665683
20739541
20750047
20766038
20972371
21084473
21105049
21336790
21453662
21473180
21605300
21694787
21703550
21725217
21777499
21816005
21877011
21879063
21889699
21895361
21932556
22112544
22119332
22317862
22430120
22462795
22476426
22478813
22609203
22676437
22733760
22960303
23124369
23148351
23218903
23296478
23465900
23483196
23590722
23618656
23878056
23895569
23944614
23972341
23979790
23995486
24045193
24123808
24163503
24220055
24250070
24312645
24313504
24467747
24640417
24737443
24805925
24935831
25023468
25187235
25252118
25289264
25541428
25948994
26092906
26093435
26146875
26151822
26174742
26189229
26215576
26239047
26362748
26451693
26705301
26710644
26743051
26870373
26886839
27003133
27015744
27053943
27111090
27224781
27251851
27257263
27309859
27319754
27334519
27334613
27358820
27592129
27618410
27667327
28060669
28098683
28106740
28379970
28426089
28434732
28522139
28588428
28619415
28758042
28759986
28764738
28972526
29035486
29054907
29067337
29089120
29136346
29265437
29741186
29838739
29870703
29885466
29938803
30014931
30063403
30071901
30104251
30185490
30372194
30419939
30593008
30654498
30657048
30893775
30912090
30945364
30961746
31131501
31186769
31290724
31298887
31439968
31444555
31477742
31503906
31537062
31553757
31577109
31783582
31841088
31904606
32036515
32181084
32210271
32233921
32296984
32388236
32397717
32410819
32412517
32474482
32499709
32639878
32683952
32732985
32793551
32921263
33118294
33167234
33313545
33448866
33650422
33799009
33855447
34012262
34052849
34152558
34153720
34249838
34315175
34542939
34658480
34771317
34819408
34849255
34904120
35000126
35054892
35162069
35185847
35212704
35214539
35292945
35350530
35379414
35396152
35431568
35431803
35441333
35568948
35574579
35589717
35616014
35684835
35855866
35902210
35953550
36041284
36069509
36076415
36142077
36280042
36358713
36502178
36518341
36564761
36599991
36682373
36731854
36833667
36876407
36968649
37004517
37025057
37374811
37393829
37422442
37534772
37672997
37795441
37942883
38030902
38094989
38118702
38331976
38352602
38405196
38476672
38511146
38537636
38559764
38585407
38602392
38638998
38647344
38748228
39117296
39250636
39365931
39367023
39367571
39418228
39465220
39497060
39529592
39546801
39658763
39731548
39743621
39752664
39753441
39844735
39917626
39919099
39925072
39984620
39996098
40086601
40168207
40219738
40224379
40281541
40418671
40458030
40472196
40675839
40730969
40735447
40833698
40894930
40917099
40966164
41106546
41144299
41204730
41449932
41493677
41510904
41567413
41571491
41575949
41633433
41644007
41710896
42045088
42089589
42208310
42272371
42323767
42374326
42378167
42444449
42474738
42649051
42657655
42711680
42756665
42756922
42772895
42774105
42826843
42872207
42950283
42950867
43006218
43047088
43086506
43115914
43239917
43387988
43481346
43584067
43597197
43727281
43790368
44058777
44100710
44152351
44229564
44256465
44289467
44315078
44355426
44395407
44397521
44432656
44437723
44456375
44543104
44554384
44659341
44683356
44808369
44809790
44887151
44923922
44935372
44951784
45064724
45128279
45135890
45139379
45150780
45158134
45183636
45220717
45330431
45512850
45558874
45775657
45784833
45909787
45933818
46277505
46314362
46394730
46528630
46549703
46575055
46589778
46664263
46776423
46916257
46928315
46985204
47111095
47220941
47455174
47591023
47634552
47685616
47691903
47712875
47748767
47892732
48025669
48054768
48095742
48171888
48260185
48392548
48443251
48714850
48791295
48896872
48958683
49059143
49061462
49193952
49235169
49434080
49480686
49580904
49681518
49778443
50046678
50295208
50488501
50633822
50636575
50712465
50746803
50766940
50842061
50890132
51018519
51020289
51036407
51116159
51165810
51166115
51278539
51281021
51300702
51325090
51377496
51457694
51525484
51542635
51775370
51784408
51895891
51947344
52094242
52109151
52231216
52232157
52320880
52380294
52408154
52412801
52458067
52524794
52645311
52648938
52699343
52767505
52792511
52853899
52901559
52949109
52969572
53172635
53248271
53310005
53460505
53473927
53503732
53559416
53589735
53645784
53669112
53708160
53730264
53883567
53917515
54022501
54056109
54181928
54186089
54214794
54243646
54344876
54379568
54484436
54774934
54819959
55171552
55301059
55333780
55499450
55519402
55555094
55617069
55656333
55664527
55737751
55846094
55863566
55878427
55923629
55942163
55954050
55982103
56071233
56075622
56237819
56338591
56338609
56513165
56637618
56677643
56802563
56818007
56879342
56894542
56924323
56970290
56970805
56986707
57055131
57124443
57313982
57507953
57520487
57583832
57590854
57625548
57632581
57706831
57736762
58289848
58452693
58552987
58567707
58849972
58884235
58997093
59068611
59071530
59079668
59166855
59179133
59229072
59502072
59521073
59588179
59627671
59639901
59706296
59809426
59935289
59951792
59982477
60036000
60038710
60052451
60197219
60278423
60282483
60604063
60706794
60942036
61038019
61066298
61092028
61191192
61305981
61453347
61676513
61806345
61857000
61860226
61867841
62318855
62490709
62653995
62671517
62764816
62778274
62791332
62825531
62853667
62913591
62943511
62979842
63008863
63106434
63184307
63188778
63226460
63321018
63457604
63498333
63554287
63584334
63699102
63822829
63905920
63919303
64004157
64018544
64102531
64318024
64522935
64624744
64627003
64783575
64960035
65173500
65206500
65208733
65241418
65385705
65420061
65488505
65519101
65564928
65571802
65749225
65958744
66096802
66114199
66185448
66283121
66305527
66348813
66518488
66552148
66729682
66917489
66948518
66989026
67198576
67220903
67240929
67290907
67321966
67344962
67368998
67497280
67595964
67793935
67805875
67864055
67881159
67895256
67895852
67954858
67957658
68183252
68375946
68523292
68542891
68608163
68667020
68686602
68733867
68853527
69018901
69148962
69220141
69423739
69426808
69520251
69529495
69538020
69574650
69630586
69660578
69734805
69828467
69921835
69946356
69948252
69955110
70052176
70116464
70183969
70195848
70229544
70302336
70345576
70417423
70449601
70457193
70501685
70589059
70766025
70779876
70924612
70985766
71007215
71076642
71089965
71108740
71136633
71168923
71174408
71194359
71264713
71277565
71282547
71291696
71330754
71349540
71433261
71460256
71542881
71642859
71644957
71790011
71797130
71858652
71893907
71897157
71946777
72034210
72105154
72173122
72227380
72239808
72291772
72307723
72319789
72387065
72535447
72559634
72776308
72784576
73076493
73109119
73137478
73244044
73300133
73304739
73349018
73410144
73420851
73619181
73714796
73783336
73907941
73945130
74052965
74143094
74191101
74354551
74404178
74625087
74904127
74992326
