For an array with 100 items set in random order, it took 6.6735E-5 seconds to sort the array using the merge sort algorithm.

Below is the array after having been sorted by the algorithm: 
784963
841487
952088
1547216
2340542
2528369
2814435
3259785
3455197
3560934
6050960
6431700
7594473
7769449
7973565
8065883
9467735
10191441
10218291
11043432
11185274
12101821
12350788
12354349
12753056
14844741
15615445
16901369
18050820
18370575
18419191
19708390
21684198
22092726
23266977
23268392
23562571
24241979
24687674
26561500
27809525
28683228
29585707
30774009
31542353
31818997
32996039
33476627
35074313
35396605
37103150
37486056
37922864
37938016
38991179
40923681
41768723
42622093
43370533
43855688
44040676
44180450
44339416
44534779
46576011
46615046
46859782
46984809
46999273
47379902
47649654
47783625
48894824
49468835
49782282
50451606
50525893
52742874
53832064
54858662
56159342
56838607
59837360
61110450
61246288
61310802
61871012
63286630
64219861
64598152
64808663
65047871
65160048
65608534
66238329
67558524
70496065
70834635
71475994
72442449
