For an array with 10000 items set in random order, it took 0.070493656 seconds to sort the array using the merge sort algorithm.

Below is the array after having been sorted by the algorithm: 
2
20757
22100
26180
41171
54109
54795
60535
83557
91622
94765
94901
106627
112892
115921
117668
121204
121224
126456
136798
150722
161211
167783
181282
197805
217492
220516
226605
227898
231078
237997
257562
258290
259286
271670
283250
289234
294323
300826
320306
327282
331136
331206
335143
348571
355161
364163
368789
381783
393903
397695
397740
410395
425676
433024
444910
472259
475847
476896
497488
511558
520056
526204
542999
544995
553026
554072
554836
566733
573108
580280
605075
611222
614114
638919
642659
654004
654953
683276
703608
708374
712070
721268
722821
726108
744194
756963
769930
770131
771435
781604
783025
791522
793943
804857
820187
823906
826113
838839
850750
854156
862316
870692
870753
880682
883716
886838
889955
905591
908246
917972
931267
935001
935156
938788
940769
949871
964248
970240
977224
979990
982022
992082
1015129
1017943
1020037
1026811
1043252
1052262
1052318
1056743
1061348
1063039
1065456
1076347
1085828
1102211
1103478
1126631
1126645
1131607
1132787
1135865
1139280
1141217
1145859
1156284
1159923
1160014
1166958
1182013
1197721
1207144
1223189
1228452
1229021
1232977
1238168
1240934
1254295
1279906
1298767
1304429
1313821
1314691
1328277
1330699
1334419
1335382
1341455
1345525
1375343
1381902
1407161
1408038
1419159
1422950
1427614
1438186
1439009
1461130
1476419
1482404
1489507
1491194
1493516
1496395
1502364
1503148
1503839
1525495
1531028
1539866
1547473
1548025
1554964
1564495
1567910
1568821
1568950
1572102
1573325
1582115
1582759
1586648
1589015
1589034
1597278
1602770
1604268
1609162
1611122
1619872
1620399
1622473
1628645
1643995
1646490
1651621
1652375
1656819
1664212
1672731
1677956
1684469
1691026
1698563
1711693
1712556
1724604
1744603
1747101
1751578
1762519
1763463
1772384
1776436
1777836
1777961
1780739
1781098
1781784
1793419
1818432
1832545
1835672
1837685
1839524
1841021
1845019
1855781
1867009
1878962
1883059
1891543
1891921
1894244
1926676
1933563
1934371
1940155
1958846
1960029
1966758
1972360
1974330
1990900
1993991
2000714
2006611
2013373
2015717
2023512
2029371
2034919
2047237
2049966
2051380
2055803
2066677
2069209
2076631
2106690
2124652
2130268
2143181
2148979
2160432
2176681
2177526
2182897
2185073
2192234
2197224
2204024
2211380
2212733
2225067
2227765
2229712
2250466
2274040
2277022
2295745
2297268
2297314
2317768
2319369
2322952
2329633
2334457
2341796
2362304
2372625
2389023
2395542
2407443
2426337
2433260
2441398
2445594
2448133
2451302
2469823
2472289
2480253
2480492
2482068
2487090
2490305
2498625
2499162
2508234
2514508
2517881
2524188
2528943
2530913
2538757
2540591
2541347
2541347
2548683
2566795
2569570
2573710
2578780
2586894
2589647
2598055
2604872
2609015
2616391
2622731
2625614
2632555
2639059
2658717
2678826
2696376
2701493
2710132
2716342
2724381
2729211
2731897
2732688
2743674
2743717
2757069
2757778
2757794
2758652
2761633
2764679
2772193
2789800
2795037
2811635
2823095
2823529
2834384
2843574
2844294
2845910
2877818
2890078
2895178
2898507
2903341
2904990
2908335
2934592
2935159
2935171
2937345
2943537
2967099
2967911
2972238
2975328
2977829
3002529
3006577
3017439
3032612
3032675
3047904
3049433
3056195
3056870
3059089
3064851
3065193
3067420
3070778
3082943
3087978
3098722
3099632
3111886
3113951
3117550
3128828
3139535
3155469
3159697
3164691
3194134
3207205
3223961
3233154
3244014
3251669
3283031
3296912
3302972
3304072
3306434
3307757
3308249
3314708
3319232
3321828
3324231
3328895
3337950
3354204
3359408
3361028
3362337
3362968
3364278
3370951
3385140
3399765
3416958
3420813
3421170
3428187
3442400
3450776
3454936
3461313
3484968
3490796
3504577
3512603
3514646
3529429
3530896
3532311
3532810
3534041
3536205
3538865
3540305
3542247
3547893
3557772
3573545
3578835
3596361
3596437
3601593
3616349
3622023
3626359
3630332
3636461
3639539
3644612
3654269
3671238
3676426
3701846
3711442
3728521
3734972
3738332
3744768
3747792
3753809
3757470
3758179
3760107
3763115
3770536
3773109
3779600
3781400
3786992
3791910
3793034
3799462
3800101
3806262
3813672
3823124
3834534
3841635
3854997
3857541
3868352
3869550
3880653
3883345
3885531
3888736
3894182
3901178
3902612
3907961
3909968
3911766
3917432
3919751
3927236
3933865
3941948
3959640
3970988
3978928
3982931
3991608
3998866
4006355
4017549
4033652
4034694
4053826
4097728
4098030
4098087
4121545
4124707
4130682
4141420
4143607
4146790
4169113
4181061
4186419
4190565
4194679
4199065
4213220
4216222
4221265
4236180
4247916
4250684
4254672
4283646
4286247
4294477
4296947
4298025
4301364
4307982
4311017
4316119
4321003
4322366
4322486
4328397
4328644
4337460
4339305
4340785
4341092
4350828
4359487
4365112
4365670
4371547
4373374
4382041
4385271
4390931
4397024
4416738
4427797
4431816
4450480
4455787
4466701
4468335
4472943
4474119
4474552
4479880
4480845
4491231
4493157
4493880
4518846
4525523
4526787
4527302
4539043
4545338
4548294
4551613
4553430
4555316
4586847
4598200
4604640
4616731
4626373
4627269
4645730
4659048
4662283
4669272
4675413
4692232
4700332
4704039
4713063
4717389
4734773
4742110
4770461
4779681
4785956
4790875
4793742
4797081
4801844
4815271
4825325
4829988
4832186
4837221
4851010
4856335
4864238
4875949
4879159
4881560
4892528
4894879
4899372
4907709
4910648
4910690
4914409
4922470
4927252
4936621
4945051
4946627
4953877
4961465
4963613
4978923
4979048
4985978
4995493
5017768
5024589
5047095
5047893
5049310
5057306
5059010
5063007
5067647
5067900
5068332
5097157
5119796
5120237
5123556
5141576
5142446
5150785
5154984
5163970
5164362
5178763
5180149
5188778
5193838
5195415
5200001
5203921
5210590
5219047
5227701
5243219
5257000
5258922
5268709
5271699
5271849
5273161
5274392
5276156
5276685
5283155
5293519
5302498
5312577
5314780
5315015
5327730
5346798
5347357
5351575
5366236
5374412
5375896
5390581
5394370
5395439
5401732
5403142
5404794
5408968
5418020
5424554
5446920
5448769
5455306
5471546
5472912
5476227
5481075
5482165
5491884
5491990
5501009
5524080
5526657
5528555
5530973
5531947
5538703
5545612
5546083
5553102
5556516
5558818
5575095
5575830
5577193
5583845
5588858
5598149
5598453
5604438
5607573
5618864
5619986
5621504
5631498
5642976
5643969
5645855
5653981
5659751
5662570
5670635
5674341
5681563
5696335
5710833
5720808
5729965
5731215
5732896
5752507
5761107
5776054
5776200
5793494
5803797
5813299
5817885
5820315
5829700
5832596
5837111
5847886
5852813
5854947
5857892
5862953
5880296
5886143
5893458
5899978
5917675
5932394
5935009
5950460
5954445
5972536
5977305
5981219
5986044
5990171
6008024
6015930
6016944
6018590
6029408
6032511
6034129
6051858
6056943
6065097
6066650
6075530
6076743
6095715
6097683
6101398
6115127
6115615
6125314
6128643
6137854
6140447
6153712
6157341
6160359
6165188
6182697
6186787
6188849
6197350
6209991
6213078
6216815
6218902
6237043
6242958
6265075
6267794
6269162
6274454
6287698
6298194
6298743
6319986
6344284
6348854
6351601
6352420
6353079
6357568
6365271
6380041
6385023
6392092
6395203
6395397
6403091
6413871
6420524
6421154
6431139
6448068
6450467
6455123
6457939
6460360
6460560
6461932
6472558
6483167
6487541
6504665
6513409
6516726
6526166
6536119
6550304
6551335
6562504
6568756
6582971
6588383
6598107
6605419
6612710
6614613
6622682
6624763
6627799
6631549
6636842
6652873
6663907
6666305
6675700
6680669
6687590
6688200
6698515
6702849
6711413
6717439
6720015
6721566
6738273
6750356
6755307
6789624
6790320
6792033
6797671
6805091
6809266
6812440
6813227
6817210
6821070
6830416
6849071
6853980
6863650
6867000
6871594
6873881
6874114
6879176
6888001
6892959
6898310
6912030
6914002
6926745
6943210
6944182
6944409
6945566
6947439
6948034
6950869
6952242
6953749
6958486
6965561
6971974
6990333
7010883
7020372
7036644
7045410
7052179
7053861
7057315
7059063
7065141
7066798
7069856
7082146
7084406
7088592
7096589
7097930
7099184
7100950
7104447
7109110
7121880
7125532
7127799
7139142
7139537
7140966
7152401
7164350
7165352
7183509
7195628
7196477
7200151
7203700
7212529
7217648
7226657
7240584
7241275
7245679
7249031
7259911
7264545
7268335
7271770
7280832
7290397
7298522
7309305
7313559
7318404
7333880
7338991
7352366
7359692
7365596
7366318
7372320
7373931
7384536
7386176
7387509
7413722
7414061
7418951
7423864
7434120
7441781
7449405
7452320
7453410
7454722
7456396
7462349
7462956
7463407
7463710
7477084
7485889
7488858
7495803
7506016
7508090
7515851
7517634
7521486
7528825
7534401
7573595
7580263
7586201
7598694
7645617
7657882
7670100
7716272
7717568
7722682
7729658
7733882
7745581
7750567
7781656
7786957
7789084
7789814
7802027
7805934
7807268
7836935
7841356
7845712
7846206
7860547
7863303
7869111
7874976
7883072
7884913
7886894
7887690
7890416
7922502
7940611
7941262
7948258
7960418
7961731
7973494
7984573
7991687
7992568
7999203
8005516
8010589
8018374
8023613
8024990
8035571
8042214
8045525
8048798
8064067
8074986
8083652
8089644
8100595
8106094
8113641
8118595
8119535
8120559
8124245
8125780
8128949
8137013
8138333
8148861
8152613
8153466
8163000
8172055
8174245
8182257
8182957
8194707
8211103
8215034
8215231
8215514
8216727
8217165
8219263
8219798
8221798
8283697
8286091
8286772
8293481
8296029
8296040
8301377
8309679
8328137
8340353
8342377
8343009
8378455
8378522
8393120
8395328
8397081
8401111
8407466
8419244
8421589
8425203
8438623
8444463
8454140
8470655
8476891
8477800
8478643
8482764
8484371
8485135
8485733
8487002
8493656
8504487
8508711
8520998
8527286
8576994
8579359
8583470
8605065
8605693
8616866
8633771
8641119
8664371
8672374
8676674
8686435
8687157
8698183
8707547
8711972
8717463
8718719
8724243
8724763
8730334
8744575
8775073
8779589
8786094
8791355
8794912
8798285
8798434
8809659
8839624
8841270
8844538
8858416
8865565
8865797
8873226
8888812
8893394
8897459
8910893
8926031
8930575
8934419
8934545
8952316
8954945
8955268
8997707
9014703
9021406
9029390
9031565
9035093
9048148
9051412
9053524
9061392
9068851
9077038
9086974
9088297
9118321
9119851
9124736
9128100
9131823
9138737
9148126
9148404
9160033
9161076
9168678
9186300
9190275
9193073
9203750
9218948
9219353
9219772
9220980
9224174
9239038
9244517
9253219
9259658
9269897
9271533
9281751
9283989
9311037
9320197
9334027
9338817
9343208
9344228
9345022
9348273
9356353
9361444
9372662
9373269
9373494
9375957
9379845
9382489
9397005
9400990
9412870
9414424
9416801
9429875
9434694
9445787
9446378
9456428
9463362
9478805
9485236
9505030
9505840
9508659
9521692
9526649
9532364
9542853
9547993
9551142
9552265
9557014
9565842
9569259
9576707
9579292
9591378
9617806
9620414
9630442
9631576
9632360
9632748
9638364
9638522
9639459
9642984
9646048
9654433
9657456
9671747
9677715
9683216
9723779
9726103
9730354
9731670
9732981
9734785
9737888
9741320
9771961
9781092
9786996
9790310
9793356
9799554
9804145
9804276
9805999
9813198
9830391
9830926
9834566
9848486
9848737
9853868
9858236
9862972
9886975
9891733
9899547
9904383
9909517
9923854
9933861
9934133
9946510
9951626
9960181
9973754
9988571
9995145
10008624
10023922
10032239
10041790
10042152
10050976
10055047
10081373
10081387
10087963
10090948
10091531
10108616
10114228
10116973
10117659
10119262
10119951
10126747
10142403
10160774
10166339
10169609
10173716
10177289
10184992
10189158
10194393
10220092
10221672
10224062
10224775
10227081
10228760
10235427
10242512
10242821
10258185
10282759
10286144
10295109
10296150
10302228
10302230
10315257
10315662
10317164
10323603
10331493
10333529
10335385
10338385
10339156
10357378
10364554
10368447
10372078
10383734
10395174
10397463
10399372
10409376
10417350
10421096
10426530
10453883
10458277
10460203
10463179
10477448
10481895
10506700
10510744
10511394
10515522
10517415
10538306
10543498
10545104
10545502
10548909
10556879
10557669
10572636
10585933
10592429
10595845
10633816
10635276
10637072
10645089
10650469
10654387
10662446
10670157
10676247
10679132
10683315
10690601
10697217
10701404
10701982
10707888
10711405
10714719
10717118
10717801
10717924
10733282
10737932
10738235
10748108
10748135
10749155
10753156
10757847
10786612
10794697
10795635
10797830
10810822
10819777
10833395
10841660
10852407
10856051
10859424
10869401
10888269
10891021
10895217
10907747
10913253
10924851
10925566
10929589
10948216
10954435
10962334
10964573
10968441
10969280
10969530
10974115
10975458
10986106
10987501
10994842
10996035
11018146
11020383
11024075
11033195
11041250
11041518
11048180
11052773
11056138
11058521
11071517
11073871
11090859
11097477
11104905
11113904
11116766
11121141
11123507
11126031
11141573
11158881
11159411
11161638
11168350
11179187
11183963
11198645
11211546
11214727
11215909
11219208
11222876
11233998
11248288
11256077
11256871
11272721
11277485
11282352
11295140
11295823
11310945
11320617
11321657
11338655
11344136
11346327
11347800
11350844
11354305
11363513
11370370
11373634
11379752
11381195
11391669
11391976
11399260
11404863
11407138
11413921
11423796
11433236
11436431
11437077
11453289
11453820
11473751
11496023
11497482
11512859
11521969
11523919
11527172
11535749
11540349
11549753
11551848
11558212
11575009
11588326
11594857
11623121
11628718
11636156
11644690
11664824
11676926
11684022
11689376
11704255
11715692
11716806
11719495
11729343
11729793
11733006
11741248
11741879
11745316
11781952
11782013
11794605
11827423
11829226
11836172
11846214
11847672
11848921
11874648
11878304
11882759
11895416
11900146
11911026
11911307
11912083
11920091
11922007
11933905
11940912
11948055
11949432
11964845
11968077
11994308
11996511
12000250
12018902
12021637
12028002
12028924
12030424
12043537
12047714
12048130
12062943
12069918
12074325
12080898
12090794
12096969
12101803
12102732
12104762
12104895
12106274
12106927
12112591
12119004
12135004
12152451
12159920
12167840
12184082
12197266
12218306
12227191
12229221
12231091
12236581
12248740
12250472
12262440
12279839
12284143
12284645
12284927
12303308
12316816
12318714
12342834
12370670
12373505
12380219
12381705
12387382
12390996
12392036
12392484
12393016
12393324
12398671
12414492
12416395
12418672
12421029
12430436
12450046
12451111
12459087
12461672
12464090
12477884
12495347
12499273
12501436
12515250
12519183
12522239
12530512
12542520
12542946
12548095
12549116
12551123
12551930
12554365
12554500
12557201
12562723
12578982
12583571
12592500
12597195
12598877
12617216
12627421
12630638
12631328
12638347
12662036
12664815
12693645
12702116
12708366
12712849
12740914
12745736
12750854
12764833
12772825
12776195
12786676
12789919
12793537
12796520
12811965
12823033
12831130
12832271
12848311
12849971
12856485
12865324
12895027
12897353
12899289
12903259
12917614
12920798
12929623
12937508
12939964
12941142
12947574
12948501
12948527
12986393
12986402
12992171
12998722
13001788
13004546
13012228
13026814
13026966
13031882
13035989
13037354
13039357
13066877
13066938
13073243
13082352
13085288
13090202
13094063
13109600
13111133
13111453
13114535
13115083
13135957
13149604
13154996
13155141
13157620
13158075
13163056
13166405
13180511
13198434
13208265
13209253
13216904
13223917
13227438
13240365
13240586
13248202
13250912
13264040
13271549
13272410
13273517
13274830
13281627
13296936
13313500
13313984
13314032
13326851
13328834
13336205
13345194
13345542
13372942
13377286
13380700
13389259
13413442
13423659
13434951
13445337
13478126
13495980
13497811
13503968
13524685
13526191
13528066
13529002
13530338
13544674
13545735
13546652
13547565
13565539
13572332
13615493
13627216
13628406
13631617
13658537
13662586
13678689
13688854
13699631
13708388
13716497
13722905
13726921
13729582
13746784
13755301
13780737
13780958
13782991
13799500
13806523
13819015
13821103
13823927
13830896
13838013
13847581
13849161
13856204
13885872
13886426
13889972
13890129
13905744
13909500
13939403
13948301
13956644
13966799
13969734
13971414
13972909
13979831
13982129
13985459
13991087
13993004
13995583
13997516
13999231
14005196
14016099
14028843
14031364
14040249
14046316
14059920
14069921
14076516
14077889
14086245
14095279
14103074
14104744
14105654
14105812
14112531
14118284
14122930
14124688
14125465
14132583
14134561
14134820
14139506
14142158
14142737
14168970
14176969
14177848
14177924
14187025
14188761
14194576
14201953
14208693
14211309
14227364
14229054
14229065
14233062
14233161
14238885
14242693
14242934
14246835
14261772
14266055
14268151
14268978
14272281
14278566
14290165
14293340
14295165
14302796
14306627
14310226
14310350
14316164
14324289
14325228
14330263
14341740
14367277
14369980
14375871
14388632
14390839
14391973
14396275
14398614
14435541
14438983
14444824
14446002
14459315
14459543
14462902
14463009
14463042
14464801
14470283
14470880
14472456
14490685
14498812
14502921
14504558
14508398
14533905
14557695
14573747
14576320
14585792
14592707
14605694
14628603
14651551
14659300
14665674
14667585
14671477
14677008
14685058
14696678
14706576
14707842
14725683
14737725
14743062
14756725
14758096
14780974
14797812
14815258
14822859
14825287
14831513
14833260
14864546
14865920
14878286
14884493
14887965
14890740
14892884
14896024
14933245
14935001
14952080
14967373
14970190
14973109
14980301
14982638
15014191
15018644
15040984
15046660
15052809
15069975
15070211
15076606
15083325
15103845
15109311
15114067
15120607
15122021
15128352
15138388
15147008
15166129
15168010
15169271
15182850
15183632
15187439
15194519
15210459
15214481
15220487
15232394
15239896
15240660
15258519
15258558
15267676
15280827
15281235
15281357
15289213
15289659
15302155
15305192
15323163
15337298
15348620
15348885
15350987
15359766
15362279
15367069
15369541
15369712
15389292
15407841
15413082
15430045
15431670
15438843
15453492
15463815
15478277
15491862
15495214
15495515
15509516
15532018
15545001
15554082
15557362
15577964
15579048
15587378
15591373
15608044
15608236
15617881
15624855
15627384
15643673
15653064
15661629
15672817
15691460
15700421
15707331
15717544
15718468
15729233
15733180
15745837
15760107
15761482
15762238
15764661
15765485
15773220
15777062
15791055
15797032
15797757
15801116
15819388
15831616
15836947
15836956
15837253
15866715
15876959
15883819
15891120
15893435
15896835
15896857
15898932
15911999
15913365
15917208
15924401
15939753
15943328
15945021
15949014
15950849
15968335
15972395
15983236
15988356
15991516
15997666
16001840
16011244
16014534
16016272
16018835
16024783
16030287
16035016
16051222
16058850
16078324
16081750
16083379
16097592
16109906
16110497
16110659
16113105
16113325
16116637
16138792
16139861
16146206
16150730
16152825
16157553
16170238
16172975
16188248
16194587
16218862
16227946
16241666
16241996
16250216
16251309
16265245
16273381
16297477
16298764
16312246
16313332
16318686
16321434
16334993
16351797
16354032
16355433
16367565
16371747
16383226
16384797
16415789
16431895
16450388
16457064
16459557
16461184
16496415
16501029
16504042
16520974
16529909
16533521
16541676
16542650
16561886
16563285
16565323
16587920
16594763
16599451
16610809
16617029
16623600
16631669
16648076
16648485
16654066
16661937
16666628
16681156
16684481
16694073
16697636
16701712
16706345
16711174
16716226
16726536
16729467
16741405
16759871
16761639
16762037
16799152
16805038
16811136
16812820
16831666
16844137
16851817
16859418
16873062
16874359
16875453
16875958
16882469
16888183
16895086
16899257
16900383
16901164
16907588
16913997
16919241
16930450
16933870
16950900
16953560
16960980
16963532
16974172
16977068
16983222
16983965
16995393
17013179
17016662
17022415
17022433
17027638
17028806
17032265
17037756
17043585
17044854
17049642
17050012
17051475
17052769
17059772
17073082
17084797
17085107
17086092
17103701
17105366
17107425
17126927
17129555
17140050
17144962
17145407
17159827
17184005
17214874
17216653
17223841
17237443
17252523
17261791
17269684
17273411
17290036
17295191
17297860
17320063
17325467
17347260
17351362
17367680
17373375
17380212
17382664
17385791
17396459
17396971
17397087
17397669
17403172
17425814
17432660
17458758
17462842
17481467
17490900
17497950
17501467
17505043
17529754
17533479
17549545
17556487
17558931
17559514
17569367
17574577
17595165
17599014
17607911
17614050
17624451
17626706
17638074
17642766
17646550
17648624
17666571
17676072
17679731
17682923
17688899
17689877
17703185
17707158
17713534
17714000
17719203
17732804
17739067
17744751
17749043
17753594
17757250
17758357
17767703
17769655
17772944
17783291
17784966
17791784
17797846
17800805
17805411
17805558
17813606
17820811
17829530
17847896
17862776
17871037
17878879
17891171
17901695
17912774
17922387
17928111
17928352
17931027
17951328
17953059
17964966
17980399
17993600
17999493
18001035
18005017
18008101
18009509
18014542
18021151
18025618
18028801
18032872
18038331
18047483
18053022
18053996
18059975
18060770
18062755
18088387
18097118
18098067
18103080
18107716
18115588
18124302
18131022
18143064
18147355
18147429
18151887
18154992
18155519
18182126
18183878
18185470
18203218
18206169
18216438
18223399
18232234
18232725
18236270
18236385
18244740
18275529
18276677
18307351
18308711
18316227
18325439
18330685
18333454
18344420
18351006
18353057
18360092
18373018
18378480
18381707
18388177
18389992
18399561
18415747
18416221
18420416
18420767
18420938
18427765
18443749
18448699
18450069
18450403
18452518
18454546
18455643
18463710
18466507
18468742
18472935
18476928
18480028
18484151
18484594
18494789
18496076
18506364
18513439
18517911
18535899
18541748
18542583
18547998
18567800
18567957
18568267
18571579
18571819
18573639
18577831
18600754
18622236
18623782
18632356
18644391
18645008
18645437
18655411
18658971
18667343
18677079
18683468
18689635
18700263
18713506
18723092
18723782
18726567
18738656
18746161
18748493
18749271
18749301
18756285
18764025
18768234
18778002
18780418
18784826
18793157
18793981
18798746
18809933
18810281
18822693
18824534
18833256
18843910
18850552
18860581
18865806
18875344
18877778
18894749
18899330
18903358
18907309
18912912
18916878
18922157
18942498
18944907
18958997
18959000
18959419
18977483
18980788
18985154
18991745
18998542
19001079
19001585
19005699
19007059
19007780
19009970
19022505
19026829
19029752
19053126
19069172
19075501
19077498
19098189
19100692
19100886
19104161
19116063
19116497
19120121
19128640
19145944
19147553
19147803
19162034
19170074
19171811
19183079
19189498
19208883
19217646
19228984
19229586
19236774
19239559
19246407
19256655
19261626
19272113
19292280
19294895
19295568
19307146
19310096
19321723
19323273
19323393
19324510
19327163
19331890
19346188
19351901
19355663
19356121
19356570
19366959
19373199
19390352
19395647
19397827
19397950
19398242
19426699
19432010
19461862
19468371
19471627
19472835
19474755
19478510
19490934
19494024
19494909
19502709
19512532
19512819
19513485
19516306
19521193
19528065
19530446
19545507
19548013
19549863
19556537
19567812
19570854
19580825
19587350
19591196
19591361
19603130
19608307
19615113
19627741
19628036
19634738
19634870
19640824
19642559
19652222
19653180
19657618
19659044
19665824
19675490
19676766
19687288
19697383
19708682
19713368
19714397
19721540
19732589
19734903
19753999
19761148
19775292
19775752
19790634
19796062
19815071
19824492
19830770
19844335
19847473
19854429
19864776
19876473
19889222
19890077
19922163
19939646
19942840
19946579
19959268
19979774
20008986
20011473
20029701
20044280
20049268
20053144
20060542
20072550
20072945
20074215
20078931
20110791
20114642
20120099
20122133
20140200
20145748
20150083
20152843
20157231
20173477
20176791
20185201
20185417
20186387
20196870
20215596
20217222
20224240
20224454
20224837
20225227
20250138
20260804
20273686
20291398
20291734
20296590
20302575
20313275
20313935
20323202
20323791
20324319
20330950
20333088
20336141
20336344
20343651
20348020
20351439
20364106
20376368
20383296
20387373
20389297
20390429
20410091
20434526
20462431
20464556
20468693
20469254
20472965
20478907
20484300
20500437
20511398
20511842
20515198
20534673
20545232
20560668
20561930
20563417
20565410
20580711
20598758
20609996
20619770
20623527
20624029
20638694
20652280
20656694
20670847
20686549
20688851
20700589
20703012
20705854
20725905
20728228
20744543
20747722
20748031
20750368
20751240
20755327
20764919
20765651
20773869
20775444
20777773
20784565
20790426
20801715
20802205
20804961
20812156
20818453
20824542
20847848
20848143
20852456
20861459
20875527
20879412
20900076
20900310
20901612
20906757
20932423
20936298
20945012
20956708
20964686
20965769
20969858
20978445
20985699
20993807
20996211
20996662
21002076
21004404
21005208
21009991
21020698
21020801
21024750
21026691
21028860
21034348
21043823
21050789
21053149
21055776
21061754
21082668
21097026
21112329
21126827
21134585
21143922
21158363
21161431
21168724
21177505
21191323
21191627
21194692
21198206
21219691
21223245
21232928
21233521
21240402
21248187
21250410
21252252
21256711
21268974
21272860
21274331
21286523
21291220
21308134
21313077
21313270
21317727
21324983
21328740
21343834
21344568
21345501
21358954
21368870
21373559
21383497
21434637
21438792
21440007
21487052
21487269
21496590
21501326
21503442
21510379
21523646
21537115
21539015
21566362
21575865
21577800
21593883
21596848
21599325
21599552
21628129
21641074
21664418
21669622
21670255
21672640
21680193
21682859
21692330
21722461
21758566
21817747
21825860
21846779
21846962
21847822
21865465
21882231
21891349
21903610
21910949
21911222
21935754
21940378
21946371
21954420
21958981
21976958
21983234
21987953
21991643
21991994
21999070
22001437
22005534
22008085
22010095
22010948
22021388
22035188
22052649
22058021
22061721
22064660
22066109
22071686
22090637
22099787
22099834
22102817
22113280
22143750
22169176
22171217
22174342
22182655
22190803
22191785
22197932
22209591
22212459
22232700
22236195
22236290
22248490
22249797
22253254
22268882
22273063
22274709
22290936
22306705
22311715
22314068
22314114
22326418
22337401
22342428
22343652
22343927
22345324
22346712
22368325
22368967
22369212
22375937
22376720
22378716
22391187
22395675
22408544
22419521
22420458
22445887
22455319
22455870
22470430
22473903
22489033
22492067
22494695
22509050
22514014
22523894
22546175
22563937
22579762
22604889
22614492
22630136
22631344
22639343
22654197
22663963
22673106
22680576
22681788
22681984
22684523
22687902
22690143
22713177
22714054
22734532
22736847
22739847
22744670
22749574
22752368
22754858
22767922
22776113
22787534
22792154
22801941
22812674
22815890
22816088
22817994
22827565
22827636
22830119
22831379
22843380
22845476
22845863
22847597
22862338
22867737
22876374
22898315
22907378
22908155
22910109
22915513
22916841
22917942
22921282
22937837
22938402
22943033
23018150
23031324
23037214
23037685
23047935
23051602
23070691
23071703
23078379
23101925
23103163
23114055
23128938
23131395
23145385
23165118
23167069
23170181
23177955
23179262
23179993
23192119
23194478
23208303
23214754
23225801
23233783
23238695
23240988
23241202
23253517
23254507
23256211
23256495
23268124
23293029
23300181
23304166
23318483
23349102
23363962
23375002
23379282
23398644
23402750
23436587
23439024
23441286
23442676
23476574
23483390
23487190
23489753
23491598
23505648
23506183
23509968
23525760
23531571
23577856
23578328
23582104
23589445
23637036
23643946
23646250
23663611
23664961
23674086
23679594
23703325
23714784
23716989
23717229
23722387
23727646
23728209
23732295
23734073
23743188
23747335
23762336
23771440
23778649
23784821
23796255
23797772
23799756
23802925
23804356
23823579
23830188
23832290
23834878
23842961
23852453
23852544
23859392
23875019
23876891
23882420
23891348
23892304
23898004
23905605
23908658
23915426
23916655
23925086
23936262
23939564
23944252
23956001
23956384
23997145
23997915
24021043
24028039
24031158
24034771
24053849
24070533
24081092
24094891
24097194
24098703
24111456
24111592
24114037
24115638
24134185
24135607
24138521
24138759
24143561
24150295
24154289
24157094
24160881
24164739
24169657
24192805
24193140
24221993
24233331
24234016
24234935
24243974
24245150
24251044
24262716
24278880
24289323
24289718
24296274
24321488
24326353
24346744
24353595
24355336
24366296
24385436
24386976
24404435
24412711
24416106
24427421
24427842
24429957
24443459
24443893
24462504
24468066
24474123
24475987
24505604
24537618
24539946
24540559
24555260
24565785
24565930
24566005
24576011
24581838
24588188
24592928
24595392
24596920
24598362
24608318
24609702
24610787
24620587
24626746
24637662
24638989
24645443
24645587
24645608
24663193
24680739
24695549
24704822
24713101
24719244
24721954
24722852
24726238
24727979
24735611
24747086
24750318
24766899
24767124
24772986
24780274
24789067
24800192
24806268
24818466
24823667
24836485
24839964
24840823
24847538
24856184
24867097
24874154
24884061
24895223
24912113
24936999
24945548
24983494
24986131
25001870
25007575
25014565
25029739
25038043
25045805
25045892
25073714
25088522
25127727
25131205
25134078
25135136
25137123
25145767
25151751
25159610
25168300
25170546
25170715
25171217
25171223
25172881
25177130
25185315
25192324
25199840
25221980
25222111
25231001
25234954
25236822
25239300
25246603
25253697
25255096
25255810
25257356
25261529
25267157
25275357
25275959
25297876
25323051
25338954
25342166
25355102
25361346
25364129
25372629
25377606
25391706
25398453
25399705
25400608
25400614
25401434
25415764
25430803
25435510
25471061
25475236
25479577
25483072
25484826
25490811
25495119
25496281
25500101
25518059
25519655
25555398
25568069
25578022
25578279
25578651
25584013
25597352
25602265
25606561
25606901
25621918
25640969
25643749
25645801
25645805
25665015
25666885
25667168
25670958
25678377
25679940
25705523
25720659
25729920
25746101
25749867
25751551
25758564
25765172
25767073
25771683
25776641
25777910
25782682
25793965
25803536
25812313
25822001
25832404
25842510
25844557
25849894
25862790
25877746
25889177
25906854
25916089
25923345
25923409
25927115
25931494
25934593
25938734
25945552
25949693
25950486
25951958
25955459
25959562
25964163
25966471
25987763
26003123
26011669
26017262
26024479
26047448
26049905
26056683
26059642
26061551
26068631
26074992
26083301
26087697
26094413
26104240
26104999
26108972
26121046
26138874
26150155
26158892
26169663
26169967
26183298
26185522
26188680
26199089
26201968
26208193
26214248
26216454
26218413
26220191
26229549
26236653
26253539
26265049
26289325
26291469
26313778
26324983
26346019
26364205
26367814
26370197
26376250
26377214
26382837
26385861
26393120
26403729
26407849
26413808
26421982
26426017
26429055
26430664
26435542
26445925
26447130
26447535
26457128
26461731
26476109
26506289
26512310
26513114
26529003
26533013
26535846
26552685
26554817
26556204
26561938
26571912
26573512
26582005
26584800
26587340
26593546
26597809
26602332
26614755
26618495
26627304
26632038
26634475
26639959
26655816
26663686
26671269
26690867
26698220
26699559
26702598
26707437
26724180
26751135
26756207
26763426
26775125
26782612
26800544
26804308
26807628
26807934
26809230
26814148
26822984
26826833
26829011
26855980
26863618
26879265
26885399
26891030
26900062
26903530
26910442
26925060
26926345
26929807
26945598
26964902
26964952
26967434
26968920
26976857
26978263
26980522
26986949
26994842
26999816
27000111
27008961
27015808
27025124
27028362
27037816
27038963
27044173
27049928
27054847
27068444
27070461
27097203
27122171
27124491
27133138
27135527
27139106
27147085
27155513
27161363
27180361
27190514
27192500
27192790
27215653
27220272
27222035
27229361
27240340
27241268
27249130
27257799
27269933
27271843
27279646
27280435
27282547
27285517
27295072
27327818
27327998
27330657
27341736
27343965
27344651
27352568
27357779
27368519
27372829
27375344
27381627
27396221
27398226
27402747
27403519
27405646
27407375
27414438
27442499
27444013
27444946
27445409
27449725
27454425
27457962
27461711
27466089
27469727
27471053
27476982
27477143
27480914
27493341
27493442
27495384
27505227
27527679
27535826
27564821
27576357
27582774
27610264
27621079
27624549
27631367
27634398
27639901
27643449
27650039
27650642
27652608
27654832
27659038
27659850
27671520
27678541
27684021
27688825
27690404
27693553
27701373
27735616
27743962
27758669
27764210
27767520
27769777
27790864
27794351
27796485
27811248
27854136
27859442
27862107
27864860
27887023
27896483
27908680
27911591
27911967
27913058
27925441
27928765
27928994
27930139
27932637
27935190
27939047
27943455
27949661
27955153
27956516
27961747
27968673
27971259
27974630
27977513
27981603
27985559
27996913
27998279
28000195
28003323
28027136
28027214
28027753
28032233
28044144
28067670
28069410
28085781
28089386
28097891
28098252
28104920
28114599
28122549
28125974
28156662
28160177
28175602
28180266
28180549
28189134
28203795
28206441
28214565
28220462
28229770
28238449
28242777
28259804
28288476
28291653
28293485
28316299
28325277
28332943
28335389
28350701
28371313
28372352
28376295
28378254
28380528
28381665
28388231
28398971
28410111
28414618
28416565
28418960
28424402
28441047
28441883
28446993
28448387
28449975
28468756
28469126
28479720
28481857
28484193
28495039
28512728
28521652
28529368
28529621
28534501
28553300
28564041
28565739
28593590
28607788
28628069
28633781
28638859
28658087
28668626
28674794
28691114
28695588
28698146
28698442
28699496
28704642
28704869
28708870
28718574
28733571
28739650
28740339
28744384
28744412
28747154
28752625
28759051
28770230
28793113
28802264
28819468
28822708
28840198
28844252
28855345
28856181
28872915
28892216
28894540
28900556
28910073
28918610
28927596
28934142
28938485
28945371
28945630
28949685
28952519
28953958
28963019
28963401
28966814
28974428
28980284
28985439
28989310
28991826
28995782
29001660
29001913
29049988
29068283
29073883
29114790
29117776
29120571
29120873
29123470
29144529
29145974
29152697
29155119
29161847
29181226
29184814
29196225
29196677
29199868
29208995
29217687
29222120
29223391
29233328
29234009
29236244
29237808
29270193
29296091
29310755
29324738
29334022
29358130
29359690
29375184
29381860
29383980
29393629
29400315
29402300
29422534
29424625
29455934
29462084
29478416
29488248
29490784
29491997
29503090
29520386
29542679
29544182
29545284
29549131
29550564
29550566
29576339
29584242
29588189
29588373
29608782
29612639
29616029
29620204
29624137
29630498
29635058
29639010
29650169
29658264
29671049
29674879
29677939
29678304
29680676
29683431
29687201
29694141
29730559
29733140
29740101
29749230
29753315
29757795
29758783
29768503
29779359
29780920
29804054
29815219
29830087
29842599
29860984
29865021
29876748
29894508
29905757
29919942
29939456
29947506
29965946
29966860
29979297
29981890
29987951
29990546
30002072
30007562
30010764
30011222
30024533
30029400
30034371
30037938
30041339
30047818
30052110
30061636
30068941
30073358
30074877
30078548
30087097
30096810
30111835
30114270
30119982
30133644
30149377
30158658
30161866
30162146
30171489
30171490
30171808
30189407
30190452
30198481
30200810
30201810
30202543
30204280
30209778
30213880
30216159
30219325
30221946
30222051
30233917
30234482
30266978
30274835
30277948
30286784
30313256
30326117
30326474
30332410
30332913
30334422
30340359
30354389
30357129
30363670
30372591
30375625
30376648
30376654
30385111
30397763
30399318
30400170
30401100
30426684
30432592
30448811
30452135
30476783
30482965
30489288
30508552
30509127
30509782
30512565
30514920
30525514
30537347
30557508
30559602
30579760
30582730
30584238
30593816
30599597
30618991
30619652
30627449
30644067
30644741
30649272
30651514
30654886
30656333
30657697
30660219
30678869
30680401
30684204
30693703
30694448
30700676
30702265
30703178
30703893
30742092
30748632
30753930
30759256
30761996
30774276
30775679
30785706
30816676
30817030
30817148
30820676
30825840
30851858
30858545
30864324
30865588
30877328
30888035
30892455
30893465
30896856
30906504
30931169
30944580
30945465
30962414
30979745
30984536
30985129
30985277
31001533
31005713
31008563
31017405
31017860
31020316
31025726
31026650
31034279
31045000
31046587
31053782
31056628
31067737
31073024
31077492
31092719
31095361
31126813
31154470
31161754
31165452
31173999
31181178
31185003
31187097
31190418
31219160
31228020
31236924
31241195
31250115
31252110
31290502
31296706
31307219
31308135
31320270
31322714
31329072
31329405
31341228
31343147
31343674
31345178
31345798
31348080
31357713
31358380
31365074
31389886
31391542
31398907
31409659
31415546
31415907
31419111
31431753
31436270
31446672
31447042
31461885
31477525
31480624
31486541
31520550
31538684
31541276
31541746
31551333
31582494
31589320
31597465
31605133
31621359
31627900
31632661
31639151
31654773
31658277
31661437
31674655
31679007
31688029
31689556
31690460
31704125
31705484
31706764
31707818
31723628
31737008
31737650
31744074
31745304
31745493
31746011
31752020
31752526
31776457
31789796
31793782
31796040
31800288
31800325
31805088
31806938
31810625
31822684
31828849
31835690
31854427
31855726
31860518
31861838
31877000
31880769
31886507
31886826
31896278
31902782
31908870
31922923
31931328
31940856
31947090
31955362
31958557
31963816
31996833
31997662
32010482
32012108
32012842
32025453
32030717
32038011
32057016
32062160
32068850
32072857
32078339
32079197
32080812
32085829
32096214
32103306
32107132
32117959
32125424
32126349
32127550
32129582
32130180
32130960
32140540
32143787
32153477
32174250
32174925
32178524
32186744
32194973
32202525
32203679
32204706
32207865
32210740
32213587
32223527
32230208
32233475
32235688
32256918
32266801
32278886
32293752
32297744
32309212
32320136
32329522
32337847
32338833
32347955
32350076
32381775
32391955
32392963
32393420
32395916
32396433
32399088
32434646
32446282
32446913
32450171
32465314
32468434
32479448
32484799
32492609
32496376
32502950
32506294
32508397
32514730
32519768
32522859
32525509
32526314
32532649
32544251
32549178
32551498
32553198
32553865
32554330
32557137
32558182
32563552
32569365
32569956
32573196
32605101
32614706
32628237
32631057
32646839
32651008
32655283
32677923
32678428
32692706
32697736
32714808
32737823
32741003
32742016
32744274
32745364
32770888
32771479
32774810
32775720
32777780
32780108
32829747
32840135
32873694
32879536
32892888
32893506
32904176
32923471
32926303
32935949
32946705
32948817
32981984
32985232
32990082
33008299
33011417
33016124
33018181
33025362
33037877
33038604
33039013
33046896
33047597
33061503
33067014
33072404
33077196
33077751
33079462
33083035
33093732
33097544
33116091
33119406
33121027
33129648
33133313
33160880
33176058
33177665
33178109
33178950
33182641
33185859
33195025
33202643
33208955
33212581
33225248
33245129
33263278
33273516
33281554
33281943
33284123
33285699
33306726
33308971
33314352
33326776
33336045
33336750
33338226
33344045
33351763
33360316
33392479
33394816
33423618
33425998
33439748
33447346
33452125
33454252
33456214
33457427
33462805
33469673
33475797
33482533
33494366
33494433
33503375
33507788
33508784
33517894
33519780
33522223
33527412
33531841
33535338
33538056
33569175
33572825
33572840
33575119
33575215
33599628
33601346
33627083
33636297
33644141
33644563
33645845
33652492
33653260
33667140
33686571
33696702
33700882
33710247
33712625
33732947
33733232
33734615
33734741
33736450
33743930
33748554
33755165
33764000
33802813
33806215
33806666
33812382
33824456
33830933
33833403
33835764
33837575
33864189
33866730
33873364
33881548
33886463
33950584
33951670
33960613
33963784
33973301
33984058
33996734
34022096
34022940
34025546
34025812
34032752
34033329
34034017
34041695
34049884
34054576
34056798
34066166
34066877
34101195
34107353
34111658
34141134
34151627
34159869
34162410
34165020
34172263
34189198
34189948
34196571
34230015
34234929
34237376
34244596
34244607
34261528
34289227
34311376
34313430
34322638
34324853
34327748
34334514
34344548
34349697
34352314
34361146
34363974
34366947
34367602
34377107
34385294
34398825
34406890
34413313
34420652
34420694
34426350
34430956
34433866
34436912
34446509
34451738
34459062
34468227
34486501
34513479
34516263
34543611
34547907
34548446
34552951
34554534
34571032
34581928
34594273
34599320
34601651
34614481
34616794
34638999
34646877
34649019
34660294
34674865
34694473
34709676
34721323
34739228
34753784
34757914
34760911
34766940
34771959
34784825
34785451
34788049
34790860
34791554
34796679
34801351
34827145
34827815
34835819
34836416
34846908
34854748
34858554
34859369
34875173
34887158
34894702
34899344
34905428
34917154
34918010
34925192
34936208
34938073
34955037
34964567
34967223
34979793
34983832
34984556
35025715
35060844
35075428
35076761
35085979
35092672
35101363
35116260
35121557
35130577
35136056
35154114
35161123
35170991
35181067
35194297
35200546
35203457
35206185
35218070
35218981
35220060
35220137
35228213
35243587
35246269
35248646
35252958
35256676
35262337
35281625
35285108
35290726
35297805
35298831
35301198
35314206
35317681
35323187
35324306
35328747
35340011
35344362
35345889
35347333
35352409
35357129
35360335
35365313
35370854
35380341
35398096
35404033
35438317
35451650
35478422
35483955
35490821
35501367
35518650
35519970
35520720
35521454
35549367
35566854
35573458
35580441
35583658
35585705
35588708
35592062
35595210
35609039
35617519
35618158
35621966
35629739
35635101
35636429
35647855
35663839
35665186
35666110
35669395
35685105
35687839
35689070
35690651
35700118
35705433
35706265
35707290
35708395
35722602
35724715
35725274
35737637
35739152
35744111
35745530
35753506
35769336
35769372
35783557
35787827
35796326
35801279
35801763
35807895
35812700
35825918
35827334
35840938
35844825
35846231
35852004
35852801
35856902
35865439
35874445
35880750
35887470
35891642
35894077
35900705
35908890
35909795
35909795
35913302
35919444
35922530
35939982
35945896
35946342
35978706
35980188
35983911
35985498
35990950
35999254
36009173
36013030
36013866
36036791
36041254
36048545
36048640
36058621
36077257
36085101
36086028
36087161
36092556
36093501
36095109
36103953
36107379
36109803
36120309
36121567
36137973
36149092
36149471
36160285
36173142
36178522
36182604
36191685
36200485
36219596
36236405
36237487
36240658
36249333
36256199
36261965
36273809
36284668
36287183
36289120
36293054
36295146
36296296
36301365
36309036
36314535
36318341
36325027
36327085
36328246
36330000
36365829
36366948
36382132
36392693
36397577
36397677
36401935
36409864
36413100
36426322
36427647
36429049
36429369
36436519
36442194
36442223
36454139
36458848
36466243
36467786
36472927
36477893
36499103
36499933
36508293
36509758
36518445
36542031
36556894
36563293
36566650
36567444
36570405
36587333
36600831
36601028
36631063
36631871
36647171
36651416
36656484
36699561
36711514
36719183
36722550
36727969
36748047
36754371
36757540
36763291
36766751
36768355
36770552
36780214
36791383
36792538
36797886
36809690
36827421
36829131
36830267
36841169
36851004
36852645
36864265
36866614
36867266
36876239
36877573
36881970
36899145
36908909
36932847
36933331
36944822
36950431
36953515
36953530
36955834
36969366
36973132
36998502
37003692
37005611
37007111
37011210
37016143
37017949
37020835
37056639
37071179
37073969
37085412
37095353
37099966
37102767
37108084
37108414
37131125
37135317
37136194
37146295
37151948
37167222
37184429
37187348
37192669
37195113
37195329
37195897
37197430
37203835
37232709
37245427
37247736
37254614
37263650
37263750
37285120
37286855
37288726
37294765
37309246
37312765
37313798
37314661
37315779
37319737
37329842
37332529
37339758
37341151
37345930
37348584
37359660
37360255
37360750
37362214
37363649
37363713
37366066
37370818
37377824
37387148
37390637
37393996
37396716
37411509
37422088
37422936
37424232
37441617
37450348
37451198
37462506
37463346
37472826
37483279
37488792
37493653
37504996
37506795
37508378
37510759
37514761
37515676
37516814
37518979
37538675
37541477
37545471
37546921
37547499
37553484
37555140
37558719
37560080
37560785
37563239
37570120
37570126
37572893
37576358
37588116
37600412
37602418
37618588
37622769
37656255
37660028
37661150
37661179
37669461
37697649
37700775
37707480
37709749
37711431
37713745
37723082
37725954
37729268
37742943
37746692
37757870
37781989
37783315
37786765
37791217
37798157
37804960
37806280
37806435
37818724
37820246
37825564
37837072
37846685
37848603
37852309
37859564
37866626
37869412
37882382
37885736
37889245
37889975
37892289
37893197
37898955
37902540
37902567
37915710
37923753
37924026
37927654
37934266
37935814
37944415
37948678
37949599
37953796
37958644
37963768
37968526
37985267
37994151
37996774
38015424
38016897
38018236
38038149
38042693
38066686
38089239
38090528
38095196
38095818
38105350
38121999
38124374
38125611
38136065
38140235
38154604
38155078
38157890
38161681
38170100
38178289
38203008
38203756
38204400
38205084
38210074
38211491
38216703
38217056
38219565
38220305
38229322
38243402
38251315
38258772
38262051
38268505
38303162
38317696
38333520
38355193
38366844
38372104
38374737
38382434
38382790
38398450
38403830
38408936
38409004
38426926
38431108
38436561
38440973
38447227
38456398
38457594
38485004
38487651
38503121
38511989
38516060
38521401
38525597
38529038
38539056
38546797
38559641
38573022
38576342
38578081
38593004
38603232
38606381
38609641
38611387
38630361
38638085
38642775
38657638
38661183
38661894
38708001
38713158
38720846
38722492
38728703
38729184
38731222
38733162
38736607
38740607
38741786
38742382
38757734
38767292
38783486
38787576
38803535
38826427
38836995
38841849
38849449
38859002
38859131
38860944
38861282
38861375
38882809
38892658
38896927
38901420
38926396
38926612
38928989
38929376
38945207
38948116
38963165
38965753
38979308
38982759
39000113
39003895
39005527
39007788
39016342
39026358
39030184
39035772
39073467
39077183
39077890
39079923
39081433
39081987
39092772
39093511
39131766
39138285
39139544
39151335
39171900
39172080
39184917
39189746
39196718
39199010
39199132
39203876
39214609
39220988
39233018
39244111
39249019
39263744
39272476
39274546
39276146
39282192
39287274
39291778
39296773
39306284
39332170
39341141
39345432
39348311
39359437
39364107
39369883
39380144
39385536
39403141
39406846
39418740
39420157
39426037
39432273
39435830
39438333
39446909
39450315
39461680
39477556
39480385
39489896
39495869
39506073
39508371
39510065
39510244
39516251
39533226
39534523
39537440
39539367
39541062
39546008
39554122
39557495
39559821
39559978
39561526
39567830
39571958
39582319
39582668
39596864
39604610
39617760
39618292
39620065
39636303
39636385
39643525
39650818
39669730
39681445
39687433
39695650
39710798
39713160
39727730
39729796
39729938
39739020
39740407
39745341
39769357
39774566
39780248
39781169
39789108
39804395
39832206
39832664
39837220
39851349
39895976
39898226
39912631
39924636
39939580
39942634
39948744
39956192
39962263
39964658
39970742
39974979
39980241
39980705
39983009
39985975
39988551
39990389
39998492
40001007
40002600
40009114
40021680
40030010
40030565
40032626
40037263
40040483
40046432
40060114
40066510
40072112
40076233
40076932
40077337
40083829
40088729
40116103
40117212
40131828
40134081
40134406
40166219
40173594
40173853
40178852
40179680
40185310
40190321
40190448
40192874
40197930
40214952
40216424
40228021
40232414
40248452
40250065
40258898
40259593
40267161
40276259
40284959
40288483
40288545
40291867
40291874
40315662
40316842
40320057
40328479
40331977
40333360
40352003
40354615
40356828
40357933
40366852
40378820
40396462
40400253
40401514
40407137
40417363
40426367
40446881
40462846
40484843
40488419
40493643
40499675
40505969
40507603
40509505
40512254
40512836
40516653
40526948
40527443
40530390
40546108
40546234
40546977
40547796
40553268
40565458
40565684
40570926
40575244
40584589
40589825
40611199
40623080
40647784
40654736
40666871
40668470
40669657
40685304
40690521
40714650
40717571
40725074
40743295
40743993
40750385
40757263
40757558
40760190
40780299
40789066
40805235
40818543
40819719
40836869
40837279
40839070
40843148
40845367
40870970
40876067
40891512
40902226
40903196
40904873
40905329
40905894
40910249
40941224
40942148
40942949
40950069
40964923
40965442
40970049
40971772
40973131
40985121
40985149
40989339
40991850
40993047
41006243
41014040
41015511
41026968
41030428
41032140
41037881
41051969
41058045
41061080
41066304
41066395
41095310
41095318
41116711
41119177
41120147
41128937
41134605
41137170
41143236
41145163
41146845
41154579
41159449
41164602
41167116
41171426
41171554
41172628
41174865
41181790
41184223
41186806
41189754
41238045
41249303
41251625
41257926
41262853
41263866
41281734
41293392
41296674
41303714
41306435
41309384
41320078
41324683
41329694
41330556
41332248
41340155
41343359
41356394
41375975
41385555
41403269
41408092
41419495
41448420
41449550
41451278
41452193
41455524
41483465
41511209
41515085
41525625
41530755
41532503
41532793
41535274
41538205
41545036
41549992
41577478
41581130
41584682
41587149
41588334
41588955
41594742
41609287
41628414
41632257
41636219
41642158
41642932
41646674
41657710
41667595
41679900
41683653
41689954
41713037
41715424
41721286
41724822
41729260
41731864
41747233
41753822
41767484
41774252
41786844
41789814
41798654
41798682
41799043
41799766
41804504
41807594
41816896
41819153
41826321
41830922
41835822
41837391
41847161
41849049
41855976
41858333
41861727
41864935
41869302
41870101
41883005
41905512
41911647
41914524
41926119
41929424
41933728
41965932
41967061
41969856
41975875
41998341
42000461
42003240
42004974
42013943
42016054
42024577
42026899
42040569
42040966
42047588
42049408
42066779
42083637
42097474
42099372
42105486
42141920
42142946
42153134
42156379
42167230
42175106
42187394
42193355
42194118
42195009
42195508
42198298
42208730
42213143
42215339
42232721
42256815
42259674
42259877
42260802
42270021
42275096
42282540
42284194
42305014
42306865
42325286
42329983
42333104
42339360
42351984
42356394
42370169
42375421
42379663
42382606
42387259
42390456
42396698
42401099
42410959
42426048
42426056
42433477
42450857
42452813
42453867
42456246
42464197
42476236
42496418
42498692
42500376
42505717
42528910
42529197
42535443
42546403
42552141
42553961
42559921
42592247
42622715
42625981
42636777
42640887
42641019
42642237
42646189
42652985
42655082
42657290
42666591
42685113
42686628
42691844
42703229
42708429
42710533
42716930
42769897
42778737
42780492
42782140
42782551
42784847
42790890
42793960
42794160
42794217
42798109
42803030
42806491
42809637
42819535
42822841
42830337
42838502
42851603
42852739
42854012
42860709
42870586
42870716
42874518
42890443
42899632
42916147
42932210
42935640
42937319
42945305
42948425
42949329
42955379
42959217
42970268
42977723
42980554
42983734
42993247
43009530
43034115
43037897
43040147
43041999
43055071
43058119
43058404
43061042
43064168
43086841
43100180
43102653
43118806
43123658
43142775
43149520
43152785
43154384
43155069
43155838
43172843
43187374
43189922
43207785
43208323
43218715
43219898
43229774
43239124
43255233
43269793
43294285
43298810
43308398
43309872
43334739
43342760
43347884
43349042
43367559
43369611
43369843
43379067
43381091
43402924
43408311
43432842
43434329
43451423
43451935
43453303
43456798
43458871
43460141
43470667
43491954
43497727
43499710
43500753
43501665
43508552
43518863
43522621
43531353
43565123
43578061
43585912
43592902
43593646
43594057
43596765
43597654
43601797
43611353
43612806
43615148
43621621
43622614
43624731
43640161
43647795
43652056
43657961
43660066
43665650
43673842
43674185
43674664
43679869
43687572
43688080
43693290
43696945
43716464
43718471
43731356
43738030
43763176
43776106
43777786
43780616
43786379
43789002
43793512
43797771
43801307
43803193
43811514
43818202
43820906
43821803
43828295
43835424
43837024
43868035
43870274
43874460
43875883
43881545
43904238
43904444
43916374
43916498
43918350
43944508
43946076
43947269
43965343
43975960
43977813
43984274
43988111
43996155
43998263
44004050
44005664
44006425
44011806
44015985
44016006
44024262
44038035
44060158
44063336
44073333
44088261
44091393
44093697
44095561
44101923
44137841
44139912
44163630
44167652
44177969
44181286
44190014
44190518
44194366
44202188
44249606
44254896
44256306
44256349
44286181
44294438
44329924
44333637
44333656
44335871
44339587
44340260
44342502
44354748
44374423
44380135
44386898
44392016
44402375
44405726
44414916
44420544
44423125
44432190
44447131
44475235
44489050
44496346
44509261
44511776
44517149
44531054
44539864
44557438
44563078
44563697
44564954
44569838
44574221
44579598
44596787
44599989
44606254
44607490
44609048
44615980
44621801
44637599
44653349
44653843
44665827
44673813
44682132
44708616
44741541
44745225
44750562
44751371
44770285
44782312
44793666
44798137
44805220
44806768
44813626
44827647
44834599
44845931
44862387
44863113
44864549
44868375
44884318
44888046
44890990
44910957
44917254
44927681
44947228
44947856
44951692
44956884
44959495
44977505
44988255
44992185
44992203
44992535
44993236
44999356
45002970
45005584
45021825
45025757
45035110
45038961
45040775
45042516
45065037
45079242
45079375
45091473
45093844
45094535
45096325
45098796
45100753
45101050
45111030
45114891
45115911
45119763
45121891
45121924
45144282
45147136
45147968
45186779
45189458
45190091
45194332
45199207
45199498
45208983
45216363
45222993
45224536
45232178
45234802
45235676
45246537
45253192
45254511
45257136
45276522
45285469
45287239
45295038
45300496
45306419
45309450
45310114
45316863
45317343
45319912
45324646
45335689
45342233
45348369
45352430
45356725
45366613
45373718
45390817
45398002
45418219
45418644
45423798
45425100
45432751
45452536
45457290
45459714
45460547
45464602
45471706
45473699
45477138
45494810
45495539
45501804
45507350
45517998
45529072
45532460
45538351
45541235
45547872
45555006
45557068
45561000
45567698
45567717
45576489
45577430
45592117
45593814
45599390
45610236
45616276
45622912
45630769
45635509
45651398
45669594
45684518
45696380
45698431
45709625
45730086
45756023
45758562
45784570
45784813
45785045
45787865
45791293
45792787
45816074
45836687
45836799
45844713
45858602
45861948
45874833
45880451
45905317
45911063
45913305
45931133
45940877
45951007
45963312
45966687
45972744
45976049
45981448
45987170
45988150
45989657
45990673
45992719
46007355
46014607
46014801
46017107
46027349
46028105
46029241
46043191
46049182
46052862
46057324
46062333
46070823
46075633
46091283
46092995
46120107
46131156
46132229
46134528
46144550
46145245
46158884
46176188
46179570
46191628
46198470
46207807
46213580
46219304
46246192
46257149
46267890
46278556
46279059
46288356
46293968
46311946
46313172
46332676
46337135
46352303
46368465
46370305
46387253
46387595
46388777
46405940
46412213
46426008
46429636
46429787
46441292
46442775
46486518
46492374
46502792
46504174
46506824
46512248
46514529
46518211
46527902
46543785
46544152
46547942
46558196
46559139
46564462
46567449
46568285
46578847
46588120
46590482
46599269
46603555
46611378
46623565
46627949
46631527
46659913
46666125
46667364
46669631
46677094
46703246
46703572
46706736
46715989
46717415
46719540
46734351
46734942
46745072
46746495
46754340
46761767
46764918
46765187
46765998
46766141
46779320
46779953
46782730
46786344
46792666
46794534
46803853
46816099
46831683
46837676
46853289
46858655
46859663
46866086
46873854
46879720
46881828
46888289
46897791
46899828
46909146
46914517
46928807
46933489
46949371
46950603
46973674
46986924
46990658
47000431
47002471
47004126
47007210
47010952
47054059
47064606
47077290
47084303
47121521
47126644
47129658
47155356
47160468
47193508
47201532
47202531
47203251
47216893
47220507
47222939
47232357
47242590
47243639
47245525
47276229
47276929
47280603
47291493
47296888
47303596
47306224
47308787
47310401
47322457
47332487
47338250
47341243
47344969
47347977
47367894
47376512
47389301
47394720
47405466
47412032
47415480
47416187
47424786
47430693
47431262
47431431
47439556
47442608
47442830
47453084
47472576
47473525
47475474
47485730
47496082
47496673
47510679
47525935
47526329
47543135
47546572
47547052
47549914
47556735
47563364
47565010
47568987
47569406
47569945
47572528
47581353
47617363
47618747
47624376
47630012
47630885
47631429
47641107
47642843
47651383
47677605
47684361
47691394
47701984
47712426
47731589
47731702
47738278
47795647
47799634
47809097
47813793
47826898
47833322
47833367
47835975
47847890
47875049
47877569
47877883
47881272
47893926
47896735
47911954
47916451
47919941
47920529
47926432
47928801
47932412
47947881
47952907
47956500
47970632
47979466
47990070
47998642
48000053
48004040
48009675
48010145
48017541
48021385
48026873
48029997
48041605
48050295
48055607
48062552
48068406
48076643
48084865
48085953
48099312
48101272
48108224
48112772
48121205
48137616
48144915
48148927
48168197
48170635
48177981
48179792
48183666
48185950
48195997
48198854
48212927
48214330
48239542
48246474
48256364
48263573
48267245
48267632
48281115
48293687
48296121
48303907
48305787
48305995
48315776
48342561
48345363
48347041
48349166
48351264
48351887
48359990
48368114
48378226
48387488
48391849
48398854
48402010
48403761
48408008
48410725
48427436
48441643
48480325
48506704
48516888
48517813
48531414
48540623
48563098
48572188
48575954
48596554
48603770
48613696
48623093
48629553
48639473
48642938
48645768
48651468
48653964
48657671
48658502
48673366
48673473
48684695
48696247
48714300
48722168
48732242
48736213
48737360
48744761
48752470
48754023
48756768
48762319
48762495
48767512
48769095
48779688
48798088
48798316
48802753
48810881
48821072
48827845
48836405
48836420
48839269
48848272
48854760
48867176
48868977
48874182
48878676
48898705
48906107
48910191
48918853
48919576
48920549
48924384
48925853
48928206
48931223
48931829
48935793
48944693
48951026
48960307
48968058
48970674
48971337
48974068
48974920
48985314
48987470
49003305
49008603
49011136
49051018
49053492
49069523
49069543
49071680
49079602
49089287
49096669
49100597
49110695
49111902
49117928
49145728
49152457
49171078
49182600
49192493
49206858
49228576
49230632
49232937
49241027
49242908
49246941
49288707
49299626
49310847
49311929
49336629
49341012
49349189
49357651
49360164
49362463
49366286
49389015
49407627
49411789
49423176
49440254
49442187
49447278
49448710
49463132
49467325
49479582
49480807
49486978
49502945
49507384
49510340
49522636
49523915
49535225
49546252
49555594
49559326
49569199
49572922
49578134
49578980
49588699
49595616
49616061
49621157
49632679
49638396
49642103
49645708
49652012
49667594
49677417
49684847
49686943
49698853
49711631
49717577
49721733
49722883
49727264
49732343
49736070
49743285
49758311
49759521
49765240
49766600
49769671
49783419
49796919
49799678
49810861
49830233
49833113
49833980
49836941
49840238
49849870
49854470
49856189
49856434
49858741
49858823
49869723
49873874
49877842
49896262
49896485
49904996
49932473
49946267
49952321
49960653
49964199
49974205
49988371
49988441
50002610
50004977
50012198
50013435
50013596
50034082
50035805
50038395
50042314
50048966
50056492
50057193
50077619
50081602
50082154
50088220
50101535
50113933
50119277
50120871
50123969
50124907
50129593
50135757
50142752
50179411
50180552
50183261
50185013
50229312
50230459
50249495
50262887
50286373
50297607
50298810
50306363
50310564
50330407
50355523
50367535
50372517
50378163
50384653
50386783
50410380
50415723
50427561
50457993
50462999
50467784
50469627
50481529
50483324
50485527
50487981
50497082
50498454
50507867
50514692
50518005
50531662
50544587
50551613
50562870
50570676
50580793
50596900
50597016
50599783
50600944
50605620
50612255
50618810
50618914
50641694
50652269
50683605
50689072
50689401
50707503
50719176
50730458
50739360
50746411
50746826
50751572
50751621
50758931
50764581
50777671
50794797
50796676
50802940
50804509
50821708
50830471
50836769
50845114
50852542
50859939
50865587
50869058
50887826
50896941
50898630
50900389
50909751
50925140
50926940
50929562
50937425
50938794
50940400
50943284
50962648
50965602
50971410
50974805
50975210
50986639
50988455
50990042
50992350
50997332
51000877
51003327
51016578
51025347
51025797
51029734
51032982
51036424
51036995
51055257
51065543
51074060
51076094
51083757
51084356
51085941
51092208
51093256
51095843
51096259
51097073
51107963
51113994
51115590
51143255
51144759
51150612
51165318
51166324
51169470
51169471
51173525
51179445
51182488
51200462
51202531
51219396
51228413
51231441
51237588
51245029
51248448
51249787
51261208
51262802
51268367
51269668
51285694
51286750
51288354
51295010
51302729
51304960
51305048
51307445
51309491
51312723
51313058
51323136
51328236
51332425
51337816
51338614
51340763
51350434
51350980
51355407
51357641
51363484
51366188
51370597
51379847
51381791
51384713
51395768
51402641
51410795
51415200
51420694
51425693
51429582
51435640
51438513
51443062
51446721
51455668
51458049
51478002
51498492
51523873
51529892
51532988
51538308
51540167
51544789
51552013
51562567
51562667
51568584
51606845
51610770
51619652
51628105
51640539
51645102
51647538
51650844
51653644
51656528
51667360
51671573
51682884
51686950
51693160
51700556
51700821
51710750
51721061
51729085
51755188
51762584
51770767
51771055
51775432
51780241
51783713
51790716
51805529
51811044
51820033
51821510
51827968
51841178
51844882
51847586
51856253
51870968
51873304
51875983
51881389
51883814
51890289
51906371
51910794
51923671
51929531
51942363
51952904
51954620
51964585
51976669
51988709
51994806
52001351
52006759
52011094
52013234
52017638
52038463
52053099
52067529
52084052
52087631
52091005
52101941
52102757
52115121
52134011
52136977
52138982
52149769
52152923
52157469
52165130
52185525
52187755
52192948
52206736
52231071
52240671
52271970
52283053
52289111
52313365
52320713
52320785
52321604
52328121
52328567
52329022
52346116
52358260
52361991
52365507
52373570
52385913
52435603
52437271
52449978
52468494
52490217
52492241
52492316
52496203
52500854
52509013
52511234
52513800
52514401
52534854
52534856
52552115
52566987
52577383
52611214
52626154
52635200
52638317
52652820
52653163
52659203
52679574
52689287
52692213
52695835
52697333
52698380
52700392
52706187
52710405
52713207
52722891
52724306
52726654
52740886
52759134
52776277
52778227
52792714
52804200
52815098
52815612
52819297
52826727
52829626
52829868
52832918
52848024
52852249
52852360
52877727
52878468
52887626
52888142
52903224
52908186
52909046
52915378
52943147
52953496
52954259
52954900
52958218
52958638
52966943
52973139
52973338
52980541
52994811
53005909
53009442
53032175
53040763
53040922
53041678
53053117
53054175
53058974
53063375
53068581
53068824
53081925
53084455
53101765
53147795
53148552
53159334
53161629
53174874
53176913
53194568
53198300
53213509
53219161
53231735
53237273
53245414
53274079
53276122
53280694
53288659
53291830
53302674
53302716
53307824
53308303
53309895
53324501
53325509
53332916
53336925
53351818
53359621
53373083
53379635
53395031
53399924
53400150
53403396
53410518
53410931
53434714
53436049
53447442
53450362
53450943
53466375
53466637
53474557
53474585
53475084
53475815
53485033
53486902
53491599
53493813
53495680
53533287
53542024
53559251
53569722
53570505
53575231
53589088
53601116
53610547
53614798
53616693
53620535
53621149
53630422
53632152
53633874
53634045
53637307
53659143
53661635
53668993
53672761
53673352
53676249
53688387
53693396
53695985
53709349
53748398
53754632
53755733
53764886
53765624
53774899
53786210
53794664
53814235
53829613
53830270
53830487
53830542
53837455
53843767
53858876
53861597
53863645
53866814
53871435
53873477
53877269
53877926
53902009
53907118
53910499
53911803
53928134
53930456
53944760
53946228
53950169
53960136
53974871
53985012
53989718
54000247
54003043
54007413
54023098
54030423
54030762
54040307
54076102
54076106
54080700
54083013
54087525
54089094
54090308
54093329
54093494
54103112
54106372
54110322
54110467
54134987
54140527
54148463
54155901
54164238
54177554
54181125
54186850
54194701
54215680
54226358
54233484
54246169
54252994
54265203
54265915
54272421
54276822
54277412
54295859
54299569
54302199
54306614
54344052
54357888
54358269
54364067
54364481
54370497
54377484
54377573
54378331
54380711
54413777
54417306
54417985
54421070
54425730
54434538
54446291
54450575
54454323
54455113
54460125
54469187
54490611
54491872
54501751
54509095
54520183
54530770
54531669
54542923
54550744
54554418
54554478
54563637
54565247
54568640
54575282
54588061
54593399
54597501
54625381
54636995
54640923
54641320
54646238
54649668
54650987
54655301
54658450
54660588
54669272
54671955
54684618
54686212
54687745
54700717
54704195
54715462
54721031
54724075
54737258
54747146
54755600
54765269
54785222
54793664
54814340
54831977
54834176
54842781
54847608
54861130
54861420
54864865
54867249
54870151
54878739
54882497
54882607
54887487
54888666
54889866
54897300
54907687
54913381
54932310
54945292
54966221
54973470
54975634
54981566
54982933
54989082
55007750
55014173
55015737
55018741
55022559
55028957
55041233
55055335
55055798
55056856
55057878
55062776
55066755
55069181
55073909
55080035
55098327
55108487
55111992
55115462
55115997
55116842
55119833
55124744
55128319
55128887
55129984
55131238
55151811
55160323
55161230
55174124
55174322
55174949
55201287
55225712
55238534
55244003
55244390
55248363
55249705
55261699
55268053
55301775
55308539
55327567
55337092
55344386
55362451
55366965
55376980
55381421
55385185
55392144
55396887
55398191
55406427
55407747
55425990
55428911
55430759
55434677
55440809
55443377
55453768
55467701
55472142
55474248
55475739
55476366
55484011
55509888
55513862
55516167
55519044
55521042
55529207
55540911
55547504
55549431
55550115
55551586
55561170
55569384
55571320
55572874
55574342
55627985
55631702
55650880
55655294
55662833
55670840
55681708
55707524
55708417
55709830
55715451
55726099
55728639
55730963
55737840
55741645
55753333
55768561
55775690
55778059
55779126
55784639
55786240
55790431
55793176
55793258
55822242
55828421
55830618
55835261
55840331
55840528
55842434
55854792
55858013
55866601
55882428
55883720
55896072
55903233
55904157
55912707
55917575
55920291
55937430
55939324
55942313
55943489
55944438
55956352
55971435
55972698
55981655
55982234
55985301
55986080
55986166
55991503
55999140
56008575
56009433
56036759
56046779
56052991
56055727
56056829
56056914
56070305
56071235
56075420
56082127
56090109
56095347
56099651
56128412
56136602
56152161
56157651
56161623
56172928
56173021
56177164
56196190
56205420
56205598
56213650
56215454
56223458
56228663
56232353
56235960
56258808
56259079
56262524
56263157
56269084
56270805
56281008
56283087
56283112
56291089
56294572
56297242
56298702
56303803
56311696
56312064
56316192
56320788
56334857
56338858
56346668
56362023
56378436
56382418
56392645
56395247
56400699
56404725
56407898
56421339
56423461
56427842
56428851
56430995
56434825
56442964
56450732
56469579
56479476
56503519
56517904
56528782
56528866
56529610
56530970
56538579
56540794
56573887
56595037
56595712
56596741
56610991
56613160
56620311
56627547
56634410
56634972
56637154
56638758
56640109
56644175
56645762
56650952
56658640
56669279
56670135
56674656
56686577
56686831
56686975
56689907
56692802
56696436
56708204
56715313
56720795
56735797
56739139
56741909
56742253
56750797
56765836
56782360
56784581
56794947
56803775
56805852
56813244
56821905
56827078
56827415
56829951
56830868
56831302
56843746
56866191
56878345
56880898
56881176
56889691
56890334
56892450
56898644
56901477
56902666
56903118
56904253
56912080
56913042
56935583
56956835
56957261
56963936
56978438
56982021
56986941
56987701
56996856
57003113
57007695
57016491
57028425
57028727
57033517
57044535
57051690
57065253
57078212
57085498
57086169
57093118
57094470
57099610
57102535
57102728
57107906
57108797
57116279
57116822
57147047
57151483
57156710
57169999
57173299
57184713
57198422
57212075
57213541
57220580
57232173
57237189
57237281
57242730
57251924
57260619
57261807
57266400
57268451
57271360
57271862
57274940
57281600
57292497
57298298
57301209
57315417
57361591
57365573
57370902
57383860
57385173
57392081
57403356
57411687
57419368
57422934
57430039
57434505
57435248
57436758
57437224
57457755
57458863
57468875
57472311
57476578
57477180
57478507
57494339
57495959
57526097
57538717
57545917
57551348
57556570
57557773
57559218
57559419
57573742
57582783
57587774
57595339
57597761
57607793
57607862
57623232
57625738
57627286
57627994
57634600
57634743
57638720
57639938
57653307
57655862
57658788
57672972
57673198
57673612
57706337
57708935
57717993
57733394
57734171
57740565
57744447
57750763
57755158
57757188
57763905
57765800
57772689
57791609
57798749
57805310
57806629
57815071
57815078
57823956
57828644
57831825
57835666
57840526
57843316
57845386
57849991
57853794
57865349
57876658
57881176
57882068
57887483
57896492
57898027
57898725
57900407
57907721
57919667
57920785
57921341
57922708
57932786
57940987
57941961
57952531
57965311
57970206
57973082
57981637
57984629
57985192
58001786
58005231
58013338
58013349
58015222
58017268
58024786
58052556
58056878
58061107
58061651
58064079
58091341
58099375
58115357
58132775
58133109
58135625
58140944
58141510
58145025
58154278
58168692
58180730
58184306
58214800
58248961
58288293
58293121
58306849
58310822
58311846
58316904
58343693
58344042
58348637
58377362
58378720
58381039
58385482
58397354
58409562
58415495
58423135
58424677
58456899
58457878
58467016
58467849
58476574
58487667
58496458
58497054
58511499
58516567
58533100
58534263
58538006
58554826
58560283
58573270
58576114
58581153
58581458
58581997
58586176
58591139
58592978
58602151
58604941
58609433
58611739
58624778
58631175
58641641
58645732
58651090
58662689
58670533
58670867
58673340
58676597
58681307
58683751
58712995
58727845
58745522
58751953
58763916
58770506
58784941
58786491
58790853
58792151
58803740
58807176
58822346
58826263
58830079
58835115
58835189
58837495
58855327
58857965
58865790
58867766
58874979
58875761
58883164
58888371
58888864
58889448
58897242
58899609
58904393
58907160
58919541
58944525
58945932
58952565
58956819
58957668
58969597
58972188
58980474
58981783
58988620
58996224
59014491
59015711
59025814
59053980
59055534
59074472
59075860
59086243
59086879
59091237
59096547
59103647
59112340
59115268
59119226
59134975
59166442
59171101
59175947
59180361
59195181
59221119
59242957
59260023
59276771
59289351
59316051
59317764
59328148
59329815
59331095
59339342
59341466
59358709
59369074
59371273
59383617
59387617
59395453
59403176
59404463
59417026
59420641
59425596
59446440
59452271
59457581
59460189
59465405
59477635
59497241
59512855
59518462
59520863
59522284
59525067
59529258
59534767
59536058
59544827
59550238
59569962
59571686
59579581
59590215
59595969
59596107
59612362
59620924
59652073
59653510
59656631
59664203
59673503
59674180
59678361
59720831
59722061
59734921
59738489
59740673
59742243
59748529
59750406
59753509
59760221
59761457
59763420
59767481
59768702
59772892
59775253
59787229
59789572
59804715
59808296
59814779
59814784
59826457
59830470
59845551
59850600
59856607
59864847
59869215
59880168
59891722
59893066
59900063
59905244
59905980
59906162
59908337
59917594
59925079
59927949
59936633
59955813
59955941
59960301
59984087
59987897
59998041
60001615
60004561
60013769
60024990
60028856
60049585
60063325
60065112
60069340
60077319
60085075
60092594
60096557
60106049
60123721
60125326
60132165
60136356
60158629
60160910
60164724
60165685
60168108
60173895
60175320
60187795
60191830
60206487
60227443
60233521
60243170
60273780
60275821
60275964
60276257
60277990
60279918
60283432
60288529
60315049
60317091
60317321
60321355
60321697
60336298
60348866
60350735
60357650
60358168
60364020
60370554
60378176
60378592
60389323
60403169
60408294
60410324
60411376
60412702
60425919
60437117
60447506
60450087
60452285
60455452
60465509
60487841
60494716
60494961
60496735
60497279
60508556
60531830
60537709
60544084
60544349
60554851
60555298
60557339
60561811
60574632
60577478
60589189
60589833
60590340
60610096
60620197
60622544
60634201
60655642
60680240
60689615
60693409
60700179
60701713
60704522
60710989
60713575
60726615
60738740
60742027
60757130
60761319
60767325
60775388
60795804
60801370
60801900
60802960
60819418
60828122
60839437
60850803
60853447
60861864
60862659
60863644
60868076
60869126
60869483
60887957
60891408
60892130
60905979
60905980
60909474
60911890
60914384
60918935
60926532
60929771
60932894
60941134
60948076
60951296
60955343
60957412
60964258
60969313
60978333
60991623
60995005
61008681
61016035
61023788
61030653
61035863
61037813
61043351
61043946
61046994
61055393
61057684
61066061
61066998
61069990
61075896
61082807
61088525
61090167
61091234
61104866
61106057
61116870
61119262
61121997
61126183
61128150
61129012
61131135
61132659
61133092
61148530
61159921
61160470
61187592
61195730
61197442
61197450
61200034
61202520
61204366
61209795
61218902
61232169
61239134
61247534
61248541
61250770
61271810
61286757
61288562
61288611
61290946
61298547
61302799
61304410
61313757
61319442
61338624
61339513
61342972
61353856
61365998
61374757
61375024
61378484
61395445
61411240
61422844
61427894
61436608
61452380
61454477
61478081
61495203
61498435
61499796
61503848
61505848
61507413
61511724
61518318
61543838
61549591
61553868
61555531
61569187
61580197
61584884
61597423
61603449
61605771
61610860
61629807
61631179
61639022
61649208
61668907
61681192
61688840
61691877
61720560
61723833
61731915
61736371
61742853
61749683
61762414
61765640
61769077
61771095
61782562
61796258
61800427
61808203
61818585
61830602
61830843
61832433
61835836
61838665
61841791
61843834
61845812
61845919
61847293
61851476
61854305
61855837
61856376
61857846
61858250
61859951
61860870
61887509
61894617
61896472
61900911
61900989
61903942
61913961
61923084
61929816
61933209
61942432
61955913
61960506
61961194
61967729
61969423
61978593
61980834
61981464
61981502
61981509
61995919
62007727
62029825
62038315
62039635
62048398
62052052
62053329
62056686
62079554
62091514
62092755
62123265
62125754
62127660
62136225
62145339
62148239
62152474
62156167
62162509
62167291
62174982
62191617
62191849
62193723
62196608
62210583
62213376
62228053
62228715
62230916
62244114
62259554
62270476
62274536
62275234
62283979
62289194
62304156
62304782
62316561
62328813
62330782
62331446
62336210
62339454
62347926
62369531
62375769
62380885
62404266
62415916
62417438
62434668
62439996
62469169
62485554
62493518
62499256
62500809
62507905
62519732
62523166
62535665
62548497
62551510
62577532
62581698
62599339
62607810
62615679
62623343
62626309
62636224
62642029
62654965
62656519
62658510
62658857
62668963
62686770
62688590
62698411
62706408
62707832
62710695
62723077
62726237
62733881
62733885
62742266
62757555
62761214
62764525
62764853
62767049
62778408
62784046
62804416
62807725
62822882
62830573
62842105
62843887
62846561
62855419
62859745
62868489
62877311
62884248
62886658
62887167
62891057
62906710
62909859
62912163
62914280
62921986
62933355
62933787
62955651
62961620
62964003
62969431
62975246
62977111
62978024
62992101
62998044
62999472
63024026
63026506
63027996
63029606
63036566
63047204
63050051
63060772
63072118
63086721
63088702
63091239
63097105
63102765
63145111
63145605
63151963
63160509
63163252
63164649
63173916
63176301
63181750
63185396
63205722
63205758
63233828
63245833
63246757
63253852
63267956
63277421
63290096
63292109
63295629
63299629
63300760
63310694
63311480
63312574
63319502
63343127
63355088
63359236
63361068
63364063
63367738
63384166
63384446
63387949
63393888
63395897
63406343
63423623
63423705
63423711
63426144
63431730
63461571
63468138
63469022
63488716
63494340
63505297
63512966
63514400
63522273
63543690
63554795
63562902
63568212
63581668
63588694
63591990
63597812
63601074
63602933
63610058
63614385
63622048
63628184
63630561
63650750
63651027
63659888
63660484
63663212
63667698
63670736
63673825
63683824
63693701
63695047
63695088
63711196
63725544
63728362
63735541
63745340
63791057
63808052
63812824
63814514
63818630
63826395
63837106
63843961
63852010
63852255
63854865
63867745
63875118
63882989
63883736
63903241
63907437
63914520
63915696
63917146
63918705
63924853
63931798
63932807
63939967
63944986
63946405
63955346
63955786
63960690
63965024
63969775
63973057
64000082
64009192
64009884
64018280
64021040
64021973
64030835
64039655
64050993
64056601
64071745
64087550
64095222
64100357
64102180
64112162
64112736
64123155
64127318
64128965
64139120
64150424
64166007
64170227
64185739
64185878
64195637
64204420
64205270
64227757
64230282
64247785
64250453
64253234
64259455
64266572
64271560
64277599
64281862
64284714
64302415
64303157
64331762
64344600
64351533
64356970
64365451
64365861
64397288
64406420
64407739
64408151
64413523
64424021
64437696
64439629
64441296
64451204
64487003
64493808
64502896
64525718
64533630
64533759
64534782
64538286
64548029
64548554
64550047
64557610
64565753
64585557
64606820
64607423
64608544
64611402
64613702
64618345
64638860
64642714
64645135
64646717
64648626
64652320
64653554
64665095
64669158
64676867
64683862
64686204
64689610
64699615
64704946
64708418
64709764
64710527
64713920
64732309
64736787
64742664
64747278
64760791
64763244
64784105
64785927
64789761
64790919
64792691
64794916
64799583
64799895
64810332
64818690
64819179
64823402
64833324
64838822
64846217
64851675
64852400
64864689
64871985
64875381
64875922
64882494
64886648
64896910
64902744
64921997
64923749
64931848
64932955
64953391
64962845
64965205
64998259
65003641
65010083
65021086
65021719
65029124
65030356
65032487
65033874
65035277
65043063
65045909
65046646
65047313
65059776
65061284
65063646
65082754
65086461
65088191
65105809
65116599
65120976
65121863
65137971
65147464
65159106
65161988
65170848
65172548
65174176
65176176
65178844
65192252
65210999
65216348
65226451
65233874
65235785
65243281
65244594
65261584
65262921
65263036
65276012
65282456
65283798
65289931
65296295
65307666
65313754
65334247
65347681
65347692
65350988
65374794
65383159
65384497
65405581
65420286
65424998
65434146
65438878
65446178
65450762
65452317
65458417
65460248
65465629
65490852
65504500
65508811
65513966
65528290
65539721
65573307
65582460
65588194
65595999
65614129
65615861
65620866
65623332
65633315
65648322
65681321
65685729
65692136
65695426
65695834
65696405
65704725
65706907
65707507
65708526
65711317
65724631
65727200
65728419
65747169
65757535
65764845
65777581
65779596
65781279
65788666
65789241
65798336
65815833
65846504
65848919
65857059
65861463
65861732
65870137
65871288
65875728
65884221
65889695
65905632
65906304
65906423
65914059
65914933
65917906
65919650
65921366
65921530
65922715
65926234
65927056
65930003
65937244
65949863
65953946
65965607
65970324
65985384
65987044
65987578
65989730
65994390
65996881
66005032
66010434
66012410
66046728
66047099
66049888
66050047
66059027
66063132
66069616
66079779
66087175
66108424
66111142
66115688
66126747
66127434
66139246
66146883
66146967
66161993
66165484
66185809
66195915
66206475
66207309
66207582
66220061
66223449
66231851
66242759
66249501
66253495
66257982
66258698
66258737
66272921
66284667
66293651
66299428
66300505
66305259
66307740
66308313
66308475
66313194
66313234
66318049
66341453
66346352
66346441
66361790
66372516
66378653
66380985
66400446
66412064
66412960
66416523
66426704
66427728
66434281
66442179
66446757
66449312
66452818
66453089
66454042
66460506
66468145
66473024
66474667
66479898
66487824
66491777
66497213
66528464
66540789
66554253
66559011
66559097
66562622
66568320
66586641
66594668
66597602
66607313
66607976
66611068
66625664
66628758
66637955
66644188
66659412
66665643
66688422
66692956
66693724
66695121
66697107
66701472
66718889
66723316
66734159
66738058
66744730
66752792
66753357
66767090
66767536
66773095
66787650
66788228
66832776
66840255
66840916
66858175
66862922
66866352
66893162
66898273
66914360
66925037
66928472
66934181
66940230
66960401
67000657
67028495
67055311
67065970
67089714
67106146
67109163
67111409
67116409
67134237
67147177
67147261
67147553
67149312
67162047
67193539
67195270
67203504
67205361
67207573
67207883
67209914
67220364
67234461
67234935
67236200
67249039
67261343
67285106
67290646
67291135
67308364
67312892
67319070
67320598
67324992
67327278
67328935
67347189
67348737
67370400
67371945
67374255
67374650
67379752
67380378
67387492
67392041
67396072
67398766
67401885
67407155
67409862
67422598
67426061
67459079
67463608
67486040
67489633
67500314
67501286
67515651
67538857
67550271
67568535
67580096
67588882
67593244
67604322
67609248
67611223
67624011
67638550
67640566
67641172
67651326
67664517
67665954
67668082
67691506
67698725
67707689
67722580
67723382
67733335
67748215
67749589
67751259
67752585
67762870
67763545
67765848
67781370
67786224
67792079
67797579
67802018
67808529
67827482
67827564
67828493
67860514
67864303
67864460
67869020
67869487
67869926
67887665
67890856
67891404
67912592
67934646
67946702
67959700
67966551
67968475
67969050
67970540
67972784
67974465
67975196
67977202
67984833
67991734
67995730
68010774
68014069
68033398
68038257
68038993
68040111
68047367
68051137
68055751
68086868
68098278
68104933
68113390
68123358
68125825
68130283
68135123
68149934
68167267
68186950
68192097
68193815
68204486
68213919
68231690
68233997
68236386
68258805
68259630
68263485
68271627
68272874
68278598
68279573
68279624
68288100
68292110
68298591
68309522
68310245
68319650
68321629
68327808
68329419
68331895
68334382
68357847
68367525
68369493
68390312
68402759
68407967
68416627
68420963
68426919
68427030
68442235
68444189
68448875
68471704
68492359
68492615
68510486
68519475
68533299
68549623
68554474
68576346
68610696
68614629
68620446
68633912
68639569
68644370
68646532
68664172
68664500
68687317
68688107
68692306
68693058
68694756
68706603
68709294
68724397
68750184
68752367
68769801
68772024
68779550
68798402
68806562
68818276
68830769
68843150
68851192
68857946
68863168
68867435
68875315
68878180
68878283
68886343
68887158
68958987
68973005
68975272
68981273
68986914
68988361
68995527
69001237
69004686
69028585
69031410
69032084
69039278
69041194
69045212
69049963
69053323
69057618
69071276
69073553
69096164
69104150
69106146
69109664
69116322
69117448
69119182
69120222
69133200
69136178
69138963
69139120
69142118
69149676
69150963
69153797
69170374
69170913
69178971
69185806
69187440
69189411
69200636
69204069
69204693
69219580
69221779
69237937
69241357
69243030
69248264
69250198
69269768
69270037
69284126
69295560
69302941
69317394
69318880
69337333
69339539
69342460
69358350
69365001
69367223
69372160
69372944
69380426
69382446
69387108
69412242
69416335
69421329
69424055
69426375
69426657
69437008
69448212
69449833
69451171
69458338
69464946
69477093
69481286
69494732
69496517
69509258
69526176
69541732
69543908
69550591
69552083
69571471
69576828
69580276
69601207
69606237
69613302
69626794
69646844
69654246
69657345
69664666
69702177
69707033
69708562
69727767
69730352
69739737
69752229
69765161
69786657
69799831
69811067
69814125
69816188
69820752
69847902
69858449
69860024
69864676
69865948
69875640
69894304
69904390
69920069
69923957
69945984
69946036
69954661
69959725
69983276
69985164
69991004
69998776
70006266
70008431
70014091
70021441
70031450
70044315
70052757
70057913
70067682
70088850
70095525
70097993
70117526
70120787
70131242
70134092
70136345
70136748
70137359
70137951
70144621
70154735
70160190
70160282
70160983
70172656
70187202
70189707
70190575
70201527
70203259
70219003
70225228
70230142
70230432
70233614
70250803
70268838
70272164
70275606
70281005
70282831
70289258
70290965
70319616
70323443
70335096
70337446
70364632
70372992
70385594
70394353
70398318
70400334
70401382
70401475
70402954
70408887
70414402
70421162
70433779
70451000
70457926
70458478
70459884
70460259
70462321
70485541
70488809
70496044
70518755
70537758
70547559
70560923
70569312
70569727
70581411
70581921
70582278
70590286
70618650
70622509
70628999
70630997
70637400
70641783
70655176
70685934
70686128
70686139
70696402
70705394
70719993
70721305
70730850
70730913
70744571
70747201
70748241
70757756
70764896
70787105
70795404
70797318
70797456
70797624
70811613
70813282
70824514
70826855
70830872
70836024
70853365
70854986
70855207
70856038
70883173
70886967
70893310
70893675
70907228
70907399
70910175
70921711
70922155
70924523
70925697
70939398
70943974
70951586
70960500
70960802
70985312
70990260
70996783
71010067
71019760
71023532
71026317
71033494
71045744
71053217
71084630
71086162
71089745
71105661
71109952
71116702
71121849
71140179
71149012
71149739
71160714
71168291
71168871
71181048
71198452
71201128
71206566
71209813
71210828
71213672
71235938
71237286
71247111
71253270
71255426
71256475
71260150
71260208
71281855
71285194
71288648
71299817
71304001
71323838
71338765
71340535
71343836
71344386
71351311
71356263
71357848
71376575
71384648
71386290
71389501
71390317
71391510
71394293
71399689
71410449
71424863
71443003
71475603
71478271
71485523
71485865
71498247
71510521
71512546
71519925
71523390
71533933
71539290
71584161
71591531
71594376
71595549
71599679
71602881
71607467
71609350
71642900
71652351
71654137
71657666
71710089
71725663
71729955
71732559
71750262
71754935
71757894
71773487
71775632
71780837
71795809
71800584
71804897
71806754
71811015
71834071
71835486
71837106
71839463
71839661
71847205
71858187
71866023
71875904
71876871
71884021
71888854
71891878
71895692
71904809
71906479
71910553
71912097
71912672
71912863
71913075
71930828
71939928
71944067
71944820
71949827
71963268
71965517
71971669
71977764
71980892
72012639
72032042
72044001
72048471
72051231
72053811
72077755
72078184
72080678
72085025
72086274
72088741
72096461
72099174
72104310
72104676
72114848
72125927
72135426
72135863
72159122
72166301
72168723
72172425
72177782
72197212
72199563
72212985
72224242
72241350
72243501
72248941
72250135
72254849
72264173
72267028
72270815
72272406
72276000
72291999
72295535
72299930
72304862
72326321
72333241
72342470
72345195
72361048
72364062
72395044
72400909
72410676
72419018
72420444
72426149
72447308
72449712
72454293
72454319
72478427
72538106
72546914
72552440
72553040
72557418
72561635
72567977
72577298
72586878
72587063
72587280
72589972
72592696
72596535
72600393
72610213
72614116
72619024
72630762
72641841
72643219
72644295
72655500
72666058
72666223
72686140
72690934
72701771
72710946
72738612
72739180
72758731
72773282
72783898
72787842
72799808
72802365
72825493
72841498
72852430
72853563
72861145
72863773
72880524
72892729
72893468
72894732
72903962
72905744
72910837
72916975
72934963
72935763
72952580
72955266
72969653
72975845
72978205
72978856
72980575
72983608
72989821
72993522
72997211
73003290
73004688
73019319
73030245
73034865
73036611
73041050
73047744
73050892
73057985
73076758
73082603
73085977
73087104
73110141
73112126
73119397
73119885
73122272
73126872
73128362
73130136
73132507
73141010
73141757
73145265
73149381
73151433
73160284
73162416
73167845
73174011
73183643
73191896
73218327
73229013
73235758
73240457
73258627
73262011
73267896
73289513
73291257
73311775
73314139
73324661
73326180
73331298
73333050
73351946
73354958
73360542
73362884
73363982
73368004
73380133
73396926
73400142
73401117
73405688
73412738
73413264
73417612
73419254
73423636
73426505
73426764
73427266
73449482
73470023
73482679
73502479
73506719
73535025
73535964
73540253
73545521
73546483
73547989
73549637
73551842
73566781
73573503
73578026
73583847
73592328
73596372
73601823
73604332
73614037
73634516
73643930
73656087
73660694
73670082
73672778
73720292
73728910
73732597
73757059
73763894
73773548
73775077
73775471
73784324
73799552
73816807
73834596
73853938
73854308
73856476
73858184
73888920
73903289
73911683
73913544
73925903
73934257
73938451
73942088
73949527
73958635
73960937
73978263
73987022
74004707
74024960
74025503
74027462
74049806
74056209
74060512
74072638
74074634
74078214
74086625
74094127
74106577
74137524
74153391
74156909
74174661
74176156
74199938
74206716
74221054
74221861
74222513
74222888
74223236
74225659
74237469
74239670
74244983
74245158
74255466
74266274
74277415
74278890
74280586
74301201
74306810
74309040
74322563
74322996
74348964
74351305
74354754
74360010
74370522
74371528
74372066
74373004
74380544
74382250
74383851
74384858
74399289
74399580
74401240
74417200
74425362
74428497
74444134
74446732
74466191
74467377
74477108
74479257
74482404
74505174
74505617
74517760
74526789
74529264
74532320
74533920
74535278
74541286
74541658
74547094
74550996
74560447
74569596
74569667
74570398
74571656
74586590
74588438
74597305
74600170
74618721
74626670
74636217
74637966
74643730
74643940
74647758
74648872
74653730
74662649
74686276
74687536
74690801
74691081
74695075
74699935
74702592
74716624
74718751
74723561
74723660
74723792
74728480
74732121
74738053
74739865
74751872
74756079
74758852
74769405
74772012
74776994
74796361
74797609
74801054
74809439
74854600
74860964
74881018
74884767
74890511
74893038
74893995
74894370
74895177
74899403
74902232
74903095
74914605
74931817
74934490
74935297
74940646
74947593
74950689
74956757
74974221
74975059
74981457
74983714
74983968
74999337
