For an array with 10000 items set in random order, it took 0.003481524 seconds to sort the array using the quick sort algorithm.

Below is the array after having been sorted by the algorithm: 
1428
10681
18357
25812
33909
34940
44211
49305
49901
62242
72360
76056
81880
85962
89818
99850
108622
113732
122584
125707
138284
140116
145448
151203
167067
208761
214178
265475
272411
272646
282028
284396
302386
307757
307824
309855
311941
320515
322808
325422
328244
345165
346129
348008
348633
353833
380510
384378
393208
401872
403341
403363
403541
412999
414766
416235
454261
456373
467794
471879
475684
476275
484138
486163
496885
498105
498759
500307
501056
513736
539604
541696
543433
544878
550855
555455
555473
561618
564568
580992
593062
593082
619115
623930
625434
637450
642774
645615
659927
666903
692412
710960
719665
723958
725831
735795
739795
740511
758041
769788
769809
783958
786488
807131
816259
821149
821530
831470
848829
858835
865208
881543
887399
896291
898000
922081
923932
925474
933791
940758
940939
942879
946358
956833
961569
974321
992218
995732
1000855
1008050
1032615
1035339
1048454
1086128
1097397
1109247
1122261
1140146
1140269
1146698
1157934
1169059
1186564
1217229
1217458
1224590
1240026
1240471
1247714
1249262
1256475
1258983
1268959
1278301
1283953
1301112
1302226
1304586
1310006
1312013
1312584
1324690
1325552
1336440
1336832
1341535
1343467
1346483
1349224
1360329
1416173
1427389
1430607
1436037
1440460
1475579
1476849
1484279
1485063
1501482
1507301
1526848
1545631
1561415
1562265
1609726
1616770
1637657
1642074
1658107
1660513
1661163
1665500
1666596
1667263
1679766
1686865
1691211
1701951
1703950
1705772
1707705
1711559
1714724
1725427
1727963
1728522
1734729
1738033
1750045
1750953
1787630
1789814
1796112
1797182
1800236
1808128
1814953
1819480
1833273
1835930
1854466
1855095
1860069
1877054
1890480
1911374
1912690
1914674
1915231
1918660
1920174
1920456
1923387
1948156
1961671
1964921
1974293
1994787
1994858
1995025
2017106
2031813
2032197
2032627
2041753
2044817
2047804
2061263
2061370
2068872
2073194
2075295
2088691
2096593
2099535
2102691
2106575
2111686
2127862
2150599
2159605
2162506
2164354
2165780
2168298
2172275
2173604
2182927
2191476
2192335
2193629
2198365
2200333
2227317
2245739
2260188
2269045
2284378
2303836
2318308
2323003
2323817
2337487
2343163
2345099
2349452
2350212
2353067
2355118
2366677
2367937
2373183
2376911
2378789
2383297
2383973
2397822
2401586
2402117
2418702
2419664
2426087
2432365
2434834
2440101
2443039
2443677
2447394
2448767
2451172
2455306
2467056
2475148
2486316
2494576
2498791
2507697
2516501
2518191
2528599
2529035
2538452
2548854
2587149
2589858
2595280
2597620
2603721
2611382
2620507
2627156
2631071
2645915
2647231
2657859
2661557
2687316
2704796
2708915
2708973
2724849
2725085
2730643
2741762
2749381
2767195
2782135
2783730
2795090
2799894
2816921
2817309
2836697
2841272
2847176
2849788
2857539
2863201
2865283
2869365
2912660
2913894
2914061
2916464
2922934
2932494
2944640
2948489
2948614
2955918
2960662
2966579
2970090
2973376
2994962
3000716
3004045
3007560
3008006
3016280
3023375
3026582
3027425
3030230
3034801
3041195
3065206
3073621
3074210
3081592
3107725
3112089
3116851
3126512
3149632
3151725
3164511
3164881
3166942
3180578
3181386
3186342
3187448
3196684
3201227
3228979
3230911
3239150
3248352
3252574
3253818
3270993
3274437
3276907
3288242
3294053
3297677
3316871
3328390
3342820
3345644
3345656
3351076
3355778
3371205
3375180
3380267
3385491
3413697
3420992
3421804
3446947
3460239
3460465
3472313
3476033
3480459
3484411
3489880
3512728
3518328
3520847
3535214
3554192
3555193
3556684
3580461
3580461
3582192
3586030
3587317
3595958
3605043
3608947
3612866
3619201
3619492
3624562
3624673
3633970
3635774
3638294
3643996
3644518
3645137
3647495
3649708
3656923
3660522
3671227
3681884
3688186
3698323
3700874
3711148
3729675
3740266
3753578
3758009
3762261
3764472
3766019
3770486
3775762
3777918
3781010
3788874
3791012
3797036
3805974
3808196
3810723
3816866
3821056
3824394
3840595
3852731
3861500
3864322
3881236
3882732
3892586
3895794
3900899
3902361
3902679
3912970
3915054
3924929
3931684
3954987
3958778
3981288
3992117
4010894
4045207
4045761
4067603
4071197
4077217
4079114
4079629
4080625
4082151
4100083
4113598
4117390
4138928
4139431
4145379
4168233
4171245
4178943
4182229
4183806
4189395
4198141
4203819
4243540
4243588
4252041
4252758
4260281
4264221
4267905
4279205
4283069
4291151
4294524
4297587
4300034
4308061
4315722
4317224
4320504
4321377
4343363
4347231
4357869
4369575
4373466
4390258
4410029
4421357
4422067
4429879
4449044
4452635
4470453
4471625
4476875
4478498
4491913
4496254
4501385
4517596
4536696
4541447
4549585
4558794
4564950
4565467
4578472
4591483
4601319
4615079
4624616
4633395
4653901
4672197
4679894
4680065
4680666
4690129
4691326
4694014
4696580
4700238
4702427
4708636
4711198
4715682
4726417
4731536
4749520
4769229
4794714
4803090
4803200
4803398
4813898
4820376
4826851
4833086
4833590
4849756
4850379
4851620
4854722
4859744
4865494
4870620
4882194
4883215
4904127
4907521
4908773
4915892
4922725
4924430
4936422
4942873
4955536
4962351
4963210
4971573
4981344
4985865
4998344
4999020
5000931
5009943
5018059
5023324
5030236
5053752
5070183
5072335
5076952
5142411
5144691
5152833
5157458
5180830
5182416
5188661
5193757
5210469
5214203
5214807
5217736
5228914
5231001
5241799
5242384
5242738
5248717
5257646
5265401
5272718
5274117
5275988
5281439
5281767
5288221
5292008
5296569
5310193
5319674
5324931
5330404
5332856
5335941
5340556
5356608
5361009
5378168
5378531
5381196
5384628
5396839
5398651
5402860
5407788
5415853
5420133
5430497
5431358
5441456
5454126
5455253
5481319
5498902
5506914
5510864
5530453
5534909
5547732
5548751
5548928
5560994
5591081
5593647
5598958
5599404
5609215
5609242
5613711
5615256
5620374
5629821
5632279
5641893
5643426
5679116
5698138
5701425
5703677
5706740
5715871
5722412
5726447
5728680
5745181
5746153
5751482
5755468
5793543
5816910
5828310
5829872
5831943
5833212
5833929
5836938
5867449
5870198
5884699
5917818
5917929
5936910
5947799
5959401
5959748
5963685
5968564
5976010
5977131
5982223
5993171
5996216
5996843
6001604
6015357
6019362
6022243
6027698
6045236
6051558
6060974
6065523
6069775
6070086
6070305
6081055
6083012
6109112
6110703
6115151
6115320
6119457
6127465
6129606
6132004
6136651
6139930
6149164
6158943
6162609
6181405
6191645
6197420
6217218
6221375
6223252
6224855
6227827
6244582
6258370
6270170
6276369
6288903
6290955
6295152
6295806
6297244
6298952
6339242
6346292
6346627
6350049
6353356
6365904
6365984
6366333
6369082
6370675
6373104
6385030
6386036
6386868
6404245
6404914
6414079
6430945
6432573
6442609
6443527
6445664
6450021
6450234
6459370
6466761
6482366
6486084
6490213
6509024
6516736
6523993
6535093
6542669
6543821
6585500
6613306
6619302
6625296
6641700
6642721
6659833
6670194
6680194
6683484
6684634
6687032
6689150
6691447
6692237
6697819
6698860
6710052
6717225
6748858
6756787
6762288
6775104
6780530
6791136
6798254
6816368
6817596
6846176
6848429
6854889
6855032
6868770
6874750
6876603
6889690
6891261
6892611
6917821
6918631
6924154
6931916
6936878
6941377
6945077
6952544
6964004
6967224
6967840
6974559
6975204
6978561
6979624
6985541
6986569
7026528
7028383
7035405
7036931
7037746
7041357
7056031
7057905
7073474
7077437
7093810
7110112
7113012
7123518
7125623
7133046
7140671
7147387
7153657
7157449
7162066
7162468
7175770
7179120
7201582
7213498
7215529
7219349
7242423
7265590
7275773
7277838
7289352
7290792
7297458
7299887
7302575
7304157
7305529
7306834
7313222
7318023
7321095
7321683
7329444
7333415
7336854
7339481
7360731
7365582
7373179
7382205
7395254
7402871
7408338
7457405
7481166
7490193
7495493
7499796
7504780
7516942
7521352
7522555
7535431
7548558
7562924
7569813
7570380
7586488
7592266
7592639
7593994
7594894
7595220
7607875
7610131
7620215
7636790
7643499
7662290
7694268
7700984
7717444
7728906
7733607
7759486
7763250
7764525
7765152
7783856
7788725
7790941
7801517
7813953
7825910
7826923
7849774
7851483
7866066
7879931
7904260
7906088
7916112
7922909
7924046
7927495
7942552
7944689
7947976
7951078
7951291
7957686
7959414
7959742
7965966
7969078
7977785
7984509
8012768
8014605
8027678
8031031
8055586
8062756
8084858
8086759
8097283
8103170
8136478
8151753
8152841
8152879
8154418
8162937
8170565
8170892
8171791
8172526
8174540
8184709
8186400
8194939
8219282
8232965
8234930
8246631
8262882
8269128
8271249
8294666
8295375
8319033
8334182
8339624
8339736
8358759
8364868
8365616
8366729
8378515
8388192
8396594
8401382
8412112
8412987
8415593
8418171
8418868
8422777
8423718
8424420
8425897
8437648
8444943
8454357
8455104
8459757
8465121
8473753
8477174
8481616
8484904
8485034
8503095
8524395
8544817
8555040
8584107
8587687
8598860
8601530
8602091
8608764
8639539
8643036
8645731
8648577
8653146
8657905
8665368
8674098
8675947
8677242
8688701
8692132
8695505
8697885
8702010
8714875
8727513
8732533
8742635
8753154
8754965
8764601
8784317
8785100
8791548
8793019
8804426
8808314
8813794
8816267
8821145
8830631
8837800
8846359
8870538
8871714
8879547
8892435
8910240
8913263
8920686
8921362
8935023
8937606
8938172
8943873
8946392
8948540
8948751
8953434
8985479
8996165
9001603
9010046
9019840
9031073
9037695
9039576
9056876
9059800
9063943
9073705
9087292
9092162
9095476
9100662
9101686
9122691
9131135
9135163
9144400
9157982
9167623
9167848
9171293
9171654
9178747
9184223
9191456
9194950
9204768
9207359
9209488
9223213
9226361
9236721
9237019
9259135
9260627
9269477
9271238
9277505
9279997
9280683
9291023
9301207
9323530
9338668
9360127
9368001
9368599
9377720
9377987
9387679
9395702
9401162
9402101
9409486
9413824
9417675
9426817
9429457
9434185
9434747
9439295
9441745
9447878
9457927
9474433
9487571
9490967
9492303
9514267
9518451
9534950
9547494
9563529
9567725
9569899
9570809
9584785
9605145
9614439
9619361
9622486
9623753
9627510
9637459
9641190
9642477
9648120
9649404
9672559
9681173
9690119
9706863
9708029
9708974
9710134
9717605
9721961
9722509
9738622
9739203
9746964
9748498
9757619
9766072
9773010
9776572
9783029
9783717
9810070
9824358
9824639
9828505
9831328
9844148
9846458
9848653
9849177
9850237
9858825
9859911
9864408
9866284
9880996
9881094
9882020
9885955
9890707
9893842
9908913
9933448
9933721
9967115
9970517
9976271
9988725
9988963
9993337
9993572
9996059
10004564
10005857
10006485
10014841
10020019
10037709
10050734
10054856
10062509
10079512
10084521
10084576
10084637
10092992
10098765
10103643
10109419
10109686
10111906
10113028
10131707
10137131
10160907
10166294
10170390
10188405
10188708
10197794
10198146
10251550
10253327
10258866
10264152
10290117
10307311
10308479
10322917
10324100
10325959
10336468
10338020
10338525
10350015
10354810
10384823
10385163
10387988
10389832
10399664
10400990
10412604
10414623
10423495
10426769
10426885
10439244
10446767
10475096
10487155
10490971
10492835
10496266
10502720
10505352
10515682
10517506
10527307
10533006
10533638
10536867
10537988
10541621
10551716
10556016
10557988
10564260
10565880
10569481
10579721
10580024
10583900
10591110
10602695
10603155
10611332
10612637
10616495
10657696
10660193
10664612
10672224
10675056
10677756
10683383
10683673
10684641
10691799
10712773
10723457
10724817
10737649
10748270
10750451
10767399
10794163
10803732
10816461
10820920
10839290
10873197
10875202
10898679
10908833
10913291
10919042
10919541
10928879
10941011
10952973
10955481
10986915
10990414
11001811
11007948
11015629
11019708
11033337
11041284
11045160
11045213
11065175
11075123
11080097
11081742
11097928
11101649
11111363
11112994
11116832
11120014
11131004
11159088
11166029
11177351
11180484
11191268
11196305
11198449
11237963
11238883
11241579
11252693
11257780
11261605
11272093
11277295
11278168
11281403
11291272
11293262
11298421
11302213
11318876
11320009
11323162
11326100
11326788
11327755
11333994
11335786
11336585
11338091
11339556
11347861
11351444
11357436
11360095
11367363
11372225
11375181
11375299
11393969
11407492
11416386
11417382
11420492
11439774
11444854
11465188
11466095
11479233
11485131
11498732
11513986
11516604
11521934
11522180
11522728
11532654
11540396
11557627
11563300
11566441
11574803
11582249
11585344
11588575
11591441
11601374
11602670
11607558
11608416
11622111
11625350
11638922
11656310
11667030
11676570
11679097
11681249
11686253
11700573
11701551
11712452
11712761
11713911
11714251
11720464
11721398
11735260
11739802
11749206
11766046
11767069
11771113
11772226
11773975
11774259
11794099
11799251
11801320
11801382
11821338
11831367
11836130
11840881
11847701
11861612
11863837
11864818
11872621
11888793
11893918
11894328
11897237
11905082
11906251
11910266
11913673
11916662
11925549
11926140
11937215
11946891
11955413
11970580
11991707
11997762
12009328
12012828
12036393
12036471
12039395
12039886
12063224
12071720
12073654
12076333
12091767
12100187
12112700
12116684
12119537
12120064
12121619
12123159
12127164
12140108
12143046
12149425
12149469
12150881
12157153
12161135
12174502
12186853
12204255
12207457
12218053
12228639
12231440
12250267
12270354
12270519
12273398
12273920
12284427
12299773
12315442
12321531
12332662
12340113
12343676
12344276
12345578
12353509
12357990
12364430
12370281
12371813
12376504
12381000
12394990
12395181
12398638
12401356
12404721
12407402
12430118
12454008
12465023
12473991
12474884
12483141
12491992
12498079
12499286
12511150
12526067
12532709
12544809
12547650
12548518
12555428
12568927
12570532
12575652
12592428
12593761
12604694
12607529
12610141
12616229
12617320
12619737
12621557
12626096
12633316
12647180
12649314
12660334
12671738
12674386
12676305
12688575
12704115
12707370
12726341
12733114
12739603
12750289
12751122
12753330
12760979
12764395
12767919
12788624
12793376
12800617
12801232
12804163
12807011
12810215
12812134
12814600
12822017
12823087
12837803
12850728
12859569
12859787
12870489
12882685
12883484
12887136
12892769
12904855
12908797
12917755
12951807
12963446
12969548
12972254
12973060
12983239
12994569
12998108
12999027
13001889
13011299
13014662
13015508
13016639
13025553
13033797
13060063
13062380
13070081
13071748
13072840
13091353
13101992
13118487
13119006
13119158
13126207
13132975
13141746
13145685
13170909
13173305
13174544
13178293
13186543
13199940
13218083
13218256
13221172
13222707
13236165
13237419
13260983
13261522
13266274
13267526
13269624
13275190
13278016
13299171
13306514
13315587
13320604
13322371
13334462
13347072
13348298
13350874
13357883
13373282
13378508
13382817
13385379
13410326
13423341
13437999
13438507
13443097
13446277
13452301
13468484
13468964
13490178
13490634
13492368
13496460
13498822
13508974
13510369
13515351
13515657
13518265
13519897
13535193
13548103
13558330
13561568
13564111
13565678
13568900
13570412
13573024
13579129
13583307
13593824
13605866
13612466
13614309
13615924
13621202
13627394
13630739
13645218
13646901
13651210
13667317
13673694
13676132
13682359
13684855
13689713
13713981
13717943
13722894
13723297
13728205
13734934
13737539
13738679
13749418
13750471
13757602
13759580
13766678
13770538
13802842
13808881
13812227
13813945
13821112
13823350
13826759
13832064
13847839
13848587
13851085
13861066
13864028
13865623
13884190
13895362
13903079
13906839
13915936
13934039
13934462
13958538
13963373
13964083
13971032
13976306
13980878
13981823
13987736
13993087
14000458
14004336
14011743
14030559
14052718
14068047
14071764
14073418
14074842
14078785
14081331
14083423
14091674
14111050
14112163
14129078
14151560
14156968
14162532
14172272
14173087
14173826
14175190
14178905
14205846
14208089
14217405
14218930
14237467
14238843
14238864
14261825
14262116
14262269
14263389
14283458
14284639
14303131
14308431
14315749
14324356
14330429
14364476
14374594
14389882
14399208
14401779
14413055
14425251
14426133
14427716
14433205
14438325
14452140
14469107
14470507
14473839
14482165
14494664
14503006
14504491
14516666
14518680
14524609
14566828
14589115
14607858
14608638
14614980
14618380
14620564
14623003
14623132
14628135
14639439
14651126
14654257
14660877
14672338
14679680
14682873
14694738
14697721
14706895
14711345
14725266
14725420
14730883
14736136
14740395
14740564
14743009
14751025
14751711
14758566
14765299
14773671
14776430
14784681
14787352
14793931
14803946
14804650
14815327
14821913
14840352
14840872
14846472
14850531
14886321
14902377
14922263
14923294
14931466
14936739
14942274
14949825
14951177
14951958
14952010
14963213
14963761
14966868
14967733
14970249
14973860
14989967
14995636
15009086
15009671
15016061
15018177
15020112
15024940
15027006
15032499
15040127
15047880
15053493
15073108
15073280
15087486
15091612
15100058
15106814
15121488
15125083
15128012
15131504
15143655
15143836
15157888
15168419
15182130
15186520
15189195
15192050
15196538
15212198
15213137
15219780
15221506
15236219
15236810
15241748
15258793
15260476
15263152
15266165
15267037
15281868
15284174
15288924
15288955
15291916
15292982
15300131
15322669
15326695
15326703
15345601
15350978
15356555
15362171
15365148
15366336
15369683
15375639
15376308
15389380
15389631
15393411
15396956
15404043
15410862
15420559
15425735
15433232
15438352
15441921
15442378
15451834
15465814
15466034
15474322
15479276
15480968
15490505
15502080
15506495
15537457
15549421
15550898
15551182
15563574
15564754
15583917
15584988
15585958
15590840
15617287
15626287
15641749
15644047
15647087
15653102
15653920
15660522
15662293
15667625
15674834
15683721
15687288
15734782
15735187
15741125
15743455
15754658
15756787
15759732
15762722
15763604
15763708
15778147
15781263
15791013
15806747
15827805
15831102
15849846
15855691
15856430
15872389
15874293
15880787
15905201
15911739
15912308
15919515
15930934
15933346
15936071
15940611
15946023
15955634
15957100
15957929
15968876
15971204
15972798
15974647
15986110
15986565
15991526
15997086
15999966
16002384
16013186
16017450
16030809
16039512
16053629
16057807
16061005
16069609
16072161
16073535
16088350
16092095
16096423
16096467
16103640
16103975
16106672
16113468
16118227
16134046
16136209
16153891
16155094
16165600
16181613
16189444
16193832
16216019
16218518
16234091
16250767
16259645
16263325
16276638
16288876
16311600
16318216
16329059
16380877
16381300
16382483
16383460
16392669
16399873
16404877
16421842
16437320
16440498
16440801
16450785
16461436
16466672
16471503
16476939
16477405
16481782
16487022
16487208
16488828
16493787
16518156
16533463
16540658
16551189
16574604
16577805
16587770
16617133
16617779
16623180
16631472
16635855
16638247
16639831
16641737
16643109
16646667
16672952
16673276
16677692
16677963
16678681
16682973
16684202
16685908
16688530
16692530
16692902
16697686
16704081
16706468
16708215
16708929
16710612
16711135
16715668
16730427
16731717
16738146
16754402
16757299
16761239
16768831
16771602
16784145
16801102
16805524
16806042
16832174
16839092
16842763
16849012
16852506
16859614
16863610
16869437
16870790
16871121
16901436
16907638
16910082
16911782
16917506
16923264
16929055
16935021
16938513
16943727
16946594
16954194
16961446
16963591
16981189
16984660
17004696
17018871
17038853
17041431
17049007
17050101
17056804
17057568
17057575
17058309
17072835
17074073
17074428
17075210
17076037
17081201
17082339
17084548
17085642
17095175
17105096
17122989
17123115
17123119
17129141
17134343
17145391
17153695
17158762
17159187
17161505
17173419
17185279
17186397
17190209
17204697
17209014
17211797
17214860
17230885
17233591
17235652
17237476
17256433
17257347
17269636
17273589
17276602
17288272
17299115
17306311
17311267
17315307
17318236
17320376
17333659
17336345
17336946
17349910
17351647
17352920
17355605
17375177
17387257
17387704
17397347
17397503
17407788
17416474
17425012
17425482
17439829
17446167
17450100
17450887
17451169
17461430
17466368
17474088
17485728
17490531
17498344
17513261
17520360
17521740
17522839
17524510
17540009
17555190
17559506
17588799
17597444
17608521
17611386
17658756
17662751
17669710
17673986
17676181
17678013
17684937
17689293
17717606
17719112
17720320
17729741
17746907
17749648
17761526
17810187
17825852
17833088
17842950
17848134
17872113
17874100
17874546
17880523
17880773
17891105
17901350
17906597
17914795
17915844
17916443
17922495
17928875
17941501
17956826
17959081
17960503
17963548
17970263
17973779
17981450
17991412
18006026
18012873
18033078
18036426
18040816
18041931
18052265
18053971
18066452
18069745
18071832
18073683
18088403
18088536
18099500
18099939
18101323
18114089
18119428
18130180
18134941
18136675
18146655
18162428
18181139
18188145
18196794
18197494
18205950
18216055
18222191
18223160
18224870
18232087
18232131
18252053
18268692
18270825
18275142
18282033
18283819
18299450
18311278
18315246
18317500
18329547
18330141
18339096
18347152
18352411
18353166
18373962
18373978
18376293
18382469
18387779
18390347
18391132
18395755
18397299
18401497
18416989
18421192
18429351
18430673
18448911
18449762
18452107
18452170
18454755
18463055
18464024
18477786
18484928
18489272
18490019
18497313
18506044
18509801
18533205
18533809
18536552
18539983
18543674
18554839
18561930
18562001
18565903
18573801
18597034
18601921
18606893
18616547
18626196
18626574
18627266
18628107
18644515
18645608
18661010
18684564
18699796
18704588
18708396
18708470
18728019
18731569
18744667
18747152
18747548
18754375
18759300
18766520
18767612
18784915
18789944
18810094
18841950
18842596
18853466
18860708
18875282
18905175
18915292
18915998
18918957
18924126
18928631
18945913
18949163
18961131
18961269
18968104
19006556
19007101
19022777
19022796
19037788
19041145
19041609
19045450
19074013
19086224
19095266
19097880
19100953
19102576
19104737
19123478
19145713
19157647
19188014
19201385
19210063
19212838
19221529
19222769
19232428
19241694
19247057
19248934
19259423
19260224
19272745
19280470
19282214
19291867
19293695
19294925
19299950
19302459
19303067
19311048
19313241
19317723
19324475
19347938
19361553
19382244
19399835
19413929
19420722
19425128
19435545
19436681
19450905
19458644
19480199
19491705
19492383
19498002
19498977
19500577
19504116
19506754
19510710
19512923
19518482
19519229
19520747
19522640
19534639
19534799
19540802
19542156
19543216
19548522
19553965
19563535
19565001
19568939
19585721
19600324
19604287
19629070
19631323
19641722
19646099
19648527
19654639
19667079
19693639
19702405
19714035
19714871
19716196
19728003
19736540
19738889
19762445
19764081
19764134
19772704
19788750
19793148
19803806
19814326
19837943
19842563
19853568
19855567
19860665
19868188
19873967
19880069
19890863
19907374
19908716
19916114
19916719
19918375
19924270
19926632
19932307
19942257
19943390
19951743
19953542
19955444
19973627
19974399
19981706
19984964
20011495
20029423
20048635
20055553
20064858
20070196
20075240
20096870
20097108
20117703
20119678
20127543
20138438
20147947
20148269
20157231
20157295
20158104
20159345
20162668
20163147
20174711
20184748
20190045
20203992
20204171
20204418
20211287
20219387
20220223
20229014
20229524
20242781
20245982
20246140
20251695
20263312
20277147
20290409
20296120
20298099
20320061
20321974
20325260
20336175
20344360
20344438
20345928
20349543
20360076
20360207
20370292
20386382
20390883
20393365
20402751
20406948
20410044
20417420
20424109
20427184
20443407
20443895
20446835
20447964
20450465
20452265
20485491
20491171
20493605
20493796
20494988
20500985
20501152
20503898
20507713
20515981
20524394
20530706
20552128
20552790
20555848
20556372
20557644
20559348
20569231
20582311
20600458
20620241
20621174
20634813
20642113
20650872
20651126
20652207
20652486
20653834
20668902
20688573
20712848
20725888
20728511
20731842
20751168
20752380
20762001
20766102
20777223
20787596
20791847
20799192
20799841
20800055
20807844
20807984
20809488
20813919
20814149
20815691
20817177
20820518
20822564
20838120
20852435
20853834
20859415
20868910
20870557
20885040
20886117
20888666
20916416
20941077
20945873
20950757
20952018
20954956
20965926
20966062
20968500
20972720
20976386
20989184
20994243
20998399
20998798
20998923
20999491
21004425
21006986
21013184
21017556
21021509
21029524
21040310
21045574
21048611
21060041
21071374
21075741
21087355
21095238
21095655
21099254
21106708
21111683
21114305
21132407
21133183
21168722
21177711
21181521
21189135
21190106
21192554
21201826
21233044
21237406
21251091
21256786
21260322
21264026
21268404
21274713
21277005
21284290
21290336
21299253
21305117
21308320
21312881
21314847
21315591
21323184
21326806
21328048
21332650
21354099
21361991
21371133
21375649
21376084
21377733
21395577
21401066
21401875
21405082
21427630
21434236
21451262
21453738
21454103
21460300
21462403
21475553
21482387
21485242
21489305
21489600
21516888
21519237
21535984
21539726
21544560
21547458
21550891
21565910
21578112
21587332
21590933
21612247
21612413
21616010
21634036
21639407
21647825
21648882
21650159
21652564
21655345
21659332
21675456
21678840
21686266
21689876
21692994
21693324
21704221
21713529
21725322
21748190
21748699
21771711
21772001
21772845
21773540
21774192
21774725
21774901
21780088
21792279
21812529
21814651
21833396
21844136
21851006
21851525
21852659
21857370
21860496
21862789
21878198
21880472
21883063
21885100
21888025
21891137
21897085
21913840
21936031
21939321
21946580
21948016
21951879
21955520
21967077
21991837
22003292
22012192
22013066
22017757
22025495
22035485
22038376
22044893
22065451
22066080
22067214
22068973
22070250
22082560
22084377
22091306
22094643
22128408
22138409
22139302
22151651
22163640
22175478
22180974
22198981
22199232
22209424
22247793
22259678
22277748
22283760
22299060
22308776
22309065
22310611
22326899
22333669
22334476
22335078
22338834
22350229
22354573
22354977
22373346
22379923
22385418
22394040
22394609
22394962
22398029
22405231
22412826
22417191
22422378
22426510
22431569
22440374
22447569
22454300
22454977
22460578
22461692
22470010
22477949
22486090
22495301
22496337
22498598
22510684
22530889
22538820
22543848
22550280
22564739
22585197
22593869
22608422
22614119
22614262
22619664
22620442
22626783
22629369
22631080
22631509
22634650
22640690
22640693
22649146
22654694
22658733
22685844
22686628
22690694
22702157
22706722
22730201
22733291
22733393
22736021
22753409
22757894
22767819
22807429
22813822
22824346
22834464
22836037
22838389
22841705
22847442
22854676
22857308
22859671
22868487
22878841
22878916
22884630
22888098
22912541
22919237
22949699
22963967
22985468
22990843
22998039
23003783
23024536
23042964
23043686
23044784
23066352
23067037
23068210
23082714
23091780
23093931
23111486
23112229
23116807
23119615
23120240
23125015
23132883
23141197
23149779
23155609
23172846
23189892
23192658
23193797
23200676
23209993
23227541
23250192
23254454
23266439
23271813
23283210
23284832
23290717
23292045
23293964
23299598
23301736
23304824
23342151
23343077
23345037
23348131
23361407
23364007
23376471
23377393
23386231
23461706
23463667
23478380
23489284
23499364
23509535
23512536
23512979
23513088
23517690
23521936
23526743
23535169
23549302
23552713
23553278
23568493
23568741
23570118
23579022
23580852
23590954
23591462
23607237
23607929
23608833
23617561
23628298
23631576
23632727
23639225
23644893
23646158
23658862
23665105
23676069
23688355
23699561
23700393
23710301
23721808
23722224
23726480
23734614
23735895
23744303
23748702
23752427
23765280
23778628
23781725
23783453
23799800
23810542
23812461
23826761
23834508
23835858
23838826
23838943
23848034
23851725
23855544
23858107
23872101
23873032
23892359
23894933
23895698
23903624
23918636
23922579
23925696
23925733
23928756
23928767
23929752
23930609
23931247
23938023
23950288
23954502
23958092
23962804
23983473
23986288
23989867
23992463
24006268
24017982
24018123
24024964
24030868
24031631
24036927
24039268
24046511
24052524
24059760
24069199
24077064
24088861
24093488
24093720
24097338
24097687
24099748
24103273
24110712
24130590
24143268
24145432
24146043
24151980
24157146
24165248
24174360
24181432
24187818
24195954
24201652
24205096
24208061
24219628
24222440
24226400
24227537
24231613
24239082
24270180
24271154
24291677
24294188
24295908
24308174
24309875
24313208
24322568
24326026
24326478
24330621
24334885
24337011
24337063
24348005
24354700
24356064
24363339
24364668
24365581
24370539
24387892
24389618
24390458
24395241
24402965
24403214
24408300
24410145
24418843
24429592
24453183
24457438
24493222
24497877
24499889
24517925
24518308
24518428
24532710
24539958
24547268
24555871
24566040
24568582
24577840
24584963
24596551
24596909
24597596
24598108
24601203
24609268
24613737
24617838
24633673
24637331
24637372
24648645
24649987
24653437
24659056
24671940
24675839
24683660
24683918
24689659
24689660
24692276
24699432
24699918
24699972
24703752
24711386
24713467
24718150
24754800
24762578
24778192
24781453
24783910
24785016
24805212
24810245
24812902
24826092
24839577
24840910
24851734
24864529
24865693
24866646
24870970
24873992
24880937
24887363
24902511
24904419
24904589
24906344
24909746
24920952
24927091
24944024
24953040
24956446
24957699
24967219
24974412
24975605
24980674
24984245
24993112
24994322
24997224
25006353
25011496
25019206
25041866
25048944
25054908
25062376
25068017
25068116
25074346
25079303
25079778
25084729
25086284
25086727
25093757
25094515
25095011
25097586
25102511
25103406
25104999
25107959
25110493
25111273
25114939
25116886
25118094
25118403
25120399
25136212
25136439
25144064
25146181
25175870
25181908
25184133
25187756
25193574
25202981
25214874
25241296
25244757
25248079
25248401
25248607
25256822
25257196
25260141
25263829
25276593
25286028
25303414
25313234
25321790
25325621
25331774
25332275
25349660
25354389
25357183
25364960
25382103
25392409
25393622
25402014
25404668
25407526
25412939
25432984
25445287
25453476
25457153
25457193
25472779
25476646
25477778
25494727
25503277
25511074
25520207
25537058
25570638
25577556
25583111
25587473
25588788
25596757
25600041
25633649
25641579
25644780
25647803
25659167
25660153
25662287
25674358
25675340
25693949
25696993
25700121
25714049
25715139
25725937
25757309
25767223
25780787
25782988
25808656
25816310
25841763
25847400
25848545
25848946
25852206
25864077
25877459
25901882
25905851
25906600
25910125
25912338
25917787
25950510
25968722
25989154
25992416
25992516
25994270
26003397
26004380
26019852
26020794
26021620
26024910
26035184
26041643
26060766
26061550
26064965
26068477
26075880
26078183
26091799
26106756
26109786
26112672
26113239
26122150
26133460
26137849
26146190
26157044
26188218
26194623
26208118
26214647
26223528
26226906
26247512
26254952
26255092
26275441
26287476
26289753
26298032
26300652
26307175
26313952
26324422
26325392
26335131
26338254
26346325
26347709
26351930
26353091
26354389
26355917
26364529
26365996
26366386
26374774
26394176
26408030
26411280
26413227
26424051
26424922
26428658
26428859
26433386
26437187
26464522
26474597
26477598
26481835
26495590
26505105
26505378
26506360
26516406
26516446
26518013
26521626
26524344
26532027
26537382
26538361
26540997
26548341
26556985
26560720
26561693
26562780
26570240
26570790
26574020
26574487
26577007
26578359
26579478
26587796
26603094
26618334
26619561
26621611
26630232
26631584
26639496
26646286
26649746
26653208
26657743
26675764
26697370
26704469
26708249
26721487
26729907
26733143
26735797
26735799
26739679
26741464
26747342
26749316
26749857
26769627
26801743
26802891
26812479
26813324
26822394
26830707
26865151
26866745
26874554
26877497
26877571
26877988
26901267
26908971
26925623
26930071
26935368
26943095
26944963
26951574
26958664
26974958
26979209
26986232
26986503
27003811
27009089
27021613
27031985
27071310
27078584
27084002
27089417
27089707
27105218
27106568
27112669
27114179
27149929
27161942
27175580
27180748
27194430
27205628
27211823
27215094
27216647
27217128
27238689
27249044
27251299
27257642
27259728
27261867
27263334
27264963
27270382
27275658
27279945
27286911
27293844
27306244
27308649
27315617
27329530
27345564
27364453
27375490
27376433
27387591
27388326
27400979
27411589
27412295
27413607
27425712
27428949
27431509
27436646
27441774
27459618
27460044
27465624
27466284
27466407
27479061
27479449
27480297
27483947
27491683
27491809
27496457
27500789
27502398
27504887
27505338
27508687
27521270
27536527
27541090
27546528
27567540
27568764
27581354
27592381
27593670
27611725
27640332
27645071
27646498
27670341
27671964
27675112
27676118
27706305
27719740
27719947
27729417
27734818
27749468
27766857
27771047
27775835
27787976
27791213
27795173
27798832
27804159
27815058
27816285
27820901
27825417
27846042
27853060
27853659
27897820
27898314
27902078
27902609
27907160
27928154
27931630
27932244
27932908
27941014
27942560
27946018
27955313
27958530
27964552
27964897
27967655
27981651
27985208
27986494
27988239
27990013
27990193
28011450
28014399
28021759
28025228
28025323
28026804
28028917
28029421
28047513
28053650
28058262
28068987
28071862
28072874
28073363
28088733
28090175
28090802
28099154
28103864
28106217
28117253
28119121
28133617
28159342
28161439
28170863
28179143
28179959
28185322
28189525
28193233
28198271
28220310
28224730
28234586
28240033
28248352
28252622
28266487
28270986
28274146
28275978
28280303
28299568
28302909
28303532
28312755
28316168
28337511
28347106
28362843
28377864
28377985
28396711
28403226
28406566
28409958
28414205
28414512
28424182
28445524
28449023
28466391
28479606
28479639
28484995
28489886
28496568
28503498
28516497
28520564
28526162
28527204
28531661
28549438
28552188
28559466
28567086
28568281
28580626
28587112
28589902
28591472
28591504
28595294
28595465
28607786
28618099
28618245
28635723
28635761
28638772
28639117
28653933
28658266
28666690
28683936
28684984
28691492
28703467
28705342
28706275
28709190
28721221
28726271
28728171
28729256
28733235
28737320
28746684
28754558
28775341
28778030
28781644
28783259
28788749
28802844
28814115
28815378
28825745
28826622
28830530
28839126
28843205
28857004
28860917
28868974
28880458
28907106
28917829
28926430
28927328
28929125
28930204
28930708
28936802
28940605
28962808
28962891
28965318
28967314
28971019
28994169
29002077
29006400
29011638
29018572
29032547
29034960
29040601
29054313
29056418
29058112
29059271
29078339
29078399
29081532
29102416
29103137
29108986
29123906
29127832
29136173
29137242
29138624
29139395
29141525
29141923
29145476
29165042
29168925
29175875
29195883
29199204
29207876
29218605
29222607
29225997
29226572
29227216
29242860
29250074
29250374
29253403
29264002
29264488
29298400
29302918
29309362
29309888
29328890
29337146
29344167
29351576
29356772
29367492
29386440
29393223
29400894
29423626
29433775
29435582
29447436
29452200
29456415
29461226
29466616
29483713
29487101
29502226
29514770
29515456
29523412
29527123
29548047
29551044
29558211
29558802
29565261
29589202
29613904
29628274
29630403
29639738
29654068
29656888
29660433
29663900
29680129
29681369
29728680
29758260
29760131
29760650
29784914
29788156
29792015
29797614
29806256
29808605
29818664
29820560
29825231
29831184
29848019
29848646
29854303
29856323
29884594
29886053
29888850
29896171
29899845
29918941
29925854
29930578
29941823
29948512
29950640
29953598
29966363
29970418
29994601
30008865
30009982
30011018
30034924
30045358
30056125
30062422
30067311
30071785
30083396
30087416
30133530
30137367
30140100
30140657
30148169
30155227
30156743
30158211
30161815
30162349
30179873
30183115
30191060
30212659
30212941
30219085
30232236
30239177
30242401
30245787
30252660
30253502
30260820
30275086
30276772
30278556
30280687
30293875
30295226
30306365
30307459
30322485
30331395
30333075
30333607
30353200
30359909
30360949
30369521
30388153
30393509
30394797
30400824
30403499
30431611
30441685
30448602
30450165
30460160
30466393
30468037
30476471
30480684
30484014
30492839
30498955
30500429
30504589
30514389
30520516
30536036
30542214
30552409
30568033
30570704
30570849
30573892
30574422
30588720
30593599
30601454
30604543
30605254
30621079
30626250
30635346
30637881
30641142
30650795
30657346
30669393
30685468
30700394
30705340
30713604
30723494
30736994
30753300
30758959
30764890
30772900
30783773
30791233
30802335
30808378
30809352
30813218
30817369
30819286
30821871
30824737
30832850
30840053
30841091
30845960
30852089
30869019
30869475
30879977
30880602
30884330
30889578
30891893
30896572
30908681
30923075
30930082
30948740
30951842
30958749
30971890
30973830
30975272
30976501
30989759
30989937
30992038
30997390
31006466
31012946
31021751
31023411
31034115
31044190
31047404
31050127
31050977
31056914
31060137
31063499
31064200
31064461
31065183
31069990
31070455
31081934
31083577
31088916
31090487
31106861
31112950
31119112
31119691
31126515
31143060
31148914
31153105
31155641
31162975
31168254
31168995
31171245
31171894
31198853
31215258
31223096
31223406
31224226
31232258
31245586
31248998
31250374
31253235
31291285
31292994
31317969
31320417
31320487
31336720
31339211
31342828
31349807
31352440
31356020
31357510
31368722
31371476
31371929
31390285
31422754
31441487
31442639
31460479
31482792
31491732
31497323
31497870
31526795
31532785
31546406
31549527
31562348
31568094
31568193
31569886
31581916
31588186
31591066
31596494
31600059
31614915
31632418
31633944
31634243
31634469
31639743
31653795
31656900
31674060
31692768
31701360
31704698
31728002
31759046
31764760
31765210
31769916
31784611
31786773
31791539
31793456
31796883
31818174
31824883
31826619
31833269
31851054
31851167
31863395
31866428
31867890
31884395
31892197
31895782
31896399
31905298
31909975
31917729
31935422
31947527
31974914
32012141
32017601
32025670
32027059
32030116
32051520
32061609
32073488
32076401
32097517
32102858
32111557
32118677
32124166
32137207
32137754
32144506
32155186
32157085
32161996
32165558
32173700
32173907
32176719
32178855
32180973
32182908
32209925
32213849
32214959
32216734
32243348
32257759
32272097
32276234
32280475
32290564
32297198
32302271
32317670
32334414
32346975
32354400
32356738
32358577
32368640
32384660
32388343
32389598
32396874
32407667
32408613
32413373
32416572
32426192
32439502
32468711
32472476
32483905
32485043
32486570
32490004
32494435
32502345
32512185
32520950
32536406
32536719
32540228
32545113
32549029
32558489
32563702
32569205
32582077
32584698
32598800
32604314
32610455
32610923
32614573
32618618
32619727
32628523
32635954
32639076
32640227
32644731
32653354
32661842
32663831
32668624
32669445
32678973
32679141
32684792
32684800
32689067
32700055
32701103
32704062
32705732
32719727
32725837
32727907
32733286
32733345
32737694
32739824
32742536
32743952
32747784
32758708
32760471
32762288
32762332
32762666
32764367
32778627
32782284
32792484
32794484
32797661
32827404
32827497
32833168
32835843
32840565
32846630
32853881
32863005
32872195
32874347
32888569
32909511
32921905
32923215
32925489
32928881
32946324
32962462
32972189
32977019
32980637
33001742
33024871
33032185
33042849
33043694
33047065
33047129
33059532
33070387
33074371
33084012
33093073
33097169
33108036
33121896
33146000
33149685
33152826
33152935
33160710
33164639
33169190
33170630
33172762
33184064
33184464
33188151
33201049
33205535
33206388
33209391
33219288
33223941
33225930
33232063
33254301
33260307
33278222
33281456
33284424
33290264
33297354
33303673
33305415
33305591
33305872
33310693
33320482
33325533
33327869
33332374
33337331
33344056
33344242
33363242
33363375
33371636
33376260
33386336
33410751
33411875
33425673
33425971
33426012
33429695
33434724
33443156
33449648
33452613
33464124
33466067
33491225
33500518
33515230
33525139
33530681
33532521
33534092
33534367
33545289
33598901
33607453
33616523
33625743
33630479
33632694
33633824
33635833
33638355
33644384
33648801
33653363
33656615
33658901
33660840
33662325
33681431
33683471
33693812
33702301
33724890
33729008
33731826
33747889
33748576
33757151
33778646
33795376
33796575
33797422
33813566
33817762
33832379
33874427
33884671
33892487
33910165
33912672
33931562
33944303
33947903
33948003
33956130
33974773
33995587
34002150
34017351
34023565
34034310
34038370
34044121
34047718
34050227
34054663
34055754
34059600
34060967
34079686
34083320
34089400
34092679
34094693
34099574
34100926
34117679
34121573
34132977
34137612
34152334
34155740
34177843
34184970
34194744
34197761
34214651
34215566
34223199
34246742
34247305
34253417
34263854
34276174
34282050
34286656
34287115
34289832
34301448
34333227
34333588
34339719
34344340
34344735
34361728
34364744
34396858
34399582
34400881
34409665
34417798
34429586
34438557
34445452
34452178
34475248
34478469
34490625
34496781
34502409
34502570
34512276
34514583
34522198
34523948
34542569
34545814
34555977
34557159
34557446
34571753
34575650
34618547
34621464
34623933
34626906
34651505
34651761
34652054
34653784
34656347
34659353
34663307
34671665
34677230
34679105
34684897
34708366
34715822
34716153
34722838
34730112
34732709
34740002
34741964
34753962
34755782
34766963
34772842
34777310
34783710
34788627
34798217
34808457
34808888
34813507
34825561
34838905
34851780
34851885
34870224
34884258
34891425
34891757
34891818
34891952
34899639
34909892
34922217
34924807
34924827
34928180
34933378
34939634
34942738
34949106
34951024
34951273
34961731
34964863
34968030
34978227
34985306
34987916
34993389
35000744
35007890
35008771
35017366
35034987
35048169
35055258
35061900
35069320
35069963
35085623
35121355
35125534
35127287
35136440
35139714
35141293
35142419
35150128
35154735
35154845
35160066
35160503
35170499
35177844
35199893
35206451
35212427
35223025
35235319
35251331
35256674
35283017
35297395
35298126
35306939
35307094
35315829
35320443
35341411
35352343
35357110
35378367
35402966
35406358
35411165
35418166
35418850
35419150
35437246
35440294
35446796
35447268
35450159
35460597
35468876
35474944
35493984
35498948
35500328
35512306
35517778
35526408
35539969
35543290
35548489
35566733
35567776
35576672
35587375
35591118
35591882
35596453
35611920
35617154
35622518
35638569
35640550
35644447
35652219
35671351
35673465
35675701
35679883
35683716
35697031
35706080
35721461
35721577
35731864
35734350
35749002
35757349
35758036
35768263
35777446
35781471
35795757
35807283
35816928
35817741
35822614
35832893
35833655
35836521
35843926
35860319
35863486
35864041
35888846
35892482
35895376
35897495
35912397
35916678
35927026
35930922
35933861
35956923
35957588
35961554
35964674
35985059
35985464
35987177
36022648
36025178
36027230
36030855
36040238
36041271
36046941
36074447
36077373
36081782
36105478
36106681
36122344
36124078
36130718
36143239
36158922
36163319
36163768
36171696
36217468
36217627
36222530
36227120
36230322
36259171
36270247
36275309
36285720
36296017
36316770
36324738
36354827
36360495
36373509
36383577
36385819
36393562
36397927
36402592
36403759
36405436
36407045
36412222
36419277
36437137
36444374
36451278
36459371
36465562
36469215
36499685
36501021
36504378
36507460
36519652
36522588
36530372
36532160
36545302
36546594
36553435
36555422
36564631
36569501
36574775
36575779
36579813
36590467
36599582
36603369
36604640
36614681
36619731
36627152
36633331
36637675
36642412
36648189
36648708
36673473
36674289
36684396
36684966
36693673
36699511
36705358
36715158
36724894
36727175
36728201
36738140
36740655
36751475
36752473
36756599
36763556
36775124
36789066
36808890
36814681
36815372
36836550
36848066
36867577
36868286
36873820
36881255
36889949
36892059
36922450
36927162
36940332
36941601
36965424
36971677
36972302
36989027
36991967
36994081
36995538
36997063
36998027
37002763
37013974
37025244
37035916
37057538
37059664
37064487
37066972
37076744
37081800
37085684
37091514
37091879
37100719
37110610
37112607
37113435
37114128
37117549
37139446
37141019
37141533
37146654
37153331
37153679
37167859
37169205
37173660
37175180
37187149
37202145
37217376
37220280
37247018
37248675
37250453
37252295
37265746
37267777
37274193
37275377
37276554
37277284
37298713
37301646
37310806
37325263
37326522
37326917
37329968
37339197
37351515
37356505
37360444
37360825
37365524
37368067
37385156
37393733
37403140
37404299
37409973
37411406
37411794
37411824
37425931
37426127
37439216
37439825
37452704
37477334
37478351
37484644
37485387
37486586
37493475
37494574
37496851
37497164
37497527
37528565
37532459
37538930
37540792
37550751
37555744
37562004
37571079
37572948
37589994
37596726
37623539
37643681
37644119
37662788
37668651
37679573
37680382
37685012
37694922
37695811
37697237
37700492
37704760
37713880
37714235
37715284
37718288
37735602
37737964
37745793
37746320
37758046
37762342
37776174
37778967
37783745
37783797
37786182
37791082
37813558
37819451
37824608
37827488
37828574
37833406
37837450
37842969
37847534
37848366
37849075
37859228
37869610
37881401
37882039
37884650
37885935
37900080
37909670
37921054
37926129
37931186
37941623
37945680
37946248
37964967
37965038
37999359
38001190
38002834
38004436
38045723
38050723
38054777
38060175
38063579
38069404
38070543
38075620
38078497
38086691
38091596
38098656
38103055
38104668
38130168
38132224
38132578
38135152
38139867
38163454
38165040
38167158
38173989
38212569
38214197
38220637
38221534
38221710
38225275
38233131
38237604
38238644
38244872
38246885
38248271
38248535
38251017
38254931
38260604
38264414
38271598
38272622
38284112
38293174
38304656
38316970
38322892
38323854
38329242
38333143
38336402
38336603
38349075
38364592
38375713
38387287
38387737
38425185
38442089
38448578
38456659
38459722
38459906
38460361
38466306
38471235
38485541
38499901
38507325
38516908
38521539
38535744
38541283
38543337
38544925
38552086
38557134
38558237
38589045
38589640
38618179
38622983
38679786
38681157
38681290
38684882
38685956
38686925
38697758
38723088
38726279
38729134
38732479
38738964
38755851
38757852
38767376
38772052
38781732
38787742
38796937
38803835
38804074
38832900
38848838
38859554
38895554
38896490
38901568
38901735
38907303
38915509
38916323
38920532
38922810
38922868
38924142
38926149
38927886
38940933
38946599
38960935
38969509
38975781
38998582
39001588
39022726
39046295
39050371
39057442
39073155
39081089
39082038
39083043
39086931
39097349
39103080
39107897
39121294
39132686
39134744
39136658
39136871
39140693
39141331
39159383
39172833
39173559
39174183
39176198
39194173
39194252
39214188
39215086
39215906
39226445
39236700
39247512
39250954
39250982
39254645
39278227
39292551
39294641
39299665
39304025
39315096
39315573
39316648
39319439
39321559
39329613
39334694
39337121
39345114
39347103
39360266
39371300
39379281
39388712
39390760
39397212
39408993
39418610
39420365
39421750
39435329
39445805
39448864
39449881
39450595
39470270
39479803
39501198
39505781
39509030
39509820
39517195
39517369
39528845
39534901
39545243
39547474
39554509
39561452
39568462
39591384
39592765
39594530
39606545
39606741
39607310
39611804
39623653
39624538
39641774
39664738
39667304
39670074
39670204
39670723
39672778
39678189
39682184
39689281
39693301
39709133
39712298
39715387
39726043
39731786
39735262
39737127
39743984
39755715
39761930
39772264
39773038
39785662
39794350
39799306
39802295
39803569
39804776
39815428
39819804
39827000
39832866
39835844
39836495
39842809
39854428
39866857
39868567
39881958
39884659
39885032
39885508
39900228
39911638
39916897
39917890
39925328
39930332
39955257
39972249
39981454
39983832
39984260
40002878
40005279
40015922
40018127
40042397
40047968
40052097
40053529
40055374
40065517
40075055
40076089
40093317
40094454
40108491
40110183
40128561
40132283
40166801
40181151
40189759
40194381
40202609
40208486
40219535
40225814
40243269
40248921
40255125
40263588
40269557
40290779
40299160
40300734
40304966
40314406
40365795
40375473
40377740
40390638
40397403
40398776
40401904
40418107
40418356
40431839
40438908
40439533
40449314
40452370
40465278
40475956
40484670
40486738
40498081
40501444
40501902
40536914
40544463
40546510
40568931
40574101
40596914
40616846
40636468
40638674
40645757
40661852
40662213
40662966
40667810
40669364
40672425
40676264
40676600
40693723
40702605
40718985
40742740
40744160
40746183
40751033
40765623
40779556
40781241
40785813
40786062
40786802
40790166
40805554
40842723
40845787
40855536
40859624
40859803
40877589
40884526
40890645
40918781
40920596
40922960
40934433
40948417
40949762
40956902
40974066
40980302
41001360
41001573
41010587
41012884
41014285
41014499
41015276
41023355
41023921
41028202
41039432
41039948
41041367
41043065
41063553
41073777
41082152
41098773
41120233
41124219
41124331
41125615
41137394
41138138
41146333
41152943
41168971
41172084
41172869
41187554
41190448
41208266
41222769
41227790
41228876
41249377
41250607
41251364
41263351
41272332
41277914
41282452
41284680
41291200
41293122
41293971
41298986
41299181
41302720
41305614
41307522
41308896
41328004
41328179
41331425
41348408
41364546
41379338
41379727
41399785
41408448
41415806
41420500
41429481
41431622
41439168
41471917
41482218
41486359
41523680
41527556
41538703
41547175
41556436
41557418
41572573
41596723
41598959
41603619
41604397
41610618
41610665
41611506
41628885
41633356
41636818
41640711
41643640
41651149
41658261
41671982
41672445
41680863
41682441
41683635
41687321
41690948
41693797
41707966
41709993
41711231
41711984
41713712
41715408
41731369
41738001
41752281
41756467
41763850
41772520
41777105
41795227
41801920
41802393
41806931
41808662
41812495
41814123
41816612
41823192
41829267
41832452
41846604
41853725
41870678
41887578
41893174
41898416
41902334
41904391
41907509
41909937
41915337
41919639
41921152
41921715
41922628
41924972
41934849
41936435
41945095
41954504
41959684
41963804
41976699
41978944
41980333
41997081
42009003
42016525
42025187
42046159
42053394
42058040
42061761
42081363
42089986
42094752
42096878
42109012
42111321
42125593
42129207
42132323
42142577
42144511
42147456
42150096
42151075
42153173
42155117
42156690
42159965
42161040
42161440
42165270
42172810
42181648
42183827
42187448
42190314
42197038
42198639
42202565
42203033
42205866
42206777
42209339
42210476
42225285
42231308
42246055
42248782
42257779
42264305
42271726
42288127
42292319
42308564
42309297
42323677
42324617
42325141
42342620
42347524
42350165
42350873
42371015
42376712
42396278
42404997
42414443
42417838
42419721
42427504
42454579
42457185
42467408
42471453
42479817
42482783
42486283
42492333
42497393
42502226
42512145
42513989
42514718
42515837
42517884
42518105
42536584
42540220
42542787
42548243
42550751
42552284
42555499
42572402
42580781
42588392
42594166
42611474
42628470
42629366
42632856
42640784
42652671
42658036
42664489
42674388
42679293
42680801
42703613
42713817
42724541
42734716
42745338
42757326
42762545
42768463
42774439
42774723
42775838
42785426
42788340
42804855
42808606
42815620
42818850
42820948
42833931
42854703
42856347
42858716
42862088
42866262
42871004
42871845
42876555
42897527
42913072
42920149
42929368
42936598
42937384
42938552
42947473
42948728
42952034
42992111
42993942
42999706
43001012
43012428
43020374
43028115
43030829
43038898
43039851
43040160
43045725
43057871
43060119
43072864
43084763
43087280
43096534
43107429
43110481
43114643
43120726
43124373
43130022
43136280
43138903
43143388
43155433
43160378
43172516
43172972
43175160
43182214
43183642
43193416
43197305
43200672
43207695
43210514
43214622
43216253
43225611
43227912
43236770
43237053
43238385
43239263
43259448
43263065
43263878
43270033
43283108
43289334
43290061
43294048
43299614
43302239
43303247
43307566
43317053
43325587
43326392
43342633
43345055
43348372
43349863
43367733
43368352
43371375
43392335
43393540
43407471
43408631
43421947
43431049
43459497
43476450
43486634
43493811
43496604
43498489
43498893
43510774
43533410
43541375
43553685
43576083
43576288
43583762
43588314
43604329
43604611
43607453
43611113
43613235
43625069
43631766
43633654
43646067
43658008
43669783
43673535
43676516
43678258
43684854
43696022
43705529
43711007
43711013
43716009
43719975
43749567
43759159
43762534
43778684
43786397
43792452
43795644
43802043
43803155
43807146
43821895
43822786
43826188
43828618
43830563
43836120
43845771
43865447
43867879
43870442
43876924
43885476
43889775
43894087
43898033
43902001
43905388
43906879
43907824
43908353
43951596
43951898
43953220
43957895
43965544
43966241
43971158
43971439
43972338
43987861
44000986
44004981
44017789
44018936
44027695
44031616
44033240
44036231
44037019
44038506
44043389
44052665
44057801
44073119
44076095
44081458
44082479
44088222
44092606
44107330
44113715
44132567
44135596
44137827
44144054
44145448
44150086
44155912
44159164
44162888
44167397
44171991
44173068
44180490
44188649
44196716
44197074
44202458
44203815
44206003
44207815
44213066
44227388
44232992
44263782
44268522
44277581
44283041
44286646
44286774
44296964
44322357
44328295
44329132
44334451
44337145
44343352
44347169
44352091
44353848
44356116
44370531
44371850
44375436
44378158
44381087
44387175
44387578
44388391
44389267
44394294
44396138
44401716
44403702
44404335
44415526
44425475
44429775
44439261
44441666
44453065
44461634
44463771
44498328
44509919
44517426
44524476
44543312
44558368
44577716
44579257
44589973
44598424
44601809
44602063
44604204
44606371
44610068
44611635
44617404
44623197
44627053
44629306
44629803
44633686
44636871
44659421
44667442
44677198
44680090
44687249
44710473
44717103
44724307
44737165
44740734
44744974
44750558
44766446
44786477
44798941
44799849
44813975
44855307
44861987
44862652
44868287
44868672
44869117
44880754
44893352
44895307
44913347
44942984
44978464
44998330
45026785
45026972
45027684
45032802
45036895
45053254
45071381
45085750
45088951
45117611
45127968
45137291
45137968
45141649
45145259
45150967
45156124
45156157
45176506
45198421
45199546
45204222
45209131
45218037
45228643
45253429
45259008
45274460
45276613
45299795
45314076
45336445
45346668
45349643
45352281
45359826
45363377
45389544
45396450
45429812
45431953
45433752
45449495
45461732
45471226
45516561
45532771
45539851
45541590
45545052
45584937
45588243
45614923
45624939
45625750
45635269
45667406
45670323
45670406
45676052
45696404
45697618
45702166
45704541
45706453
45719628
45722021
45728877
45732290
45733758
45738086
45740039
45749480
45753030
45761283
45835837
45845056
45856235
45857811
45862164
45862291
45863777
45871550
45877237
45885818
45898967
45903761
45906315
45906920
45923465
45928601
45942968
45944892
45981714
45986674
45999106
46006727
46016925
46017330
46019745
46023656
46032452
46038118
46038265
46042104
46045285
46046019
46047100
46048793
46055545
46066890
46078027
46083105
46083345
46084670
46086041
46096100
46107951
46110946
46122992
46126803
46133181
46133948
46136524
46139011
46139660
46161569
46162270
46165866
46166888
46176831
46183393
46185837
46188374
46188752
46191050
46247721
46250229
46254201
46255843
46264516
46266661
46268406
46271275
46272847
46282796
46283260
46287445
46301033
46303426
46318227
46319248
46334392
46365253
46366997
46373464
46381172
46406946
46408607
46430451
46431511
46455045
46471785
46474468
46480684
46483990
46484522
46496525
46498698
46498870
46518078
46520121
46525455
46528037
46537376
46547634
46550638
46554235
46573568
46577792
46579701
46581346
46583171
46596263
46603590
46608662
46624599
46630087
46638808
46640793
46650193
46650529
46652929
46657967
46658316
46661844
46664741
46665620
46666622
46702947
46703151
46707087
46727125
46730990
46731734
46733017
46733414
46736856
46740292
46744494
46745878
46748310
46761674
46782248
46791727
46802872
46804404
46808907
46809459
46815032
46835083
46847025
46849606
46850759
46851265
46859595
46866705
46867709
46873859
46874870
46875345
46875711
46878018
46886840
46895122
46895183
46895915
46900324
46904927
46911396
46918349
46932123
46940248
46944729
46953405
46954979
46957775
46961335
46965181
46976313
46983726
46983726
46984689
46986846
46992130
46995147
47003523
47009792
47019188
47020499
47023392
47028184
47047321
47050407
47055305
47056244
47058830
47061737
47076982
47098498
47102021
47110141
47111152
47115389
47131897
47136288
47141887
47158166
47161432
47168162
47172509
47172600
47180872
47188629
47189741
47194607
47202831
47204487
47231173
47239243
47245077
47252599
47257468
47260145
47276156
47280771
47291611
47305743
47315402
47319580
47323437
47325345
47329492
47338611
47343856
47345355
47351905
47354900
47356124
47379950
47381733
47388515
47393292
47412074
47421477
47423765
47428332
47435020
47458535
47461188
47467518
47470084
47474781
47477445
47482258
47485425
47490303
47523380
47527563
47539017
47551330
47566006
47568097
47569743
47577960
47596233
47598302
47603593
47623803
47637605
47649005
47653640
47653670
47656373
47673254
47675087
47700832
47707000
47707196
47708850
47711271
47722686
47728749
47731916
47736691
47736877
47742208
47743826
47752867
47753864
47772534
47781007
47788195
47798381
47806948
47809257
47816542
47830051
47830605
47839352
47840229
47841552
47846030
47850082
47855431
47856608
47865171
47877849
47905582
47909501
47922302
47924139
47925842
47930809
47937198
47945699
47948567
47952335
47953483
47975346
47983110
47989228
47998210
47998316
48008113
48009975
48013017
48035324
48057057
48065322
48071050
48088552
48098400
48114049
48119012
48133029
48140321
48140896
48148543
48158688
48165663
48175667
48177343
48178832
48179680
48186990
48189377
48191135
48195135
48207474
48209405
48215486
48217086
48225098
48227376
48235074
48241808
48265926
48272048
48276572
48277596
48286759
48288329
48308880
48314088
48314827
48316296
48321361
48322836
48327871
48333495
48334044
48335152
48350615
48354066
48364931
48371821
48399520
48407316
48408363
48437358
48441283
48441651
48446039
48448271
48453463
48455168
48468070
48479466
48479571
48486349
48516530
48518612
48533049
48540711
48541391
48549598
48555439
48557762
48576190
48583603
48593188
48598794
48638932
48644242
48650068
48658980
48669022
48670080
48691721
48699478
48706853
48707175
48725988
48744941
48747987
48753403
48753867
48758375
48768881
48775090
48781422
48782493
48784096
48784970
48789813
48797223
48807976
48818404
48824115
48835080
48837956
48837980
48845896
48850495
48852527
48861108
48869311
48883670
48886213
48888594
48890878
48892165
48897290
48898446
48904331
48907520
48925413
48929229
48931677
48933364
48933821
48934849
48935570
48936305
48939279
48943024
48943668
48945852
48950003
48950132
48952722
48975643
48980809
48984374
49009234
49014246
49033193
49033602
49036136
49044846
49045122
49048596
49077876
49081888
49092448
49102390
49110995
49113955
49126948
49128126
49131008
49138263
49154059
49166499
49169492
49171569
49189410
49189732
49215288
49228716
49235755
49237897
49253560
49255562
49262023
49266769
49268579
49285353
49286894
49292338
49292513
49301253
49334399
49350331
49353750
49361662
49363984
49369222
49369571
49375015
49375295
49375454
49376704
49378676
49384195
49385590
49389551
49395775
49407296
49417337
49419369
49426514
49431214
49433215
49437020
49440490
49448065
49448535
49453713
49458574
49460188
49460883
49477274
49496539
49500347
49504512
49516698
49518129
49521554
49534999
49536097
49537007
49546339
49558505
49561549
49565203
49566409
49572704
49574189
49595317
49623099
49649830
49649936
49653362
49655677
49656936
49661556
49662753
49668774
49693335
49695686
49696092
49698067
49723554
49737671
49739954
49740340
49740672
49753072
49755201
49759958
49766461
49772169
49773048
49776062
49780847
49783678
49808609
49808660
49813746
49820322
49829379
49829519
49842318
49846973
49850315
49861035
49862236
49868443
49873063
49874808
49876426
49883156
49883762
49885641
49895843
49898411
49902526
49907035
49910499
49922762
49923180
49944810
49953289
49975801
49976949
50000127
50004687
50031657
50036283
50040793
50058759
50060966
50066937
50069727
50083912
50084514
50085082
50098446
50111344
50122527
50132927
50134098
50148003
50163317
50165818
50168282
50184418
50194392
50204890
50224209
50229198
50243517
50250851
50253400
50270020
50283225
50286351
50292751
50293338
50299179
50317793
50323027
50327870
50328241
50331472
50331904
50333636
50356017
50382345
50385731
50387437
50407662
50408569
50413083
50415603
50416390
50433019
50445044
50446963
50447280
50450190
50454742
50466287
50468612
50472512
50473031
50484649
50486517
50492648
50494370
50495977
50496526
50496884
50499179
50505398
50508774
50518935
50519120
50519178
50526308
50527655
50537051
50543565
50571481
50592750
50593616
50601616
50605892
50610339
50610774
50613981
50616014
50625593
50626722
50626944
50642941
50653807
50659416
50667001
50670570
50671331
50673826
50678808
50689037
50690552
50697651
50705648
50722277
50727966
50733489
50735118
50741126
50754393
50755359
50785725
50794964
50801615
50803123
50814055
50820528
50823956
50831414
50838065
50864801
50872250
50880909
50884325
50887425
50892439
50897726
50905202
50918643
50922878
50923874
50928202
50931811
50932267
50934340
50943024
50951754
50966628
50971392
50972321
51000250
51003251
51008865
51013456
51025053
51026543
51026631
51030442
51058176
51062996
51063420
51066995
51070472
51076264
51076628
51077749
51085359
51091111
51093178
51105465
51110432
51111305
51121187
51128916
51137752
51142002
51144312
51152570
51155715
51163121
51167824
51169846
51171560
51171825
51176297
51186610
51189408
51192053
51192861
51196289
51198382
51223140
51228153
51229663
51235707
51236563
51247613
51255893
51266138
51304099
51307218
51315298
51326002
51328834
51338383
51346406
51359813
51360958
51367840
51380674
51383109
51386025
51398137
51399992
51400920
51424434
51424960
51433303
51434176
51435559
51438869
51441064
51449604
51451508
51453341
51465947
51467756
51504928
51524074
51524647
51526551
51528426
51535610
51537316
51539122
51542489
51546938
51549962
51556017
51572876
51575284
51580333
51593159
51594697
51594995
51595219
51595940
51603387
51625495
51630921
51634848
51643221
51650493
51655862
51661828
51674380
51674764
51675561
51684122
51691271
51702077
51709019
51711142
51711421
51723943
51741762
51742347
51749965
51750493
51755149
51775686
51781492
51804575
51808060
51809249
51817798
51820336
51848368
51861710
51863084
51863764
51869620
51875664
51886498
51886524
51896700
51934789
51935164
51943785
51947988
51963740
51992083
51994110
52018443
52030485
52034597
52049787
52053171
52075509
52088627
52092653
52096959
52099872
52101353
52108822
52112995
52114451
52115185
52125030
52126927
52135554
52136327
52158102
52169466
52174850
52193083
52193863
52201642
52206098
52232428
52234571
52236313
52243830
52256285
52261235
52261797
52263084
52265272
52281261
52286899
52287212
52287375
52287479
52288690
52290171
52293944
52300125
52302380
52305417
52306169
52315108
52316328
52316883
52346358
52353918
52367401
52371085
52373261
52378680
52399394
52399842
52400996
52401760
52407158
52411747
52423640
52425327
52425627
52430510
52432123
52432387
52432496
52437397
52439611
52445943
52457561
52464022
52474010
52478269
52479386
52492696
52505818
52511583
52514705
52517305
52518929
52524041
52524965
52527893
52534952
52549591
52550083
52575969
52593710
52598501
52621668
52628252
52637148
52644421
52647571
52661395
52667738
52678657
52678869
52693352
52728124
52729548
52733842
52736157
52740587
52741621
52748207
52756132
52758346
52758840
52786867
52814840
52816104
52820399
52829227
52832353
52843077
52844484
52874809
52901024
52905570
52907191
52912082
52936725
52938325
52938924
52953935
52955378
52956703
52982359
53003771
53005940
53010403
53018962
53019044
53044894
53053806
53061069
53064076
53065010
53096657
53097189
53098384
53100425
53100789
53105527
53111397
53112513
53115910
53116519
53125223
53134559
53139222
53151435
53152368
53163358
53173053
53181671
53183102
53207754
53225404
53230483
53237190
53243139
53245874
53246510
53246736
53256175
53273674
53279907
53296253
53297805
53301406
53306334
53307919
53318776
53336071
53340452
53344006
53354499
53355554
53360252
53361677
53363628
53374462
53374748
53378264
53392040
53393432
53398680
53406884
53416679
53419257
53421365
53427179
53435275
53435808
53460307
53463188
53466046
53466605
53482167
53499843
53535547
53544191
53547796
53554305
53554323
53572350
53575061
53581298
53584521
53587140
53591011
53606123
53606368
53606971
53617091
53631804
53634867
53639335
53640299
53654128
53660305
53669219
53674034
53675168
53676380
53680856
53684190
53687272
53687454
53729870
53735276
53745219
53766450
53781420
53783113
53784067
53784969
53788745
53791576
53792969
53801661
53807890
53812741
53821127
53825381
53834197
53836736
53838133
53848904
53857454
53860194
53888764
53889362
53896712
53900119
53921805
53927865
53948312
53952659
53954228
53964862
53965523
53972127
53984154
53988703
53990034
53999768
54000102
54001971
54006790
54007583
54011460
54028081
54034634
54046666
54050175
54066720
54079041
54090933
54094686
54097512
54111717
54112120
54122138
54142284
54150707
54153048
54160856
54162978
54204492
54207290
54217657
54224591
54236270
54244766
54249543
54254016
54255483
54266910
54272561
54282164
54304867
54317847
54320741
54344912
54355270
54361726
54363665
54371497
54372395
54382046
54390848
54394971
54399832
54408309
54408548
54416148
54421172
54441489
54442319
54452954
54458878
54459976
54462956
54467350
54481816
54483425
54484718
54492539
54509163
54511247
54515599
54516601
54528511
54534736
54548495
54558414
54578928
54579129
54579372
54597038
54601610
54601817
54610574
54617059
54626352
54638816
54641482
54645668
54658952
54664079
54669008
54691999
54714975
54728372
54732408
54756213
54765430
54770040
54789852
54793488
54794964
54812889
54823409
54826565
54831019
54837954
54840026
54840495
54851543
54867621
54878767
54880344
54882879
54883217
54884931
54895280
54906427
54907197
54907199
54908596
54912982
54927193
54934752
54935291
54943956
54949405
54964290
54969405
54976339
54977498
54987315
54995275
55010210
55011768
55025578
55030450
55053122
55062066
55070986
55072668
55075656
55083626
55088297
55098633
55111527
55133716
55138303
55142927
55143847
55153005
55153308
55161189
55164251
55168361
55172703
55180291
55180444
55186825
55190082
55191688
55194077
55198663
55199074
55200701
55202196
55209647
55236333
55244706
55245693
55247932
55251399
55253213
55261955
55265437
55267710
55273605
55277724
55290841
55295651
55301736
55310634
55314731
55317835
55349115
55360982
55371975
55376489
55381385
55384658
55385899
55390191
55393000
55397800
55400295
55402292
55410913
55414499
55430856
55438780
55449856
55457065
55459674
55463072
55464346
55473603
55476873
55487567
55489290
55491119
55503219
55515755
55521751
55527087
55542394
55542510
55553529
55560893
55565360
55578173
55600329
55605727
55608032
55616497
55629038
55629353
55643260
55646054
55650990
55662401
55662580
55667251
55671991
55672378
55674128
55674378
55679416
55682447
55689353
55744917
55759627
55765740
55769555
55772977
55782006
55784365
55784716
55835416
55847699
55851457
55852969
55856394
55858869
55870324
55870503
55872742
55875577
55881808
55908316
55919591
55926280
55946656
55956372
55963574
55966267
56001355
56005892
56009321
56028415
56033455
56040491
56041667
56060580
56066747
56069210
56084246
56087053
56089039
56105351
56107726
56110123
56115829
56118696
56118913
56123413
56125467
56126143
56128284
56144298
56146140
56166181
56169865
56187318
56187392
56187861
56193911
56193942
56196238
56198892
56206291
56212637
56247306
56252795
56264879
56265556
56287112
56288235
56291689
56294062
56294537
56310799
56313831
56314341
56314625
56316734
56322414
56323079
56328673
56356154
56363258
56364417
56375250
56381480
56383155
56387942
56390101
56401948
56408137
56409267
56416324
56419720
56420441
56423721
56427202
56427943
56432576
56437879
56445034
56448862
56451497
56455110
56462101
56483847
56487791
56498453
56523275
56542953
56545950
56557033
56558323
56563959
56571682
56575961
56575997
56579332
56598637
56602974
56603985
56616506
56621118
56623871
56625312
56625421
56626960
56630492
56634959
56658687
56686763
56706504
56711934
56715791
56725968
56734766
56737520
56739836
56742048
56744284
56744811
56760341
56766819
56775693
56786401
56789244
56792742
56806978
56808271
56810805
56829580
56838208
56850833
56852688
56871371
56875566
56878777
56893773
56913864
56916162
56917651
56926413
56940806
56944162
56964789
56968692
56970537
56977013
56996167
57012862
57028583
57057725
57077123
57084879
57086871
57126632
57126903
57138946
57148212
57149471
57151084
57189751
57190366
57197348
57200066
57201069
57210604
57224539
57235336
57251612
57268805
57285951
57288233
57291503
57295590
57298415
57302377
57306505
57310235
57312053
57313238
57313728
57338805
57339680
57348716
57356653
57356708
57358565
57361970
57377921
57392912
57392925
57412064
57414178
57438437
57445242
57455228
57458391
57476127
57483889
57495528
57502394
57509588
57521100
57522441
57545735
57549546
57553826
57567482
57586299
57595317
57597218
57602293
57607200
57610708
57612425
57616078
57622886
57624985
57631285
57636344
57637879
57649696
57649720
57655522
57672673
57674037
57679011
57708419
57712152
57731098
57738981
57754550
57763301
57776900
57785843
57789195
57791587
57807443
57811441
57819029
57827682
57828065
57829669
57841891
57856300
57864244
57877602
57886004
57892644
57900475
57912055
57917442
57918855
57919748
57938617
57942586
57945169
57947645
57957730
57970245
57983257
57990382
57990789
57993269
57994391
58004577
58010481
58025082
58034912
58041709
58053294
58054442
58054905
58083644
58083840
58085075
58106196
58112460
58116160
58118318
58119738
58152522
58152962
58162647
58166415
58183191
58188171
58189190
58198259
58203124
58210443
58216367
58219062
58249901
58250510
58255169
58260070
58261669
58268444
58279722
58294673
58307330
58309297
58313858
58324506
58329211
58332200
58332979
58347967
58352895
58377556
58379587
58391231
58394681
58427935
58437091
58447391
58462437
58466581
58478719
58478740
58479041
58486119
58486665
58486871
58506834
58510268
58516239
58524290
58530405
58537403
58544086
58561021
58563658
58572505
58577290
58583042
58586414
58588459
58602757
58609509
58610446
58624310
58628402
58628537
58636615
58646347
58652853
58656811
58666970
58670561
58675436
58692443
58694197
58718162
58727810
58728074
58730031
58736879
58741616
58752407
58771345
58790927
58797074
58798920
58808283
58813474
58814150
58828139
58838391
58838746
58839080
58846217
58847851
58896403
58911266
58914026
58914935
58928957
58945356
58951515
58958920
58960042
58963153
58967532
58980732
58994147
58996629
58996746
58998082
59006839
59022463
59024041
59076084
59112343
59112709
59113138
59119474
59123124
59131324
59158781
59161351
59171650
59178020
59197360
59197994
59201443
59210487
59215749
59216759
59220087
59228716
59230343
59234942
59248034
59255260
59272626
59288325
59289483
59295756
59297633
59303963
59315941
59330409
59353449
59381823
59383625
59392481
59397032
59424072
59461548
59465473
59483577
59503045
59503700
59507018
59508273
59508278
59539720
59543116
59548794
59552870
59563619
59564214
59568759
59571686
59574921
59581871
59595543
59608679
59624722
59628602
59635495
59643723
59650565
59653087
59664532
59672082
59685211
59685950
59690116
59690189
59697375
59707626
59710889
59730160
59738919
59742216
59742383
59759886
59783262
59816960
59817637
59825025
59826530
59832213
59847061
59862847
59863144
59866339
59869224
59871870
59880231
59882997
59886044
59889308
59894405
59894717
59894814
59914634
59920180
59924782
59930589
59936436
59961249
59980896
59981470
59981671
59990804
59994958
60001658
60004069
60015684
60018688
60020631
60020829
60022129
60022395
60024917
60026244
60049121
60049685
60064674
60067781
60075294
60076621
60091090
60096750
60100925
60101008
60107496
60109111
60110428
60110978
60114240
60141948
60142171
60151867
60154783
60161654
60171815
60172690
60177368
60199608
60223467
60232471
60234979
60247495
60248173
60252513
60253130
60262492
60265741
60267575
60268021
60272917
60282923
60288060
60291162
60291309
60293727
60297270
60311292
60318904
60319118
60331696
60349937
60357036
60375322
60388697
60389066
60398261
60405916
60411136
60418530
60423483
60426032
60427118
60442270
60449265
60451164
60475602
60477744
60482629
60515951
60518430
60524346
60547828
60572754
60577846
60581192
60584455
60585861
60594484
60611142
60614066
60626703
60631403
60634067
60635699
60641011
60641863
60643633
60671594
60681574
60683390
60688154
60690284
60699908
60700727
60701235
60703088
60706071
60709274
60719441
60747325
60756512
60759634
60760185
60776102
60785519
60787900
60794843
60814241
60833111
60841152
60849706
60850229
60864634
60866055
60878822
60882544
60883454
60897874
60906539
60907593
60908478
60908992
60913469
60915236
60925726
60926998
60936646
60937649
60949737
60952244
60956519
60957668
60965490
60968247
60984945
60995526
61002852
61008292
61008637
61015451
61017383
61020117
61020458
61026206
61040176
61054747
61074437
61076293
61078359
61081458
61095959
61108908
61113548
61118042
61122454
61124747
61130115
61130887
61131124
61134241
61134329
61147759
61149248
61158397
61168144
61176890
61181827
61187423
61189559
61203389
61207123
61220701
61232714
61232909
61245901
61255536
61275955
61292313
61293030
61293455
61293578
61301488
61304708
61313445
61322438
61324982
61326595
61341843
61345075
61345722
61353114
61356468
61363223
61363683
61364653
61373203
61385305
61386862
61391662
61409791
61417809
61419330
61424569
61435133
61438548
61441933
61446468
61460845
61472377
61475083
61494252
61504212
61505609
61507732
61515552
61522227
61523144
61527890
61533710
61539457
61548038
61562109
61578245
61589433
61599477
61606594
61609312
61609504
61610765
61616719
61617329
61633040
61634784
61639527
61643834
61647133
61647547
61667069
61668900
61672582
61692018
61715138
61730471
61732044
61735286
61742420
61750977
61756916
61758732
61759936
61768965
61775076
61778133
61779150
61791012
61795887
61801645
61830187
61851868
61855344
61860091
61887745
61887847
61893847
61904344
61930455
61941468
61962220
61965354
61976672
61983597
61987334
61990934
62008481
62014925
62015149
62017174
62024345
62025557
62027431
62044029
62050113
62059900
62060640
62060907
62072247
62079402
62081376
62085699
62088042
62111587
62131184
62138418
62139512
62153136
62154602
62173032
62181116
62184099
62185240
62185660
62195990
62229400
62240371
62242539
62253454
62276614
62280293
62282286
62301297
62323937
62329373
62329756
62330001
62339061
62378204
62380854
62389246
62389921
62392978
62395735
62403925
62409079
62414803
62418576
62449139
62451160
62454389
62455823
62455873
62464523
62491457
62493330
62517349
62517618
62518596
62527221
62539037
62541208
62544680
62552985
62557129
62557166
62560893
62561138
62566742
62601263
62627151
62628445
62630894
62643499
62675905
62684685
62697382
62703979
62707191
62718900
62720882
62739071
62741041
62741255
62753290
62755987
62758781
62758938
62760770
62793459
62794792
62796024
62801999
62804293
62806100
62810122
62812562
62817327
62833278
62833549
62855310
62890185
62891333
62897666
62899977
62907343
62909605
62917605
62929877
62937072
62946289
62946774
62949090
62961657
62965118
62981224
62997426
63038451
63038705
63045684
63050256
63070305
63078614
63079828
63095946
63099377
63107163
63120803
63142649
63149768
63162295
63175440
63192506
63193157
63204579
63207859
63218933
63222196
63223096
63225332
63230540
63236835
63244914
63246646
63258477
63258972
63274372
63279601
63295132
63295996
63315444
63324440
63326976
63328694
63332816
63333670
63345789
63361826
63364517
63376683
63391423
63399922
63402585
63406320
63411675
63452026
63467536
63481365
63497339
63501804
63520017
63520110
63521801
63526894
63528009
63542865
63545397
63559508
63570567
63576166
63583945
63588140
63593239
63593495
63602751
63603651
63627597
63628150
63630344
63635380
63640083
63640585
63646195
63656831
63657274
63665890
63680541
63690100
63692614
63701194
63704523
63707405
63726223
63729500
63759802
63770093
63803703
63828875
63834871
63835124
63838099
63843255
63852221
63852319
63852561
63852955
63860767
63863898
63865236
63876144
63880982
63883767
63890796
63895246
63896865
63906892
63919799
63925020
63925369
63931142
63944799
63952496
63957079
63960711
63981624
63990413
63991570
63996655
63998279
63998285
64001506
64001832
64011485
64020901
64032445
64035341
64035416
64036966
64042466
64057440
64068088
64081021
64082274
64102780
64109148
64124259
64140950
64151271
64152347
64165777
64166350
64197823
64206278
64225502
64233670
64241479
64248608
64250900
64258357
64261065
64261809
64269288
64281387
64282306
64292384
64293772
64295507
64300193
64302398
64315995
64320656
64331703
64334235
64342058
64342923
64350222
64370842
64376398
64381585
64390381
64393817
64429776
64430739
64447238
64447374
64456908
64460660
64490678
64511291
64511905
64514485
64518466
64530483
64534301
64540269
64545026
64557811
64567680
64575378
64587014
64600593
64608203
64620140
64622802
64628401
64638584
64640553
64649647
64651672
64654790
64671596
64672158
64675280
64675405
64679761
64681998
64684069
64686254
64699127
64719970
64720675
64721322
64731904
64740503
64748437
64754637
64775112
64776825
64776964
64782882
64786058
64787793
64801946
64804276
64809904
64813602
64821818
64823722
64824782
64825910
64837203
64837755
64840932
64841100
64848167
64849599
64855920
64867212
64894808
64896026
64896914
64897442
64903921
64933358
64954314
64954642
64957800
64958426
64964991
64973402
64974064
64979414
64984387
64989706
64998116
65018636
65019795
65023679
65025865
65045317
65047981
65050013
65055057
65057767
65058382
65061194
65063205
65066854
65079589
65079727
65084397
65100658
65102166
65107796
65127058
65159095
65165898
65166025
65175065
65177594
65181296
65181672
65192845
65193799
65194410
65194565
65201353
65213050
65218678
65235656
65240274
65247093
65251543
65254498
65273118
65273531
65274026
65278283
65280332
65290113
65301691
65310127
65311504
65314035
65328101
65330446
65344861
65345437
65356980
65362620
65363390
65370842
65374477
65379009
65405843
65412183
65416191
65417960
65427350
65432050
65440748
65445931
65447270
65447395
65457092
65457339
65464241
65467380
65472539
65475622
65476210
65488973
65498649
65501327
65514882
65516398
65540391
65545475
65549037
65550920
65553432
65565215
65568614
65569625
65574183
65579646
65590441
65597067
65599374
65620098
65632711
65649587
65662241
65680106
65686158
65689793
65690352
65732645
65733765
65740521
65755507
65755508
65759953
65760438
65763995
65767909
65780784
65785613
65795027
65805762
65813044
65824428
65836999
65838334
65852713
65854503
65862474
65865454
65873177
65880348
65884659
65888319
65896041
65898576
65915669
65917090
65920801
65941254
65947065
65955226
65958184
65960920
65968052
65975913
65991900
65997450
66005552
66008042
66014427
66028320
66030570
66032646
66058810
66059914
66063465
66067751
66069649
66080579
66096861
66111107
66120666
66135209
66136438
66145185
66162118
66165812
66179081
66181119
66191957
66194960
66199422
66200861
66220310
66224071
66224730
66239690
66244174
66247219
66251569
66252088
66262155
66268088
66278413
66279523
66279926
66284218
66285351
66293535
66297184
66298453
66304183
66309274
66317415
66324842
66325840
66332036
66371395
66380546
66389039
66390990
66410973
66413435
66420468
66426142
66430023
66436115
66436543
66455653
66464012
66468439
66468525
66471775
66474737
66486520
66501019
66514471
66535146
66536858
66545290
66585878
66586322
66599153
66601381
66606824
66610635
66618810
66619911
66620529
66623801
66630333
66630403
66639090
66640641
66644624
66651300
66656394
66657816
66658529
66666228
66674052
66674086
66680368
66680444
66692465
66697551
66706738
66727874
66730528
66736445
66755807
66764978
66775354
66805740
66806996
66812427
66850298
66867217
66879856
66885073
66888308
66896924
66900292
66902967
66903035
66906511
66922207
66927842
66929539
66945060
66970278
66971768
66975370
66976184
66976556
66981040
67009833
67012027
67018169
67021550
67035795
67046196
67046203
67050175
67052174
67056158
67061866
67069670
67074024
67077010
67084305
67098198
67103041
67108105
67112958
67122235
67127332
67134565
67143713
67158932
67169871
67211452
67225552
67228689
67229817
67234078
67234772
67236788
67237850
67245421
67247280
67256888
67257186
67261604
67268950
67273742
67293488
67300286
67320551
67336266
67343118
67348261
67353530
67360613
67379070
67389210
67389592
67397912
67404983
67409177
67413282
67434931
67437114
67443222
67455464
67458248
67462509
67471826
67483770
67488836
67490040
67504415
67505608
67511115
67515712
67521249
67528261
67536869
67544292
67544628
67557429
67560829
67561163
67583774
67588858
67590501
67622170
67651782
67674957
67686866
67691946
67716214
67725770
67740856
67742148
67743216
67744556
67745252
67747766
67764486
67773286
67776290
67780349
67781816
67783835
67787334
67788519
67788602
67789839
67797923
67801435
67804890
67831313
67839724
67844479
67858714
67862866
67870888
67875840
67880961
67884254
67890572
67896387
67906638
67911190
67912905
67920046
67920848
67930328
67933825
67937192
67941351
67946156
67947349
67957012
67957107
67962071
67963978
67965989
67978793
67985502
67991878
67991964
67995699
68007394
68012316
68022184
68026422
68028736
68033114
68036155
68036374
68050109
68052571
68073163
68078359
68089723
68093203
68100486
68118443
68123189
68123525
68126282
68130978
68157337
68167469
68171162
68176954
68183034
68186912
68191588
68192341
68203431
68205930
68218254
68226528
68231552
68235310
68244921
68245123
68257737
68263577
68267708
68271088
68280225
68282619
68302780
68306434
68318663
68320273
68321203
68341661
68343612
68350225
68370050
68389001
68396524
68396895
68403802
68410344
68413069
68418453
68430138
68435222
68438155
68442298
68446103
68450173
68462724
68470304
68480376
68484465
68487862
68493647
68509480
68510472
68515568
68518200
68523307
68527434
68538775
68558167
68561826
68569373
68573222
68579121
68585746
68587911
68603904
68611417
68623408
68625417
68630377
68633562
68637103
68648749
68670881
68678416
68684742
68706079
68710449
68726182
68732841
68736726
68747996
68749285
68750668
68757158
68764832
68765003
68768903
68789064
68806052
68823118
68839517
68851815
68864741
68865660
68869769
68882255
68899109
68905987
68908307
68910408
68928896
68939331
68940809
68942057
68942979
68950803
68953915
68960172
68974630
68987168
69001022
69008222
69009593
69010389
69011927
69014623
69020468
69027940
69029150
69035844
69036908
69041111
69048019
69058295
69069407
69073879
69077057
69078468
69079034
69083306
69091383
69096605
69102954
69106298
69112667
69118373
69135066
69136353
69137180
69138572
69144413
69144861
69163497
69163657
69175222
69183595
69187107
69210792
69216924
69227196
69237789
69241675
69243006
69272795
69274323
69281105
69284789
69315455
69315845
69316614
69318883
69328294
69333847
69336250
69336734
69340770
69347653
69368546
69373208
69373909
69376960
69393061
69399211
69401632
69403041
69412617
69416082
69417142
69424651
69429269
69430874
69435033
69440415
69461060
69480128
69481409
69482991
69483947
69487894
69488269
69499261
69503539
69505176
69509858
69512722
69516703
69523551
69524344
69527011
69535836
69539040
69553112
69553488
69561061
69611638
69613185
69620803
69628179
69629765
69635027
69635451
69640446
69657589
69658618
69660416
69666840
69668090
69681584
69682593
69700221
69716843
69719987
69750870
69752974
69775587
69777983
69787939
69789520
69794539
69829143
69838533
69851085
69852135
69857257
69863729
69867488
69869082
69883147
69883898
69893454
69896182
69907022
69907283
69911202
69918276
69919798
69935553
69942446
69948684
69950380
69961815
69965174
69966911
69972451
69975139
69975311
69996552
70014087
70041216
70045301
70052474
70059241
70072817
70083218
70084168
70084918
70087905
70091467
70110286
70111277
70114611
70115095
70129589
70144914
70149760
70149895
70172244
70187987
70205053
70221000
70221144
70221671
70253265
70256293
70264628
70274702
70278844
70279858
70292445
70304205
70317590
70323488
70338824
70344992
70356527
70364603
70367408
70377721
70384920
70396816
70410410
70410440
70416976
70423620
70460346
70464427
70465488
70469152
70480510
70492393
70496470
70503988
70526594
70535367
70545611
70552573
70556695
70592354
70613195
70614302
70624226
70624342
70630635
70633774
70635148
70661461
70663313
70663925
70666997
70669068
70706865
70710203
70718289
70718305
70726533
70728546
70730665
70732964
70737683
70738559
70752177
70752999
70758888
70761722
70765526
70768208
70785078
70793709
70793827
70807688
70810594
70825004
70852070
70853667
70866102
70867157
70868847
70879360
70885318
70887875
70895528
70908996
70912814
70915181
70917640
70920073
70922898
70926335
70927896
70930314
70931980
70946040
70946069
70953271
70963443
70965790
70987297
71009226
71020238
71033830
71036395
71036673
71040455
71041640
71046233
71054160
71060463
71064068
71065212
71070085
71085942
71096811
71105412
71107061
71109101
71127023
71127154
71134476
71148176
71159549
71163622
71168254
71190772
71198998
71204188
71205313
71208411
71212520
71213629
71214012
71215780
71234613
71237844
71239503
71242754
71244544
71246410
71259493
71281775
71283415
71299887
71319017
71325242
71325411
71338075
71343251
71344326
71346031
71360474
71392136
71399187
71407005
71411871
71418829
71422101
71437951
71456110
71456728
71460977
71469572
71469872
71472431
71472716
71474107
71482308
71483034
71486364
71500537
71513801
71520892
71527252
71528336
71539519
71547555
71551222
71553394
71553879
71556383
71564350
71564693
71572024
71576601
71577785
71586763
71590270
71593644
71595128
71609899
71624319
71646721
71657396
71658960
71662041
71691496
71705711
71718344
71721223
71723533
71727941
71741328
71742324
71747000
71758200
71775175
71798991
71803530
71812210
71813563
71824469
71830896
71860700
71883704
71900296
71919748
71940363
71962868
71965375
71967863
71974416
71974978
71978000
71987328
71996747
72002716
72011431
72019954
72020653
72022958
72036387
72041417
72041835
72060333
72064808
72068694
72070348
72077042
72079425
72085392
72092289
72094786
72094931
72099584
72100787
72104375
72105559
72106944
72125401
72130816
72135328
72140708
72141369
72157067
72169710
72178878
72180949
72203307
72205593
72210022
72212589
72231224
72245358
72245719
72250520
72251238
72252628
72259409
72263491
72272709
72290150
72298721
72303406
72308281
72320744
72332957
72344175
72350844
72359079
72370016
72383937
72388330
72391925
72395654
72402292
72409746
72413707
72427759
72432794
72440295
72451381
72453178
72457416
72466950
72467539
72471651
72475722
72489091
72504884
72505236
72506325
72509399
72518445
72523083
72524055
72531991
72549510
72558956
72560122
72561989
72562717
72566274
72571894
72577743
72591727
72592828
72600910
72613274
72629649
72631855
72631874
72659541
72673414
72682112
72685893
72689904
72694750
72703177
72709333
72715392
72728595
72735183
72757119
72765925
72777035
72784103
72785363
72807421
72808648
72812942
72815627
72837353
72841791
72852755
72857430
72877137
72882473
72902063
72911842
72961793
72974053
72979812
72985510
72989877
73007345
73016688
73020006
73024301
73047680
73049740
73050115
73072096
73074424
73080076
73081917
73087778
73089799
73096145
73098449
73118838
73141751
73156194
73160307
73160905
73161261
73161979
73162342
73170292
73181561
73183652
73188536
73197292
73207432
73207574
73207672
73216831
73233696
73275110
73284866
73286442
73288321
73296914
73297972
73303646
73308805
73330554
73353842
73356269
73357678
73360724
73369635
73369775
73384554
73392529
73394308
73395345
73395809
73401369
73419786
73421644
73437364
73455651
73457948
73472255
73482685
73484063
73485450
73492906
73492975
73502413
73507148
73517319
73520953
73521931
73531254
73532914
73533408
73535244
73537449
73538510
73543904
73547627
73551259
73562086
73572322
73583412
73589212
73594924
73599886
73604772
73608286
73612445
73612448
73612748
73622824
73628967
73631594
73633728
73644905
73649370
73670128
73689697
73694229
73696880
73703364
73708162
73725687
73726473
73758910
73778020
73779733
73795724
73816568
73825143
73825636
73839167
73866961
73882443
73886503
73887776
73894387
73905958
73922060
73923167
73930444
73932802
73945211
73951588
73953771
73965532
73969399
73975372
73977772
73983449
73985487
73987731
73991982
73993013
73994870
74021583
74027912
74040066
74041164
74046597
74057707
74062524
74070954
74079103
74083846
74086621
74094195
74095232
74095938
74103774
74117966
74119443
74138067
74141113
74142622
74144096
74171250
74176776
74178711
74185639
74196870
74198386
74206154
74221519
74224488
74243940
74251424
74260030
74264015
74273681
74311300
74319784
74346384
74349367
74369872
74382366
74388726
74393086
74400468
74404512
74405207
74413806
74420668
74433226
74438658
74439005
74439222
74448473
74450517
74453268
74462574
74466410
74468430
74483146
74494547
74507238
74509602
74514751
74552633
74557499
74562397
74571735
74573747
74579302
74580359
74583920
74593249
74596865
74611627
74618507
74619364
74631352
74638928
74644993
74655299
74659212
74663407
74682082
74687731
74689409
74699991
74700965
74716719
74719675
74739783
74743621
74746715
74755907
74756693
74758168
74773178
74775047
74777308
74781976
74790704
74799765
74805323
74815526
74831463
74831703
74834970
74849574
74864417
74884420
74888283
74908872
74909624
74917121
74933191
74936745
74972186
74973576
74990142
