For an array with 100 items set in descending order, it took 2.188E-5 seconds to sort the array using the quick sort algorithm.

Below is the array after having been sorted by the algorithm: 
3356594
4421872
4900991
5142814
5550300
6160319
6561145
6596812
6797110
7475900
7563923
8554979
8715218
9009535
10541224
10852671
11474185
12199057
12872268
12918892
15059057
15247189
15672429
16177989
16487255
16576278
18364468
20521482
21919829
23087948
23552116
24266770
24653850
24913202
26338155
27597803
28435451
28861517
29124003
29956491
30467559
31218329
31697103
32257742
33078210
33585269
33986758
35716835
36185890
37215323
39502652
40545395
41252442
42061169
43364950
43478750
44035599
45427057
45525240
45660000
46293767
46777657
47369231
47406086
48037441
48449239
48657767
48703667
48717016
49066104
49170427
50742674
50749707
51955587
52408998
52452167
53624398
53743528
54913243
57488427
58358155
58596196
58889579
59971019
60835147
60853887
60986242
61072718
61879506
63067920
64753039
65423520
68688887
69230018
70376727
70531539
72790158
72945353
74114954
74778154
