For an array with 100 items set in ascending order, it took 1.9693E-5 seconds to sort the array using the quick sort algorithm.

Below is the array after having been sorted by the algorithm: 
1788943
2866303
5715164
6345290
7932353
8440144
9929519
10063182
11198999
11205889
11654371
11803658
12059027
12476177
12565932
13699336
14404600
14854383
15110381
16615926
16774377
19016543
19311851
20439105
20962186
21345086
21352886
21455101
23239990
23775555
23786257
23806209
25671402
26090575
26616402
26939209
27786628
28152980
30201265
30399242
31347880
31698248
32308615
34551528
34759716
34818530
36067948
36068267
36258392
36810089
37283193
37425856
38015461
38648664
38956835
39777128
40124248
41265742
41645942
42506668
42540586
42569842
43016661
43459730
43846341
44109716
45027087
45288918
46204572
46406973
46500968
47514936
47629284
47686259
48582526
51732964
52454123
54857634
55186892
55226596
55737015
55773889
55994381
56937605
57618250
57770795
58698610
59413175
61714136
62075517
63805333
64233480
64294014
66037836
67186462
68382873
69948878
69954411
71233923
71841680
