For an array with 1000 items set in random order, it took 2.76786E-4 seconds to sort the array using the quick sort algorithm.

Below is the array after having been sorted by the algorithm: 
26882
60354
67857
390455
524737
540055
684144
700262
789049
878792
1048427
1103099
1207824
1363163
1401028
1435199
1623715
1759042
1778099
1825910
1831443
1877919
2019745
2032121
2101966
2104836
2113323
2187903
2233562
2284090
2434629
2450193
2524601
2829935
2957205
3102783
3171826
3229160
3241468
3292158
3455827
3461646
3516907
3546215
3583327
3585568
3610691
3712222
3738275
3739014
3749201
3804596
3838461
3891027
3987407
4114759
4127714
4157180
4177535
4306759
4389958
4577790
4636536
4662497
4686480
4704231
4742434
4935154
4957692
4993442
5052985
5102343
5111085
5224005
5266374
5399553
5493158
5706520
5739876
5770434
5831034
5844997
5975161
6122670
6199407
6221795
6246543
6263843
6411895
6467455
6638389
6639313
6853105
6876790
7284537
7343584
7386649
7427444
7686295
7701223
7726824
7762440
7835811
7893621
7935820
8035724
8165864
8170434
8252371
8295664
8381035
8479190
8667663
8835588
8849345
8961676
8972224
9022497
9074379
9099721
9129647
9570821
9658523
9675521
9684586
9698673
9738388
9890491
9899292
9911191
9996034
10141426
10208255
10309418
10339755
10370966
10471129
10487821
10632872
10670194
10746037
10775807
10893337
11020875
11268815
11347817
11348288
11432686
11460066
11500791
11579312
11601652
11640216
11695650
11771236
11775331
11825223
11833351
11836171
11841163
11956570
11978242
12081188
12159950
12216863
12396305
12483385
12785906
12820916
12831942
12918444
12932268
12949820
12974543
12992110
13046921
13093942
13113935
13302141
13350832
13453338
13481833
13501314
13668103
13688027
13805337
13863131
14052024
14105607
14171819
14232491
14240475
14273948
14441025
14525633
14639611
14648149
14759123
14787505
14882430
14886084
14916278
14924924
15024618
15074130
15121254
15146298
15286402
15331467
15389626
15501030
15520095
15535107
15588168
15714358
15777679
15863646
15983174
16022260
16038296
16201499
16263066
16375499
16644852
16694616
16817728
16819492
16849940
16950966
16992942
16992958
17012685
17070246
17175710
17246398
17409226
17445879
17505994
17510536
17569906
17600160
17772266
17882783
17952491
18109553
18147110
18199808
18326566
18341104
18341475
18369651
18551874
18603695
18607479
18681039
18736364
18787043
18825257
18826021
18934006
18986451
19072044
19072633
19235071
19274399
19346930
19470487
19509041
19516888
19657724
19730989
19792990
19958281
20039466
20083302
20225799
20351996
20515984
20626897
20764687
21075678
21118329
21146318
21229405
21257874
21282085
21379832
21406845
21429048
21480748
21532861
21549652
21933404
22122270
22282702
22377198
22410764
22440267
22681946
22720358
22856874
22911883
23144756
23147161
23326683
23445392
23475452
23557410
23636330
23756674
23842507
23884016
23941685
24072870
24093011
24105094
24115262
24172360
24265306
24325274
24337996
24352016
24366414
24594399
24676303
24682229
24715794
24723058
24753828
24807783
24848532
25002342
25184609
25188815
25204898
25317903
25339378
25590848
25610798
25756639
25757672
25817814
25819697
25882037
25894165
25902221
25944089
26101101
26118324
26177779
26223802
26412224
26459912
26471916
26508623
26554160
26712265
26905530
27076830
27134109
27166509
27173540
27320397
27349177
27384822
27480672
27490518
27558589
27564755
27694926
27916784
27984067
27996147
28032147
28044912
28061881
28153076
28236312
28260649
28396196
28696860
28735464
28759604
28869773
28882760
28910232
29245727
29293606
29331570
29357033
29477547
29572435
29770064
29919525
30090751
30259504
30350723
30443010
30481355
30526947
30538911
30542178
30581765
30691310
30746802
30863807
30877809
31075472
31187768
31259995
31414061
31487699
31544743
31606527
31626226
31703308
31708499
31736821
31857718
31867189
31873154
31885822
32051289
32080162
32179665
32288066
32324600
32354527
32391228
32494530
32546704
32580790
32619374
32687597
32690204
32732164
32765598
32798253
32829144
33014404
33101406
33537487
33728336
33781049
33878834
33983747
34027033
34044734
34443274
34595295
34679886
34682067
34683092
34854711
34859207
34913439
34982325
34986447
35041655
35105861
35179975
35184250
35202075
35362114
35403365
35418309
35555601
35606653
35641506
35699189
35742811
35747170
36016405
36027352
36214970
36416830
36428974
36501238
36649649
36704722
36808150
37092571
37134905
37157426
37174635
37197056
37358357
37467079
37478883
37528542
37534928
37548300
37579397
37630993
37650973
37832526
37874799
38001560
38005749
38175751
38213176
38233310
38296169
38522455
38588113
38672055
38764732
38848031
38936778
39010196
39104373
39115447
39183205
39329742
39462753
39535435
39583033
39739409
39769611
39788657
39840590
39910134
39959980
40016108
40096522
40192290
40228857
40268610
40325078
40325371
40326964
40338219
40340968
40384746
40463677
40532393
40637139
40726646
40781620
40893293
41055313
41082287
41185642
41201523
41335643
41366204
41429526
41570447
42015225
42029612
42130069
42167794
42267244
42286110
42350002
42436264
42509647
42510832
42562236
42575290
42609524
42621146
42865779
42882772
43188714
43189274
43267192
43381687
43684022
43725644
43734791
43807951
44164652
44322983
44330168
44419320
44424703
44431729
44547843
44561448
44640983
44701282
44741204
44784720
44902574
44924366
45053352
45074342
45076940
45103416
45187610
45380333
45430229
45433578
45486545
45530544
45600955
45864688
45869716
45918442
45969081
46029491
46040587
46114442
46138324
46180661
46208157
46225438
46225469
46302926
46304573
46450579
46501356
46593508
46676450
46690357
46731521
46758139
46790762
46797116
46842203
46856871
46884259
47105788
47195307
47220102
47301600
47325533
47342721
47437463
47441657
47443603
47531029
47627034
47658907
47693820
47781730
47875722
47913835
47918280
48051863
48169675
48170667
48301821
48302633
48353827
48371005
48378920
48462355
48464555
48491373
48541444
48589763
48709244
48710591
48759157
48790272
48871195
48949408
48968579
49044116
49071496
49195678
49201362
49202631
49394946
49604497
49613954
49742828
49778946
49806545
49835102
50025816
50101810
50190536
50229316
50273968
50491322
50500522
50552694
50591298
50604957
50769195
50822157
50877669
51012547
51051302
51131653
51183611
51330093
51330319
51351657
51373227
51432484
51554236
51621886
51777710
51814367
51882703
51970360
52016862
52156071
52162158
52187244
52257659
52280867
52479918
52532169
52682813
52716889
52737688
52860693
52927270
52942607
52975050
53010766
53062691
53232008
53496059
53569176
53659384
53683444
53790964
53811465
53984827
54151853
54259815
54291168
54310812
54315797
54346988
54516543
54533387
54625472
54626294
54715571
54731242
54814243
54977403
54983683
55029833
55321787
55322492
55342266
55366936
55386669
55420139
55433590
55566615
55630863
55649883
55722711
55774112
55815719
55894872
55921167
56066905
56069724
56118538
56196120
56243871
56319767
56405217
56422306
56438313
56451572
56468508
56623481
56798206
56850180
56896298
56957753
57051633
57107871
57383329
57454924
57508733
57515207
57525430
57675425
57726283
57818156
57865015
58151427
58269854
58383649
58529126
58572214
58718974
58868947
58924003
58942424
59001730
59066265
59263221
59385323
59391666
59407196
59421313
59436209
59461389
59502941
59587161
59628299
59683867
59718863
59741780
59788178
59857321
59886475
59915280
59922190
59961680
60195101
60265270
60504311
60580756
60605781
60620820
60661468
60765857
60834634
61043968
61071675
61109577
61137388
61146678
61188790
61323853
61589100
61637675
61705564
61787360
61830442
61928496
61934951
61944334
61974407
62056451
62119854
62524145
62572032
62732928
62763853
62789528
62868090
62871779
62878607
62924041
62949812
62958538
63016977
63017915
63020893
63096285
63111767
63214644
63219247
63225970
63257565
63433334
63637650
63639950
63746730
63875605
63965553
64014194
64061017
64315090
64339451
64341983
64418342
64729693
64810585
64834647
64835614
64877990
65193177
65226918
65303096
65313245
65319317
65363629
65435594
65558203
65573507
65654740
65692096
65818445
65891911
65976433
66213883
66320412
66390009
66543982
66665482
66671543
66689719
67190770
67262970
67288466
67303249
67426946
67667427
67702617
67788139
67948752
67978717
68144823
68239101
68256155
68323310
68464050
68470765
68515917
68568196
68749703
68799346
68822264
68845124
69197422
69309359
69377075
69416481
69511202
69665717
69702454
69730962
69734909
69761917
69932914
69980639
70100594
70139699
70246238
70269074
70289869
70365277
70377389
70383790
70413403
70457131
70477805
70759553
71010756
71086510
71114290
71136214
71214727
71273994
71401476
71439050
71465885
71524943
71645334
71669862
71774895
71823452
71850628
71882300
71938707
71961192
71998704
72001679
72027791
72205141
72224930
72382994
72398296
72516671
72646693
72743269
72831416
72864754
72930178
72950520
73021748
73023898
73097608
73180257
73494553
73600373
73633726
73731507
73965581
74002537
74181711
74185054
74239384
74265218
74283138
74284755
74368889
74479846
74606888
74692345
74697372
74748001
74755908
74915225
