For an array with 100 items set in random order, it took 2.5527E-5 seconds to sort the array using the quick sort algorithm.

Below is the array after having been sorted by the algorithm: 
546700
578930
1169960
1724919
2108914
4751230
5032246
5566000
6013410
6660078
8448926
9688719
10089615
12432801
13076197
13089350
13655831
14552216
14895659
16492680
17243097
17253503
17277861
17478460
17973796
20248651
20559351
21220252
21461557
21960475
22054600
23276967
24133592
25787712
26339731
27335982
28990401
28993163
29417853
29685745
31033119
33229827
35160031
36951732
37706391
38215655
38777537
39628955
39783176
39951597
40163174
41447488
41964210
42153577
42315259
42917537
43768652
45016313
45148692
45731380
46588578
48142409
49500707
50429417
50622707
50852474
51027333
51155863
51489918
51854704
52102621
53973774
56319863
57003625
57723158
57910961
58378820
60054720
61224738
61988497
62642202
64144914
65106194
66382440
66470312
67500382
67699144
68212632
68482473
68736506
69913504
70133901
70712511
71262922
71607039
72984316
73234962
74035717
74152531
74727948
