For an array with 1000 items set in ascending order, it took 1.57173E-4 seconds to sort the array using the quick sort algorithm.

Below is the array after having been sorted by the algorithm: 
5396
8504
9794
53462
64948
109456
230016
304750
368885
544466
649344
758640
795896
1014247
1088820
1094420
1116117
1127231
1198625
1440354
1474474
1675512
1809811
1837446
1879421
1952887
2010115
2018196
2025624
2054013
2134531
2178667
2178882
2220050
2273773
2363986
2371300
2557050
2587215
2608307
2638563
2639988
2948165
2961242
3031905
3078687
3103665
3127711
3141465
3223362
3323821
3429674
3510227
3602133
3736892
3840954
4024057
4235788
4320422
4392478
4448489
4575000
4728815
5047057
5136132
5194723
5286210
5452772
5545400
5585978
5607391
5649982
5699510
5785536
5807896
5932739
5958219
6011491
6042257
6097393
6132904
6160202
6574464
6578560
6623624
6647958
6694142
6829183
7011825
7015452
7085324
7178978
7196130
7731143
7870791
7874742
7892205
7947652
7985165
7987072
8079114
8081800
8239463
8352379
8533248
8543200
8544059
8730595
8955246
9091797
9285015
9292541
9298282
9364643
9369152
9438625
9482471
9484264
9520138
9772936
9837206
9925116
9975311
10169730
10256259
10303831
10370052
10396828
10430580
10441163
10510929
10586926
10588627
10655242
10671478
11065451
11179521
11186417
11500686
11522781
11656600
11715298
11879843
11908925
11926515
11987995
12074776
12313201
12327259
12422704
12430800
12468306
12577944
12836160
12858408
12879491
12939184
13071293
13122097
13184924
13286438
13410558
13510320
13531740
13533044
13613598
13915666
14094932
14098462
14101120
14163279
14198249
14203998
14233973
14445252
14464147
14499770
14576579
14628047
14635978
14851116
14912552
14999197
15116220
15116884
15129208
15146724
15293534
15482218
15679844
15838355
15891565
15971625
16197904
16233320
16307394
16620442
16621075
16649924
16658395
16786773
16829571
16842758
16848541
16905037
17006750
17054477
17181933
17188979
17508102
17729689
18072360
18133283
18209503
18393792
18444510
18543375
18584665
18651407
18872291
18880662
18978533
19068513
19143797
19145807
19156751
19253214
19403623
19454895
19743199
19749120
19763304
19844492
19890162
19977362
20084301
20169640
20207213
20213221
20272028
20386401
20415146
20547459
20757858
20768288
20921748
20974124
21022539
21081918
21185829
21239819
21244831
21277496
21379774
21567487
21632051
21675873
21692413
21714373
21722912
21748381
21788995
21919263
22119647
22130852
22238664
22253877
22276270
22447870
22528947
22605591
22617837
22733898
22745695
22781064
22896653
22900249
22922832
22937878
22940415
22949296
22949983
23039569
23046422
23100150
23158268
23167545
23200145
23379520
23541211
23679605
23741449
23744203
23779427
23831660
23843896
23855851
23902885
24003380
24062284
24104026
24148872
24159673
24176934
24260591
24295525
24304434
24342861
24384728
24397277
24526079
24527115
24527380
24688611
24946316
24968957
25036369
25150404
25202308
25212129
25215804
25406458
25448628
25458748
25468985
25521898
25659512
25683222
25690188
25844401
25881953
25883738
25933734
25952794
26021162
26077298
26109105
26120517
26123726
26223874
26294771
26526252
26585906
26642681
26703779
26706843
26767625
26972421
27009628
27056082
27356821
27483939
27516902
27537799
27563305
27744924
27834825
27855488
27879607
27912801
27979535
28009190
28196416
28254520
28389947
28645712
28725345
28851281
28914003
28964411
29168029
29220504
29264493
29279247
29288031
29313884
29337520
29470917
29583301
29680636
29681647
29691895
29877171
29897444
29911529
29939613
30004309
30083751
30302722
30422639
30569599
30698657
30814715
31036086
31204507
31278623
31321692
31375797
31401861
31647565
31665286
31674491
31678636
31705924
31778670
31839145
31854234
31942060
31946891
31992256
32078604
32197897
32208696
32238043
32278983
32372811
32640349
32664844
32825534
32908797
32915395
32927506
32996856
33095070
33213342
33256161
33336162
33404246
33440116
33746996
33765976
33826187
33905433
33979032
34005441
34060769
34109554
34210939
34219205
34256578
34590711
34617052
34824223
34824578
34942085
35135432
35194177
35246459
35364561
35560956
35602662
35803133
35899126
36136092
36221588
36285004
36303733
36308142
36399942
36545543
36637768
36658556
36676202
36837185
36886408
36892916
37096749
37212484
37270034
37400300
37499572
37504526
37638099
37737998
37780978
37801883
37812628
37934694
37966978
38221003
38229077
38625492
38725617
38914003
38983891
39043222
39088173
39099470
39263648
39287989
39441941
39455732
39498149
39515929
39519090
39589317
39589393
39621081
39754641
39861905
39887310
39935496
39964685
40020865
40197381
40235641
40280292
40306054
40582375
40660211
40790643
40866948
40948422
40970002
40978234
41073604
41163099
41326962
41346370
41372973
41401374
41425616
41641795
41648086
41681888
41751598
41922639
41980510
42037503
42049202
42096742
42101724
42126049
42159599
42178153
42262687
42281570
42365664
42450063
42528791
42627920
42796623
42870430
42881751
42929564
42957062
43015775
43087165
43135574
43147331
43206973
43331420
43332798
43383082
43402348
43454032
43578489
43738439
43825445
43889568
43966686
44012574
44057908
44067085
44174482
44181948
44205290
44237345
44299591
44306764
44346699
44512478
44606962
44679235
44861531
44886591
44957179
44966468
44972363
45033755
45209341
45255796
45278321
45364904
45606499
45659199
45667037
45880507
45986465
45995104
45996537
46038531
46051536
46108917
46161694
46196191
46267507
46291900
46383863
46397655
46485294
46486353
46526724
46576105
46605241
46612612
46832879
46835582
46855987
46858631
46861579
47122601
47134243
47176922
47262305
47292227
47310718
47318184
47381787
47689343
47729322
47942083
47956321
48020289
48129548
48208043
48301195
48397212
48538890
48564069
48603276
48761469
49031760
49033647
49078503
49549440
49561820
49650183
49654781
49692274
49792474
49880670
49888962
49893663
49964416
49982492
50164295
50218395
50291818
50380756
50385554
50499334
50540186
50708464
50766285
50889743
50923556
51089835
51095355
51184960
51285007
51329384
51343970
51627073
51634948
51681974
51747591
51820551
52085345
52287724
52463451
52492988
52532495
52539980
52800888
52855000
52961480
52990803
53050017
53086806
53187439
53259606
53714463
53717459
53761115
53787096
53926057
53991741
53998354
54001631
54120154
54255921
54264045
54318822
54332018
54536364
54541688
54591295
54615555
54621282
54645844
54656719
54691283
54715684
54762366
54868587
55095978
55104932
55246833
55592356
55768766
55879087
55933500
55940091
56061243
56128365
56152737
56300298
56320132
56350868
56370683
56500266
56642196
56701407
56740402
56763631
56785170
56811033
56813078
56826070
56892349
56947698
57049059
57111332
57116658
57171180
57247950
57248902
57259800
57470537
57477289
57537348
57547405
57718524
57879268
57972032
58023026
58043495
58116655
58120673
58130484
58140756
58194170
58210480
58297222
58306013
58310409
58324344
58353450
58420495
58520775
58525303
58694380
58777835
58819895
58864010
58879641
58997612
59007640
59020805
59056404
59151794
59237185
59253991
59255245
59333246
59363093
59487650
59554249
59638785
59703075
59723798
59847403
59903278
59908974
59944250
59966322
60000177
60004086
60023553
60127038
60142341
60191569
60210320
60418608
60466636
60536093
60637956
60673868
61054185
61265033
61444953
61478085
61499634
61513447
61584118
61597680
61694301
61705141
61799341
61921128
61934070
62014960
62133458
62171133
62307788
62330698
62447610
62476296
62500463
62714316
62792480
62957056
62976260
63001166
63042514
63073379
63078018
63171554
63232895
63366967
63396730
63499338
63539003
63678210
63855074
63855170
63909841
64057101
64229579
64240844
64281172
64301755
64363152
64459729
64495317
64725514
64789325
64823373
65003035
65188040
65201886
65243017
65406153
65524524
65547444
65608676
65629741
65697677
65708471
65733016
65794872
65854831
65924096
66002406
66053449
66053493
66066726
66105853
66116115
66140740
66160231
66174936
66188348
66226758
66251689
66284279
66309496
66423076
66486677
66639175
66790235
66930073
67053521
67153112
67245834
67246862
67360516
67455156
67474063
67532040
67570900
67592172
67610249
67646064
67685695
67776515
67820389
67856021
67911492
67936214
67942795
68139996
68273754
68510622
68563082
68625254
68692206
68716914
68737084
68796817
68879742
68960729
69083558
69091088
69155899
69192446
69224575
69231480
69347179
69366431
69459982
69478476
69613477
69643584
69662368
69676106
69977209
69977741
70062480
70102751
70116769
70121121
70125467
70147050
70201042
70401591
70469574
70551274
70596327
70613500
70853990
70861835
70879479
70952926
71041569
71211959
71220871
71307721
71373670
71438950
71443279
71587391
71591422
71637338
71727911
71825115
71973393
72006892
72274015
72416103
72422123
72533176
72549789
72551358
72559441
72561574
72666455
72720430
72751262
72875785
72959347
73030706
73034775
73062474
73066365
73075963
73145490
73179419
73188984
73191798
73249249
73262540
73266003
73304829
73380110
73404240
73425378
73508601
73797468
73804552
73990809
74028945
74114101
74358909
74391228
74534022
74551035
74771693
74934371
