For an array with 10000 items set in ascending order, it took 0.001751885 seconds to sort the array using the quick sort algorithm.

Below is the array after having been sorted by the algorithm: 
9654
12947
17057
30886
39766
47636
48636
55525
55704
75929
75971
77813
80476
87030
90206
92639
95408
98527
102802
105946
115211
132613
136022
147503
147653
158942
170320
199010
200516
202882
214723
215093
218272
221926
222019
223161
232100
238048
238931
239548
247838
248279
261738
271456
279786
288421
290883
297845
298765
305202
311603
321720
324047
325118
330540
353459
354201
354888
377501
387893
389737
393378
398060
409581
412534
413763
414247
426561
430152
430806
435514
445467
452775
453626
454386
462127
467625
487604
493604
494053
494652
509264
525503
538227
539732
542884
543463
545916
546180
552638
567698
593305
597475
599221
601566
606285
607342
610136
612867
614792
624702
639042
648689
671339
675797
686764
687155
692079
704675
711066
716299
731836
742702
746284
747031
752345
756405
785647
786066
787246
787967
788375
789030
792864
798323
801134
809720
831396
852366
859959
881960
892313
894904
898409
899215
913008
925703
926375
926630
927328
935807
936963
953499
954977
981198
984742
990815
992465
997894
1016346
1024212
1037767
1048792
1055965
1056205
1081178
1083911
1089018
1101228
1109503
1110682
1124108
1124920
1128489
1129516
1133563
1137968
1138677
1147234
1152826
1159134
1185334
1200711
1203836
1210510
1232414
1243345
1247077
1254959
1263948
1264544
1286839
1308495
1325643
1328716
1333500
1350135
1353178
1355231
1367051
1368892
1376449
1412194
1415847
1440684
1445809
1449664
1450624
1451979
1453079
1455499
1455919
1467953
1472817
1479294
1480595
1483366
1489682
1490944
1493335
1498414
1500827
1510464
1524856
1525400
1527452
1528937
1533482
1547305
1553180
1559012
1563711
1565023
1573496
1574523
1586741
1600113
1602593
1629053
1657146
1658754
1673156
1682941
1686426
1701301
1712263
1712351
1717637
1725026
1730757
1732543
1744776
1752592
1759676
1759857
1774573
1797673
1804446
1806374
1810564
1815120
1816700
1826503
1830856
1840211
1850775
1853716
1875036
1879042
1880900
1883289
1892754
1899770
1909384
1913477
1914954
1923789
1934713
1939401
1946014
1953887
1963692
1964195
1970197
1971222
1977778
1979173
1983242
1985313
1993054
2006540
2045651
2060811
2082763
2090463
2101248
2107371
2122828
2126784
2130482
2131540
2133425
2134864
2146588
2152094
2167644
2189984
2200470
2208672
2210975
2211547
2211845
2216840
2223071
2225126
2229112
2253546
2255623
2255915
2261199
2262422
2269603
2271282
2276173
2297356
2321398
2323724
2326220
2336334
2342656
2355814
2356400
2362280
2370181
2374844
2377340
2378057
2391325
2392320
2404012
2405913
2412688
2413689
2418722
2420886
2435655
2439588
2443223
2455748
2457862
2458976
2466707
2467989
2475258
2481719
2496129
2503549
2512888
2523031
2523280
2527141
2527733
2541704
2545376
2557694
2563639
2576607
2588695
2589367
2592434
2599071
2605980
2616766
2618440
2622140
2625986
2631769
2643109
2643522
2648481
2650162
2650702
2654892
2657564
2679707
2680315
2681351
2710329
2712796
2718393
2730120
2748580
2751647
2764404
2781969
2785585
2790741
2798604
2801736
2806502
2807071
2810859
2819763
2822476
2834308
2850139
2858647
2875679
2885458
2907300
2910526
2913183
2913867
2928495
2954822
2965392
2965699
2968027
2988285
2991314
3003773
3007732
3008113
3008573
3015287
3020698
3022903
3026659
3038402
3039166
3041338
3047656
3054363
3060017
3088460
3108011
3112994
3114213
3123886
3133231
3135301
3137776
3138992
3150320
3150481
3153733
3158189
3159804
3160860
3172824
3180621
3193535
3195219
3203586
3203650
3212413
3214149
3229320
3242517
3245408
3253208
3259783
3276289
3284169
3295951
3312611
3317639
3334815
3336269
3338060
3339552
3340982
3381648
3395607
3396895
3405866
3430579
3436072
3439171
3439202
3441404
3442279
3453570
3455658
3458372
3459127
3461350
3470646
3472970
3479868
3493021
3494999
3497013
3512458
3515078
3530710
3531935
3532279
3533185
3547226
3550296
3557442
3572610
3577575
3587684
3588744
3592637
3597747
3602486
3605891
3606585
3612567
3615676
3619676
3629703
3642118
3643712
3649016
3656591
3670112
3686050
3693443
3704753
3706503
3712656
3725191
3734252
3740207
3742821
3744112
3753872
3754135
3764460
3765273
3767749
3769428
3771863
3779415
3785353
3795647
3822796
3833794
3835026
3857475
3866987
3867936
3874364
3879151
3881442
3882734
3885564
3885631
3890726
3894119
3899523
3900979
3911742
3933550
3936501
3949369
3962725
3964867
3980410
3981694
3983020
3985472
3992429
4009683
4020502
4034630
4038587
4053592
4072634
4072747
4080113
4083734
4089479
4089551
4097973
4101689
4107557
4126289
4135916
4143181
4145594
4152920
4159777
4165930
4173769
4179380
4185291
4204558
4216816
4219155
4224448
4239198
4262977
4266661
4271687
4271779
4274962
4283513
4286517
4297485
4303064
4303243
4303477
4308393
4310715
4317173
4324442
4328835
4337445
4337533
4343697
4360549
4360971
4372526
4377452
4381083
4397501
4401528
4405793
4412659
4414504
4429560
4460472
4486510
4501060
4502085
4506538
4512721
4517846
4525280
4541159
4546143
4553861
4580234
4611524
4619739
4647306
4656558
4665755
4670030
4677405
4686283
4714628
4714682
4720889
4729809
4731877
4733847
4742664
4744142
4744772
4776958
4778483
4800031
4812142
4814665
4815136
4824733
4831734
4832042
4832061
4832990
4835550
4856768
4856923
4859835
4861708
4863114
4863187
4864273
4864922
4872019
4885204
4894218
4897572
4912609
4968710
4975026
4980162
4985455
4990509
4990872
4991419
4992445
5023945
5036318
5041698
5043647
5048865
5051352
5052398
5067052
5072529
5083996
5108583
5117445
5123507
5131291
5139463
5140016
5148933
5159300
5161855
5167357
5168160
5172639
5176049
5180413
5188822
5189906
5195460
5249690
5253310
5259562
5276015
5300398
5304840
5307778
5311839
5319545
5324395
5326629
5328963
5330566
5338957
5339952
5340043
5341956
5345880
5351683
5398420
5416628
5423942
5434032
5434575
5444623
5446730
5459604
5461903
5476720
5481858
5483844
5486404
5525805
5534449
5539776
5549406
5556796
5556902
5558132
5562263
5567452
5572209
5572267
5578951
5581440
5583933
5616188
5623047
5624028
5624868
5625255
5633340
5634152
5644197
5652181
5659175
5677156
5694733
5700404
5706726
5719476
5727131
5732868
5737620
5738919
5740881
5741453
5748429
5761726
5762423
5763424
5769437
5770504
5774755
5784020
5785775
5794095
5797660
5797702
5801671
5807677
5821256
5826742
5827461
5852322
5873647
5880564
5898745
5901148
5903480
5920514
5926799
5928731
5929712
5942048
5946164
5951050
5954620
5955607
5956750
5968050
5972448
5975931
5996722
5997507
5999659
6015254
6032850
6038822
6043653
6045965
6059561
6062039
6064634
6065563
6068026
6072199
6087160
6090642
6104114
6105298
6108240
6109790
6112058
6117191
6128191
6129849
6135111
6166231
6187360
6193679
6203550
6217133
6220691
6223678
6230641
6237569
6241507
6248186
6248847
6250727
6273028
6329340
6356368
6365358
6369162
6382543
6399121
6410731
6419231
6436156
6447817
6456086
6465877
6484360
6486459
6503392
6505179
6528171
6546337
6569091
6575096
6584021
6584950
6589676
6593825
6604384
6617700
6622169
6626417
6636122
6650556
6653872
6674760
6678436
6687249
6692997
6693191
6701019
6705968
6717388
6717985
6731508
6750979
6757493
6762533
6765947
6770090
6770533
6780798
6784603
6787334
6787826
6795948
6809534
6813445
6825512
6826116
6838622
6843595
6868594
6871718
6886135
6902240
6902295
6918110
6924598
6925868
6932324
6938848
6946298
6951162
6956850
6970141
6990310
7008491
7016301
7024209
7034069
7034892
7041722
7054854
7065319
7090332
7106137
7120445
7121459
7130049
7131623
7148572
7151972
7155991
7164322
7165862
7167794
7208769
7235566
7247312
7275513
7293366
7293457
7301991
7314129
7315140
7319832
7320566
7324688
7328350
7330068
7331327
7337278
7339446
7339983
7346971
7353388
7359440
7377994
7378365
7384538
7384782
7385623
7408909
7413779
7427289
7433466
7443307
7446781
7450007
7456432
7458158
7467939
7473222
7476627
7480087
7515351
7522206
7530514
7531977
7536994
7538386
7547193
7566439
7567487
7572081
7579912
7602582
7612196
7614711
7621989
7625992
7627296
7629582
7631941
7638753
7649582
7651828
7662255
7668391
7688231
7690194
7708973
7720597
7721602
7726792
7731445
7744493
7750063
7753601
7758688
7766465
7774320
7776591
7786422
7787045
7792103
7792639
7809554
7811457
7835581
7837847
7848849
7861513
7863667
7866156
7870155
7873586
7886868
7891598
7918318
7919817
7920038
7923495
7934154
7939124
7946192
7949024
7957014
7958292
7964909
7967432
7978406
7998285
8002083
8046995
8047390
8048468
8053828
8055960
8061233
8061333
8063132
8066581
8067103
8067238
8075998
8077478
8077569
8086958
8090464
8095716
8098780
8104382
8111861
8113329
8115206
8118101
8120423
8128475
8146261
8178688
8184104
8193223
8198192
8198315
8200154
8204420
8208903
8211653
8215143
8215213
8221376
8225258
8234580
8235281
8238527
8245482
8245493
8246382
8252430
8252817
8253497
8256636
8257524
8262571
8268770
8292127
8295686
8297909
8308046
8308263
8316243
8334110
8350401
8379991
8380038
8380544
8405141
8412115
8417251
8437328
8445549
8447061
8452150
8454951
8460578
8460944
8466124
8486878
8491294
8493368
8495452
8497229
8514695
8517268
8517433
8518245
8518364
8521201
8527436
8533528
8537447
8537627
8539170
8542427
8551553
8557681
8558300
8559311
8564159
8584549
8588364
8591689
8597022
8612317
8654371
8655678
8669283
8672228
8674599
8677201
8679169
8680595
8695588
8696926
8700313
8704357
8710910
8711347
8716390
8718759
8724754
8725082
8726885
8732667
8743152
8746267
8762114
8769560
8774375
8796162
8803190
8814076
8820395
8821404
8824190
8830329
8831011
8838912
8842016
8842917
8851492
8880196
8883678
8885408
8890669
8896385
8902741
8911065
8919912
8920463
8933947
8937427
8942194
8954674
8961820
8972765
8974727
8977430
8979800
8984815
8996905
9000758
9017015
9025513
9039823
9042106
9046108
9046912
9049030
9049386
9053411
9055214
9062182
9101486
9116299
9117725
9117953
9136312
9136726
9150488
9154716
9159370
9171226
9189521
9189787
9209342
9217971
9233316
9235153
9246582
9247768
9253701
9265994
9266040
9271020
9285184
9290945
9291267
9297122
9304936
9313416
9324370
9325263
9326987
9333376
9354902
9355030
9358151
9391415
9394640
9397710
9398686
9410228
9439860
9441497
9445733
9450262
9478343
9491679
9508771
9510087
9518451
9524927
9527849
9528538
9551846
9559592
9564868
9569979
9574927
9579641
9582495
9585194
9601743
9612827
9613731
9613878
9615445
9625026
9634520
9637538
9639058
9641844
9651137
9655730
9657891
9668980
9679515
9699969
9714530
9716127
9723269
9746702
9771903
9773757
9779415
9792143
9796436
9800713
9809490
9815530
9817722
9821544
9833347
9841770
9846207
9864131
9867728
9888653
9890908
9901839
9929679
9947458
9958445
9958486
9986094
9990166
9992703
9998833
10008765
10010109
10018539
10020057
10024351
10037637
10045961
10049722
10057445
10059219
10064440
10065871
10075514
10077106
10104446
10108164
10117351
10122103
10147696
10152220
10172323
10179110
10191665
10202986
10214843
10216438
10216715
10219337
10219548
10227934
10229968
10234443
10253805
10279301
10307648
10308411
10309036
10315363
10322112
10325637
10334293
10346345
10346764
10347419
10357638
10357858
10360614
10377137
10378008
10379417
10380718
10385154
10407975
10415925
10420018
10426643
10439472
10444213
10454955
10468409
10480838
10485648
10498649
10502741
10510712
10511399
10523566
10539431
10543009
10553166
10557101
10560739
10573825
10581773
10606572
10620952
10621997
10622374
10624966
10635273
10638241
10646294
10653138
10654340
10670477
10674638
10685742
10687394
10693903
10699285
10703136
10709402
10711405
10730147
10733073
10733984
10736089
10736367
10746373
10748234
10751563
10756381
10769340
10773808
10777933
10778596
10790852
10801351
10804300
10813723
10814426
10814846
10824915
10828879
10854562
10862388
10868666
10869201
10882174
10889151
10895095
10902221
10902351
10902457
10902461
10910449
10915454
10924446
10932860
10936906
10942801
10950117
10968629
10970246
10990344
11000996
11009342
11010201
11020312
11024140
11037074
11050226
11055858
11059591
11069833
11073453
11093411
11099301
11101080
11111304
11112888
11120644
11121419
11136373
11142140
11142411
11148343
11152560
11153238
11156095
11181204
11185771
11188468
11217144
11217577
11218619
11223318
11232456
11235664
11239582
11250975
11254418
11254725
11265167
11265954
11271037
11271205
11271574
11271760
11272166
11285831
11287981
11309869
11317054
11320125
11332741
11351515
11353461
11355111
11358182
11367599
11373560
11382083
11382144
11400628
11401770
11409895
11410281
11417428
11441335
11445310
11465267
11466203
11466304
11467519
11470155
11472372
11477280
11491736
11502260
11508562
11528420
11531763
11538533
11553577
11569961
11577322
11580647
11586472
11595540
11597542
11612909
11617096
11628971
11631755
11645391
11657722
11661475
11663518
11692428
11716229
11748054
11749212
11754844
11758324
11765234
11767818
11782377
11789674
11830830
11832226
11837022
11842245
11847743
11858247
11863907
11882976
11884077
11888337
11891033
11894792
11899148
11908138
11910084
11912775
11921974
11922480
11941223
11944732
11952630
11955027
11955339
11960140
11969292
11969316
11984123
11988270
11992309
12001573
12007358
12008757
12036209
12038655
12041563
12053266
12053483
12077968
12081400
12086254
12092291
12094441
12100195
12107065
12110680
12111414
12124230
12135067
12143985
12151088
12166895
12173808
12180372
12182164
12192435
12195498
12246122
12253716
12256105
12256503
12268693
12295345
12300581
12304374
12307094
12311525
12314509
12318136
12324232
12325357
12327855
12328292
12331503
12352204
12356753
12357289
12358461
12370471
12376431
12383973
12417751
12419011
12419180
12424670
12428017
12434218
12442422
12443767
12445341
12445509
12450299
12453155
12460594
12481812
12505225
12519789
12530154
12533472
12535650
12538084
12549198
12553816
12563426
12570075
12573208
12574229
12575357
12591592
12592214
12594525
12603176
12606011
12623068
12635123
12635697
12645328
12660346
12669013
12675617
12677892
12682428
12687171
12691865
12698587
12712321
12719035
12732450
12743167
12743222
12743860
12753118
12759884
12762485
12768474
12772088
12774247
12789414
12793470
12800528
12807728
12810528
12820531
12824726
12826958
12853541
12854379
12857124
12863807
12866300
12876070
12877856
12885918
12887438
12890032
12891052
12894130
12899228
12899941
12905723
12907462
12920020
12936032
12941939
12949424
13008115
13016252
13036734
13041990
13043731
13047832
13048276
13048670
13053793
13056418
13058757
13080953
13099978
13103164
13110797
13112871
13113646
13115178
13119525
13136051
13144452
13147416
13149780
13152991
13169221
13174625
13181283
13203170
13211265
13223295
13230455
13230480
13248330
13258599
13258660
13261856
13270211
13279239
13292496
13302609
13306354
13342221
13383426
13392503
13396941
13414877
13416915
13419442
13431614
13440540
13464094
13471163
13501614
13521318
13525359
13547288
13551480
13553352
13555119
13562898
13569705
13577903
13594223
13596241
13603589
13628647
13629622
13630634
13632243
13634465
13637581
13643164
13644025
13647258
13651936
13656695
13656703
13669656
13690816
13696696
13698959
13709548
13713053
13717198
13729914
13730012
13730968
13737741
13739398
13750906
13760680
13763891
13766954
13769816
13774733
13778510
13798305
13805786
13812484
13812820
13813676
13813736
13815556
13824211
13824271
13827301
13839491
13852370
13856841
13858047
13861365
13876978
13878225
13879276
13883344
13887147
13895055
13906528
13910839
13911253
13924959
13925113
13927120
13928988
13931156
13935010
13937059
13938599
13941362
13948462
13949433
13950129
13960615
13972195
13986813
13988408
13988687
14011746
14011912
14022405
14036970
14038275
14043997
14057007
14058202
14064109
14084074
14093019
14093323
14105711
14108027
14112795
14122433
14126957
14134285
14146581
14170975
14191968
14200022
14217981
14239176
14248990
14256908
14259916
14261105
14263436
14279821
14280765
14288880
14309459
14332722
14338979
14348772
14349303
14352723
14354866
14356562
14357736
14360186
14362647
14384021
14393423
14399163
14411472
14428051
14434665
14436319
14438450
14438630
14439624
14444091
14473480
14474440
14476968
14481643
14491457
14492993
14496420
14497573
14499118
14513995
14524875
14526566
14547404
14553121
14554725
14577835
14589946
14592548
14600210
14604609
14621151
14623137
14662798
14672613
14675105
14677467
14685584
14688542
14710022
14722650
14723681
14728465
14730545
14735762
14747246
14751797
14757830
14763855
14768672
14776411
14779443
14783895
14808629
14808663
14811697
14813933
14814395
14820337
14820913
14827203
14827501
14843450
14845400
14854806
14870970
14878562
14878562
14878737
14884917
14891910
14895006
14907701
14917807
14926468
14942855
14954372
14954494
14956196
14968659
14979473
14982383
15005906
15017770
15023761
15029637
15042119
15056070
15065160
15083740
15089630
15098398
15120671
15126268
15137459
15144941
15150584
15167968
15173309
15178463
15191658
15200723
15204917
15221605
15223331
15233664
15241397
15253130
15253872
15253986
15254454
15256899
15261718
15267072
15270216
15277237
15283672
15292987
15294666
15302859
15319547
15330019
15330130
15333011
15349856
15362186
15372217
15372443
15381832
15404751
15426245
15435410
15442152
15443716
15462059
15462196
15483240
15486145
15488949
15490000
15495897
15497460
15523254
15524750
15533134
15548482
15555741
15572922
15580477
15583780
15588515
15595722
15609648
15614322
15623782
15625785
15644794
15648964
15655308
15677222
15684938
15724691
15724891
15727614
15734276
15736457
15738789
15745060
15745328
15757972
15767432
15770491
15773918
15780454
15784254
15794918
15795974
15804244
15832582
15833855
15835651
15836730
15841914
15849645
15850000
15863980
15870439
15897845
15898292
15908924
15916772
15920495
15921755
15921761
15943143
15943439
15961196
15968119
15980066
15980410
15987116
16001793
16011162
16019591
16019962
16020189
16023185
16055875
16081796
16085594
16095324
16105853
16107975
16111393
16111665
16127907
16128093
16128595
16128761
16149727
16161424
16165869
16169337
16179286
16186463
16196826
16197553
16214421
16229082
16232767
16239957
16252665
16258927
16262715
16269831
16270304
16296216
16299905
16315068
16327028
16333862
16334507
16336569
16345288
16347587
16348532
16351349
16352460
16364696
16381074
16385615
16392653
16408954
16420053
16431655
16435040
16436618
16445951
16458578
16460335
16464637
16477301
16485025
16503393
16527099
16540093
16559830
16564203
16572953
16580007
16580752
16585323
16606857
16607946
16615996
16619972
16622211
16624879
16636582
16640066
16652206
16665336
16670521
16672320
16675533
16678547
16683267
16693068
16693248
16697014
16701024
16709296
16722548
16727395
16727829
16738890
16741247
16755714
16775649
16777777
16785156
16791589
16804895
16811296
16820146
16820367
16823554
16824273
16831477
16838628
16839372
16843460
16846297
16853497
16854161
16863480
16870724
16876511
16883921
16884562
16894862
16898821
16909832
16915935
16931461
16941166
16943458
16958546
16960987
16969130
16985922
16995504
17002173
17010674
17018068
17033959
17039041
17052936
17064941
17075105
17077913
17085344
17091219
17110582
17114321
17114601
17120188
17141371
17145789
17148224
17153334
17165766
17172004
17176002
17180698
17188115
17191319
17211618
17214307
17216996
17226728
17247041
17249813
17254026
17257437
17260427
17263252
17264162
17266724
17267879
17274777
17277156
17291128
17293468
17298671
17303641
17337453
17344156
17345707
17349317
17349627
17355781
17367419
17403531
17404494
17413324
17414156
17419955
17423339
17425485
17427143
17431677
17432824
17472080
17478048
17478994
17485597
17490093
17492654
17497674
17499782
17502142
17508024
17518653
17542059
17543426
17544337
17544875
17545746
17558956
17561312
17586853
17597699
17602030
17604251
17623020
17623870
17627265
17633363
17637885
17670239
17670387
17673082
17676060
17679567
17694802
17697394
17700715
17702495
17727561
17746659
17747555
17748619
17768021
17782072
17788130
17792653
17800991
17801675
17812483
17812883
17818325
17832788
17848154
17848750
17854848
17859471
17864720
17865123
17872016
17872489
17875523
17885783
17896098
17900212
17901388
17905206
17905852
17911268
17912520
17917185
17917343
17918329
17943982
17944619
17948877
17952935
17956164
17968643
17971935
17987632
17995479
18003197
18008631
18012400
18030374
18040950
18052887
18071281
18079389
18081385
18102658
18104179
18104572
18104775
18119543
18119734
18124898
18126317
18158033
18178699
18178703
18185692
18188499
18192234
18209010
18217011
18219288
18227006
18230970
18241075
18246666
18256687
18257675
18264700
18269732
18273885
18275344
18287356
18290753
18305974
18317540
18323128
18325284
18328331
18329248
18360891
18366146
18368506
18368801
18380207
18381260
18388403
18395633
18404208
18427258
18433993
18440476
18441554
18454747
18460295
18464637
18465997
18469131
18476397
18477668
18477750
18494155
18501889
18506958
18526169
18527338
18529758
18533072
18534908
18540790
18541638
18541889
18542930
18563278
18574852
18576998
18582289
18587245
18588567
18594278
18598790
18599146
18604792
18611275
18620979
18621228
18627879
18631272
18631407
18631451
18643014
18643266
18655050
18663019
18677023
18679813
18680077
18693582
18694150
18701373
18708335
18721031
18727250
18736588
18749750
18753227
18775401
18778961
18785970
18788166
18788656
18789368
18794125
18797275
18818710
18822266
18823101
18836894
18855036
18855855
18870242
18889242
18901800
18908156
18915804
18919010
18921818
18922568
18923585
18948175
18978133
18985586
18988568
18992825
18994311
18997189
19026975
19072853
19076011
19088575
19092330
19099854
19103874
19104621
19108296
19114108
19116054
19127608
19128087
19139437
19142771
19153002
19156615
19159327
19161635
19166941
19173290
19187486
19190491
19197046
19205813
19231650
19241419
19242044
19263679
19275488
19279902
19280876
19292419
19302238
19328772
19340597
19345128
19394773
19404716
19407892
19408166
19411775
19423671
19424105
19430941
19435629
19446395
19448544
19454270
19456880
19462952
19463576
19465259
19473501
19475324
19481151
19484610
19491654
19498173
19505899
19519297
19520385
19529950
19530706
19552742
19557124
19564618
19566362
19572344
19612491
19615086
19620586
19621747
19630189
19634792
19644652
19651471
19656561
19657215
19664740
19666132
19669014
19669824
19673167
19675127
19678822
19680124
19688534
19694422
19702877
19709846
19713489
19724028
19734842
19737282
19748815
19750621
19752312
19753922
19779825
19781805
19789327
19792848
19795375
19844033
19848626
19851954
19863640
19864456
19883420
19889831
19902210
19905270
19915240
19916097
19918164
19919000
19919354
19929255
19940219
19943009
19956953
19961059
19970659
19998521
20000500
20017715
20018324
20018802
20021605
20035844
20037084
20051960
20072049
20077964
20078914
20086254
20090120
20090291
20102067
20107056
20108843
20110754
20118286
20120467
20125233
20132552
20133233
20152714
20168920
20171586
20184384
20189276
20197252
20203492
20211942
20220569
20222188
20233611
20237828
20242603
20252227
20253052
20266818
20269957
20270125
20281796
20285348
20305193
20326554
20347268
20347310
20354883
20356585
20357423
20367056
20368040
20375900
20375900
20377215
20385839
20387172
20391703
20407124
20411027
20416507
20417199
20419765
20420785
20424465
20485410
20503575
20508127
20516546
20520180
20531389
20531432
20540897
20545319
20551474
20553840
20555090
20557226
20563685
20567480
20572001
20572322
20577224
20577727
20582823
20585679
20590692
20592216
20600158
20607982
20614094
20623176
20623685
20637008
20649390
20652397
20656166
20664563
20668983
20682656
20691316
20692021
20697021
20712077
20714719
20723309
20731834
20740822
20741136
20742088
20744975
20753904
20758976
20762006
20763056
20768238
20772848
20781763
20782094
20787836
20805276
20809086
20814623
20817755
20821485
20822635
20823419
20824600
20827079
20836350
20847389
20862703
20862714
20869276
20876631
20882317
20884453
20899454
20904560
20905097
20908934
20914202
20918735
20921280
20923873
20933520
20943256
20961241
20964891
20967406
20985063
20988034
20989395
21010875
21014149
21024906
21025768
21026806
21037147
21053812
21058789
21060087
21060559
21061893
21065710
21078137
21080643
21090013
21097158
21097898
21098431
21100450
21105832
21125079
21141057
21160243
21160898
21162076
21163934
21182542
21185930
21189253
21192595
21192867
21206312
21207522
21211316
21218759
21220124
21222972
21223031
21225352
21228225
21239405
21239889
21243300
21254048
21263922
21266580
21270517
21270824
21294510
21295040
21301765
21318300
21336886
21349807
21350705
21356500
21361881
21366593
21373214
21379973
21381262
21388328
21400865
21415611
21419245
21429602
21439878
21450003
21451972
21481495
21481880
21494892
21499404
21505309
21521293
21531098
21554450
21565747
21573687
21590090
21599464
21606605
21610222
21618824
21627419
21652267
21660562
21661581
21674225
21675649
21689012
21695775
21705421
21706529
21713538
21719604
21719917
21721566
21723472
21723865
21724378
21736398
21736571
21752583
21755795
21764037
21771220
21771775
21777074
21784740
21796742
21797683
21798147
21798323
21807575
21812690
21814133
21814215
21818825
21820462
21825288
21846667
21857969
21876183
21886615
21891609
21897283
21923770
21930912
21931524
21933881
21954349
21956476
21971020
21971055
21981400
21984077
21991868
21994782
21996906
22001704
22002531
22011506
22017687
22019871
22021872
22023740
22037841
22062294
22072921
22073873
22078188
22081673
22082119
22082611
22086489
22109182
22114751
22121208
22121595
22124892
22125092
22129406
22138571
22156226
22161182
22169306
22170244
22174355
22184054
22192199
22203287
22212588
22213251
22214234
22217979
22231132
22231271
22233245
22234381
22241617
22244846
22247687
22248841
22251667
22253365
22258512
22267314
22271884
22275929
22282437
22288657
22292451
22293558
22311551
22311567
22312984
22323118
22326148
22327908
22335957
22347787
22372037
22397054
22412923
22422315
22422677
22437176
22443036
22444399
22456275
22459162
22478140
22491250
22495090
22503862
22511359
22520551
22521012
22522025
22525491
22535244
22536150
22536355
22542606
22544546
22544698
22568133
22569719
22572890
22574463
22574939
22587802
22589139
22592132
22616499
22616933
22623279
22665621
22677523
22697042
22716718
22736928
22738782
22745290
22745628
22750018
22754992
22788172
22801860
22809982
22815022
22816592
22828422
22829764
22829770
22829902
22839522
22842289
22842352
22853212
22853354
22858749
22862222
22879823
22880414
22881246
22893999
22896200
22898645
22913680
22921317
22930095
22935662
22935723
22945730
22948258
22965924
22981617
22983266
22987644
22993068
22998818
23008944
23024159
23030844
23038653
23063283
23064273
23065680
23073127
23087490
23088383
23091404
23096154
23097656
23098764
23101835
23112699
23113500
23115215
23126116
23129736
23133657
23137569
23147262
23150578
23155580
23160031
23160904
23184579
23194265
23217226
23224994
23233184
23248910
23253964
23257803
23277787
23277974
23287981
23291606
23294813
23307853
23324713
23330786
23336993
23342405
23343730
23351131
23351504
23358187
23361583
23364715
23366454
23376177
23381889
23386246
23402094
23409521
23419469
23434692
23440893
23441224
23443581
23444906
23450209
23463721
23467199
23468064
23472900
23473503
23473747
23489185
23497229
23504347
23504695
23505695
23508115
23515737
23523124
23527484
23530341
23546548
23550522
23563725
23593976
23595982
23600014
23602468
23604640
23611919
23619893
23639784
23645396
23650394
23656565
23660421
23660893
23669287
23671069
23673503
23675111
23679645
23684784
23687229
23690730
23694027
23697544
23703279
23708077
23711596
23719190
23720166
23725227
23725276
23725647
23727942
23742904
23743232
23750477
23750547
23755735
23756739
23759447
23765519
23780768
23786210
23789184
23806317
23811414
23834516
23841150
23854939
23888744
23890489
23891353
23893209
23916728
23922418
23931715
23933724
23936011
23944144
23949894
23965474
23966159
23973247
23986996
24006032
24013454
24013773
24026244
24035143
24047486
24049284
24053498
24055641
24059460
24061053
24067290
24067493
24078183
24079812
24105198
24121038
24126645
24128368
24130513
24135058
24141784
24151463
24162543
24172388
24174007
24175852
24183193
24197209
24198592
24205526
24206023
24216440
24217011
24220246
24221783
24227480
24242508
24246568
24255697
24256285
24259673
24265372
24267551
24280724
24284122
24291799
24297669
24298238
24316239
24323606
24336353
24339821
24345375
24349958
24357446
24374345
24380770
24392700
24394518
24399730
24410218
24412923
24417787
24422603
24431495
24481457
24482763
24484595
24492902
24498368
24502138
24513651
24516566
24533325
24577265
24585596
24589951
24590893
24591608
24599225
24600227
24601924
24637187
24637221
24648030
24653984
24655003
24662374
24663315
24673492
24675647
24681385
24685808
24691587
24697521
24706955
24725417
24726426
24738394
24738819
24741784
24748021
24762815
24782035
24787474
24794735
24823513
24830451
24838056
24838172
24842379
24850637
24854128
24856813
24877045
24879952
24884985
24886628
24889046
24891880
24900933
24901598
24908082
24930571
24931483
24932816
24939316
24944078
24947123
24950418
24952183
24963297
24973262
24974306
24979306
24980744
24982353
24982560
24985092
24985961
24989236
24998476
25005341
25009249
25014285
25023942
25027665
25028060
25030556
25045785
25048828
25055600
25057935
25059067
25060691
25069487
25075381
25075804
25078664
25083170
25086995
25088583
25096633
25110084
25113128
25119233
25120695
25132542
25132899
25148992
25168383
25199847
25215056
25223836
25231167
25236935
25241948
25246034
25290400
25297778
25310603
25321135
25337768
25340257
25341788
25342557
25342802
25346318
25358594
25368323
25385230
25388816
25389530
25397391
25401339
25404803
25428230
25443391
25454468
25470293
25479978
25487058
25492543
25494501
25495027
25505371
25506163
25506433
25507089
25507815
25522019
25526603
25532874
25556608
25560711
25561506
25563990
25569766
25574179
25585139
25595639
25606585
25621340
25624156
25628719
25631696
25632845
25636250
25641664
25642791
25672328
25693088
25694020
25694926
25695872
25720959
25721486
25731458
25739843
25748177
25748414
25753588
25756921
25767134
25782450
25783215
25788845
25792153
25792443
25793815
25797644
25811767
25820318
25820774
25828315
25834868
25843524
25845321
25850701
25854607
25869036
25870158
25888356
25897222
25899551
25913482
25923394
25927033
25928736
25934827
25938315
25966447
25969037
25972803
25975133
25983360
25983497
25988803
26007803
26012737
26020691
26026470
26034717
26038524
26038850
26042492
26050728
26052832
26056985
26060265
26068906
26077283
26091722
26100294
26101609
26105121
26108506
26112851
26113239
26120479
26129702
26133100
26146852
26155211
26173267
26177465
26208880
26210106
26220520
26225563
26229287
26236725
26251351
26256704
26273063
26276095
26301163
26302151
26302744
26308099
26313901
26334180
26350736
26359138
26359740
26361754
26365046
26368400
26371963
26376936
26382441
26390499
26390533
26401058
26403338
26416292
26428025
26435265
26441628
26454626
26464269
26479455
26498759
26512454
26515645
26521458
26527924
26533779
26539442
26540656
26544865
26553084
26558032
26559211
26564543
26568219
26575466
26578287
26582471
26583148
26587184
26590407
26594726
26595507
26619595
26629963
26640899
26669337
26691439
26696483
26696847
26697024
26698154
26732764
26739241
26748587
26788839
26814386
26832480
26836736
26837015
26850053
26870121
26872301
26878647
26882738
26886575
26888789
26889008
26898661
26902148
26903040
26903814
26909933
26914970
26926179
26937370
26953730
26967373
26967690
26973787
26977342
26978055
26985134
26986616
26994238
27000678
27003632
27004162
27015607
27018858
27026136
27038746
27040785
27054045
27063632
27070883
27080207
27080798
27084446
27098065
27098283
27114115
27115911
27131296
27145832
27171150
27183573
27185289
27187183
27191425
27194642
27197519
27221402
27223613
27224985
27228063
27232614
27270611
27284502
27289350
27295131
27295911
27308465
27312986
27325582
27325597
27336055
27350273
27351753
27369315
27372489
27391384
27414409
27419537
27439459
27444326
27448874
27449768
27456641
27456863
27476498
27476553
27488707
27491820
27499651
27500628
27508667
27512900
27513120
27513830
27531351
27533719
27549036
27561135
27567386
27574980
27595701
27604825
27604886
27621360
27625539
27633761
27640966
27652818
27655722
27659573
27664195
27669395
27671820
27679094
27688998
27695172
27706673
27734586
27754079
27756408
27760679
27764588
27770292
27780607
27805187
27807909
27812355
27816167
27822280
27826570
27835269
27856669
27880374
27883829
27884245
27891639
27900272
27920632
27926076
27939101
27941121
27944648
27945860
27954339
27959365
27966648
27968426
27971537
27985109
28002705
28007780
28013831
28017091
28020493
28034200
28036830
28038697
28051218
28051696
28055579
28072280
28074482
28078066
28090122
28103071
28106509
28120635
28123582
28125972
28129659
28135096
28136223
28151587
28168931
28176624
28192536
28202171
28203990
28217784
28225482
28230295
28236195
28236720
28236924
28239061
28255118
28258594
28261865
28265857
28266744
28280448
28282388
28289220
28295022
28302762
28303976
28314644
28317018
28326812
28342084
28343350
28364765
28367468
28379665
28381014
28385219
28393118
28396028
28396941
28399273
28400569
28402475
28404713
28433044
28472697
28474048
28481536
28492886
28510513
28520149
28527761
28547358
28553886
28556277
28558938
28560498
28565849
28568159
28584280
28586889
28592103
28606753
28609741
28629484
28635170
28636405
28652822
28660737
28662379
28670292
28678708
28683170
28686367
28692970
28700140
28711085
28717087
28722820
28729474
28730707
28731909
28745436
28752867
28759728
28760405
28760681
28764043
28764879
28767839
28793464
28795119
28814579
28815506
28833442
28836329
28841803
28847756
28856504
28856704
28858858
28864081
28871722
28872631
28875379
28904607
28912132
28930596
28937949
28940391
28942703
28958302
28962860
28963641
28978445
28986580
28995925
29001349
29003211
29006558
29016086
29022123
29028886
29035689
29037599
29048315
29049317
29057108
29075204
29075749
29092126
29100716
29103716
29106608
29107357
29108228
29111995
29117040
29118263
29121126
29128507
29129365
29133668
29140640
29148176
29152789
29166832
29175261
29176484
29192022
29193479
29210426
29214135
29235309
29239140
29241346
29251170
29253983
29257200
29276046
29281322
29295544
29305526
29311844
29314889
29316685
29333215
29338099
29350419
29350425
29357143
29361848
29362144
29365432
29369887
29371129
29371356
29373231
29376413
29379381
29382667
29407351
29415965
29418744
29423018
29423299
29425015
29429112
29429499
29433109
29437018
29437143
29438913
29447197
29467495
29467619
29471278
29471833
29480139
29485862
29490029
29507770
29509456
29520043
29528580
29528852
29529151
29529722
29531970
29535336
29540173
29567967
29578466
29589863
29594659
29600538
29611049
29613643
29631137
29632244
29648734
29652655
29659862
29663541
29671192
29672504
29675656
29681050
29688749
29693072
29697078
29699093
29701167
29715920
29717076
29717477
29724843
29726490
29727328
29735490
29748329
29750975
29751188
29758169
29761629
29770056
29776082
29798368
29799717
29807075
29808112
29810941
29811213
29832766
29843740
29846377
29864318
29867491
29873115
29873358
29884388
29891190
29897473
29906819
29914347
29918230
29918592
29920740
29923238
29924712
29935166
29939537
29950011
29956278
29956574
29957341
29958827
29962614
29978881
29980902
29982107
29984867
29989686
29994234
30017814
30024832
30026267
30050329
30064212
30074263
30082019
30082177
30085602
30090857
30094556
30112525
30112962
30113224
30126931
30130176
30132823
30133135
30140225
30144634
30158403
30163110
30169890
30188035
30209738
30219647
30229210
30232791
30256686
30268157
30271434
30279965
30286162
30291778
30294999
30304852
30311262
30322877
30323334
30331081
30335627
30336204
30337472
30345981
30346698
30351769
30355844
30369786
30370034
30395758
30410083
30411167
30412368
30412493
30414951
30417399
30422955
30429896
30434604
30446274
30450090
30516945
30521937
30530349
30536588
30539295
30556667
30563686
30574035
30577156
30588772
30591368
30598168
30605851
30610242
30613616
30619983
30620718
30625319
30627401
30630029
30635495
30636975
30643586
30658361
30659653
30667604
30673983
30687198
30692816
30694198
30699266
30707207
30711298
30715367
30717854
30719363
30720393
30727084
30733539
30740096
30745145
30758604
30774734
30777488
30784655
30793768
30805974
30809961
30811286
30811364
30811516
30821181
30834494
30838139
30847644
30847720
30853637
30888678
30890482
30903047
30911726
30915107
30915345
30924029
30927153
30930336
30934860
30936678
30939176
30947047
30950999
30985667
30993206
30996769
31000964
31017336
31025796
31040959
31048924
31059487
31067696
31070558
31072782
31082797
31083433
31119163
31127954
31129758
31141935
31143271
31153355
31161645
31166653
31178875
31184901
31190486
31214638
31225306
31232373
31237660
31245246
31246108
31261239
31262942
31271827
31272415
31280634
31286378
31292302
31292765
31293768
31310690
31334420
31337042
31338650
31339408
31344217
31366569
31373503
31380707
31382068
31402808
31407860
31414814
31416305
31429522
31445947
31448373
31450256
31457193
31463645
31465864
31466184
31473833
31491586
31505153
31517221
31525210
31527623
31531606
31546098
31551842
31556581
31568059
31573901
31579518
31582727
31584544
31595631
31599729
31606736
31607902
31608390
31623700
31624991
31629335
31631765
31631767
31633827
31646491
31649014
31650225
31656540
31656655
31656912
31676488
31684740
31687032
31735908
31738276
31749885
31766449
31776417
31778381
31793901
31815982
31823660
31833386
31836268
31841485
31855216
31865779
31866788
31873959
31883048
31884281
31914886
31917184
31925591
31926543
31939092
31951016
31967672
31970407
31984966
31990965
32010931
32037310
32045667
32064502
32069939
32073929
32081589
32086765
32086870
32089854
32091002
32092318
32095195
32103299
32110210
32111873
32162867
32175306
32187361
32187985
32190656
32192023
32212778
32213945
32216060
32223288
32239354
32249952
32280720
32296114
32300556
32301467
32302147
32308251
32310044
32323680
32339088
32350026
32358121
32361359
32369011
32370139
32385543
32389048
32395085
32395866
32400709
32409957
32421236
32432373
32433360
32433942
32452150
32463733
32464642
32482602
32486769
32499847
32508767
32532180
32551340
32558191
32562849
32565402
32568474
32585320
32586893
32589721
32595143
32600378
32601830
32604743
32606377
32611984
32622839
32626803
32650800
32653424
32656412
32660505
32672344
32701701
32702992
32711101
32712740
32713164
32718639
32729955
32742029
32750449
32765162
32766333
32777640
32778502
32782694
32784915
32785816
32786543
32811679
32855388
32857608
32880468
32885245
32893439
32899436
32912020
32922649
32927912
32933747
32939623
32942996
32947165
32958001
32968380
32972321
32973823
32982334
32998151
33000753
33006909
33016549
33016870
33019520
33020777
33027788
33035263
33044902
33045072
33083208
33096874
33108246
33111330
33113330
33119916
33130564
33134669
33140076
33150780
33152242
33167959
33193831
33202802
33206119
33227708
33235720
33261251
33270053
33284717
33292151
33296857
33297728
33308214
33316241
33327822
33339826
33342413
33343470
33346922
33349335
33358642
33360478
33382660
33385673
33403422
33408998
33421766
33425772
33427162
33437573
33441907
33461662
33482096
33488807
33493075
33493325
33496286
33504006
33507714
33512987
33519363
33531551
33555172
33557403
33578569
33579779
33597180
33600814
33601141
33611990
33615414
33618998
33629565
33632522
33638953
33647647
33660067
33661702
33667871
33669787
33672333
33686950
33692506
33695922
33701263
33707021
33711071
33723009
33728945
33733435
33739968
33741770
33753251
33762821
33765735
33766710
33770829
33773356
33785746
33786476
33786544
33800027
33800055
33807190
33813696
33814559
33816983
33819631
33824426
33845285
33849068
33858795
33864798
33872503
33874509
33878253
33887137
33894898
33905886
33935561
33940682
33944601
33956378
33956960
33963233
33966391
33977179
33977756
33998047
34005434
34006838
34021101
34032518
34039805
34049810
34056892
34072545
34075040
34078466
34102999
34107408
34109093
34117975
34118456
34124130
34139919
34140803
34146454
34150349
34155461
34155699
34162716
34169287
34177461
34177464
34188727
34193510
34205262
34206623
34210609
34218362
34223225
34225750
34230764
34234841
34238473
34239375
34241118
34242991
34247751
34251119
34258292
34263477
34265370
34266621
34268877
34311859
34313542
34323339
34324613
34333219
34343678
34359139
34361026
34387324
34398428
34402141
34406979
34423610
34433499
34438230
34443872
34453319
34455015
34471749
34476852
34487323
34500787
34512612
34528022
34529181
34536166
34560420
34561020
34580659
34593616
34618788
34630808
34639675
34660970
34666833
34669210
34671762
34685598
34689128
34697457
34697524
34702520
34705447
34724197
34727911
34731816
34737036
34737327
34744464
34748362
34750644
34751494
34768816
34770697
34786595
34789406
34795785
34805592
34807911
34810375
34811213
34815011
34816147
34817740
34823457
34824569
34826130
34826599
34831206
34831278
34837519
34841039
34850782
34851298
34862129
34863410
34868243
34868616
34874505
34881627
34891320
34901490
34914895
34920964
34932721
34949317
34958088
34961800
34967350
34969430
34971337
34972281
34976651
34985499
34986022
34999441
35013852
35015026
35023549
35032684
35040480
35041641
35051458
35067962
35073198
35085177
35088551
35089943
35090174
35110837
35111733
35135382
35138950
35147408
35152109
35161398
35174779
35175820
35205386
35212216
35216380
35235163
35237314
35244476
35247859
35257357
35270735
35271422
35281775
35304306
35310110
35312966
35318706
35335796
35340527
35354028
35356267
35356827
35365190
35371750
35371791
35375034
35383122
35383679
35390655
35410223
35412804
35417770
35442533
35446347
35452448
35455587
35460189
35466831
35470128
35471655
35486997
35490814
35502485
35517543
35522864
35526130
35531280
35534291
35536530
35544508
35544661
35544773
35548773
35556074
35578472
35581300
35582120
35590884
35611035
35637309
35639604
35655872
35661708
35665640
35671282
35677080
35677610
35683762
35694970
35706320
35711511
35722855
35734476
35737258
35757312
35758530
35766781
35771497
35772368
35776857
35779259
35798311
35799406
35808555
35842417
35842636
35847784
35857640
35875021
35876838
35879817
35891542
35891842
35896379
35900131
35906329
35930004
35937118
35942762
35947187
35950166
35956767
35963884
35973419
35975873
35976829
35976829
35994837
35996797
36001790
36008417
36013843
36022209
36028288
36032320
36046746
36050970
36057466
36066263
36067172
36069084
36069152
36080988
36096818
36099140
36104594
36104668
36107848
36115242
36119981
36120405
36129462
36171350
36173539
36181764
36189134
36197912
36200575
36202057
36208957
36212453
36212763
36217370
36218228
36230370
36243133
36245999
36295846
36305107
36308157
36320076
36330552
36339337
36340255
36344643
36359425
36367256
36370499
36379037
36380753
36381894
36390204
36428594
36452609
36459302
36466435
36489709
36490465
36494451
36501018
36512658
36519472
36520969
36528854
36530738
36530937
36534365
36540695
36554784
36555635
36578710
36595779
36597943
36599458
36604363
36632870
36644442
36676104
36698843
36701303
36715701
36748165
36752203
36753791
36760677
36763723
36765580
36770624
36792940
36803852
36814503
36819449
36829237
36852760
36857299
36871609
36875200
36892583
36896814
36898041
36903002
36907452
36910229
36911407
36915005
36920289
36933325
36945335
36945688
36963868
36985641
36992808
36993215
37004026
37014473
37023059
37031915
37034265
37048492
37052376
37061361
37077665
37080694
37082721
37113500
37117483
37118839
37120476
37121648
37141094
37158156
37162559
37186513
37186630
37189509
37194287
37204294
37220892
37224151
37229064
37231960
37246733
37253497
37260445
37263311
37281390
37287756
37288124
37314102
37314590
37322441
37322483
37351056
37367195
37369612
37387864
37391276
37398323
37399436
37405166
37407866
37410298
37412029
37418778
37419459
37431255
37439889
37451825
37454581
37457070
37459225
37467302
37467861
37469110
37471490
37471698
37474483
37480288
37493114
37499481
37499931
37506061
37523862
37532309
37533180
37536873
37541759
37543136
37545520
37560537
37565546
37591640
37598446
37599149
37606412
37637801
37641901
37651969
37655267
37671491
37680392
37700118
37737535
37739812
37744341
37746668
37750923
37752119
37767022
37771569
37795063
37797814
37803556
37810832
37812139
37814503
37817380
37848226
37871293
37879108
37882553
37888773
37890256
37895760
37898533
37902720
37906387
37934341
37935568
37936396
37945574
37952504
37955555
37964126
37966384
37971055
37972276
37985417
38017893
38018460
38029252
38032229
38035580
38042918
38047630
38051556
38054532
38068674
38069246
38069884
38086454
38089350
38091735
38092245
38102560
38108079
38111323
38120690
38121548
38132773
38138206
38148330
38160030
38165932
38168048
38169203
38177211
38184184
38194864
38210914
38230838
38241713
38259606
38260047
38263756
38275653
38275777
38302641
38304626
38307976
38315655
38331195
38341371
38345677
38360341
38367717
38369823
38373337
38376958
38381829
38393823
38398170
38398351
38424427
38432783
38437778
38446413
38449327
38466149
38473283
38475946
38485899
38487329
38490174
38499666
38500945
38507197
38511565
38516201
38517426
38522383
38533502
38533961
38538370
38547335
38548944
38560382
38575804
38607402
38631106
38635930
38649989
38657646
38682062
38682716
38690941
38703738
38704444
38719908
38727886
38728854
38730990
38738188
38746475
38747126
38754096
38756829
38758578
38764556
38777772
38777941
38783998
38792352
38796415
38799010
38800108
38811350
38831397
38841473
38845438
38846263
38854243
38857114
38858433
38865068
38867109
38870383
38871226
38886806
38894195
38902226
38902714
38920965
38922597
38928863
38936818
38939691
38943507
38971427
38972831
38985047
38985092
39003639
39023005
39024982
39032383
39041215
39062750
39064033
39071779
39085751
39086538
39097488
39100033
39112241
39112825
39117879
39119992
39121715
39127996
39135121
39148270
39161115
39162471
39162815
39163495
39177909
39182978
39191488
39194615
39198821
39207680
39212396
39218155
39218970
39225451
39231243
39235949
39241440
39245857
39268406
39270544
39272891
39293730
39310912
39341447
39344696
39354561
39359170
39359290
39364802
39381731
39413870
39416266
39418814
39423206
39423684
39432265
39436714
39450786
39451911
39454334
39455765
39467410
39471096
39476020
39476722
39484054
39493140
39497752
39498839
39506175
39517672
39518198
39526061
39558952
39573119
39583805
39598657
39628965
39632452
39637051
39650080
39658392
39683097
39684934
39686185
39698868
39701999
39711809
39725006
39727511
39731205
39745536
39753599
39758871
39764576
39766216
39767881
39773901
39785479
39788864
39793697
39794027
39805191
39808281
39816729
39822706
39839056
39839357
39842208
39851296
39870996
39873015
39881555
39892203
39894683
39898025
39904442
39916675
39922342
39924427
39927723
39929649
39929680
39931405
39953656
39957190
39957652
39958329
39970536
39975988
39993286
39996766
39996797
40017755
40017870
40047553
40050939
40061069
40080578
40085789
40101482
40102190
40108067
40120416
40126780
40129170
40136115
40143148
40157298
40163341
40177182
40182276
40189309
40193183
40193738
40199746
40211722
40221930
40223653
40238428
40255731
40259278
40260727
40265408
40270191
40285629
40285704
40288982
40291591
40293719
40295002
40299696
40323639
40335584
40363853
40394808
40401767
40402682
40408223
40408528
40421257
40421440
40426240
40434052
40441614
40442094
40455218
40456659
40460166
40462341
40466942
40476087
40487466
40500361
40516981
40526412
40558417
40559212
40559853
40569553
40574013
40578179
40579265
40579951
40583631
40585396
40590593
40595784
40601146
40601956
40633012
40637572
40639170
40650156
40652919
40658492
40659476
40662328
40681730
40695958
40706456
40709248
40718003
40718059
40718720
40724662
40726636
40738435
40740145
40741136
40744910
40764753
40770190
40776969
40778254
40785790
40786159
40790214
40795681
40796029
40798559
40803150
40818272
40824919
40829236
40831337
40834959
40854401
40857131
40859716
40860482
40883019
40887617
40905824
40908752
40909869
40912937
40915358
40923690
40924654
40931467
40934527
40936712
40937985
40940377
40955096
40967257
40967492
40968143
40970826
40972572
40974585
40987613
40992566
40999805
41000796
41012114
41012867
41020787
41026003
41041129
41048729
41050221
41065354
41093538
41102841
41113748
41116728
41118935
41119442
41122668
41129652
41132751
41133608
41133625
41139098
41146612
41151077
41167819
41169936
41174461
41174751
41192822
41193447
41203393
41204323
41207596
41215567
41223839
41226072
41245088
41247511
41258357
41266067
41268253
41272890
41276531
41288480
41306691
41314223
41317424
41325723
41331803
41336538
41360870
41360902
41366667
41373245
41380175
41384937
41389321
41394402
41405119
41431744
41450173
41454214
41457102
41458802
41476426
41479707
41487462
41491899
41496677
41506893
41518714
41525609
41528901
41531438
41539174
41546043
41553010
41554971
41568276
41576976
41593940
41598569
41601613
41603310
41603336
41605093
41605927
41617437
41617659
41621724
41624899
41632291
41635964
41646443
41658633
41659912
41670648
41685586
41693056
41693899
41696754
41708999
41715160
41717382
41733599
41739826
41748336
41755291
41756989
41757339
41759626
41763294
41766915
41769648
41777685
41778900
41798187
41801261
41801344
41801606
41804070
41809222
41813224
41815828
41818757
41821250
41829498
41832757
41838164
41847069
41860899
41883440
41885339
41899838
41903848
41908833
41917695
41935780
41943017
41949529
41968913
41974113
41974177
41977600
41980431
41981860
41985340
42004981
42012674
42034220
42047215
42050400
42060848
42065373
42069545
42095611
42096998
42103688
42109493
42118615
42124494
42127328
42131290
42134140
42139051
42156176
42163993
42165508
42167593
42174572
42175749
42191806
42197769
42198764
42201470
42207797
42215178
42230410
42233412
42238414
42240963
42242985
42245611
42263142
42273865
42288156
42288397
42293889
42300873
42301973
42306180
42308664
42314376
42319389
42319460
42332278
42360252
42376958
42387519
42388418
42391372
42396285
42399805
42401688
42408321
42418304
42423583
42427704
42435080
42439384
42451881
42479325
42482042
42506501
42507212
42507790
42519111
42531670
42536105
42538816
42545205
42548067
42551077
42551169
42559476
42565620
42569100
42583005
42584677
42588835
42589587
42600695
42603549
42604268
42612882
42620529
42635586
42638139
42640575
42650813
42655027
42662263
42663988
42682123
42686403
42690417
42690641
42691909
42698116
42707350
42710361
42710724
42712448
42714065
42720974
42724798
42748089
42759914
42768399
42783071
42783945
42785395
42793442
42801497
42815831
42826151
42828002
42833745
42834745
42835483
42841679
42848926
42851289
42856494
42860114
42860166
42863246
42869891
42880993
42908785
42910669
42914703
42933174
42934788
42936074
42939403
42939554
42942080
42951108
42953646
42958306
42975729
42990571
42993396
43028954
43035605
43036631
43038296
43040497
43043810
43044218
43044564
43045787
43051541
43058138
43058615
43062184
43064090
43075428
43078144
43078320
43100116
43114864
43117786
43126121
43128691
43149746
43153169
43158641
43169571
43174059
43177853
43178405
43183201
43194287
43197594
43201078
43204622
43207690
43222753
43223287
43231722
43232166
43232336
43232982
43236909
43240674
43245598
43251328
43258848
43261571
43275239
43279914
43302361
43304952
43306070
43313307
43335738
43343525
43366719
43381487
43391750
43396630
43399126
43399560
43409062
43421630
43426319
43434753
43435610
43440028
43447997
43454850
43467866
43482965
43488240
43490804
43496163
43497848
43510446
43511725
43523360
43524331
43554501
43556062
43557084
43557282
43562120
43564177
43569358
43573876
43577093
43577112
43582279
43584187
43585427
43590008
43592768
43597233
43605362
43606263
43608126
43612841
43624657
43629150
43631837
43633085
43644305
43646210
43649038
43658796
43666093
43671275
43672923
43675418
43676744
43685127
43691738
43714068
43737255
43742503
43743796
43747808
43755828
43765851
43775477
43792344
43803606
43808218
43811879
43814611
43815645
43816766
43832186
43834897
43835842
43836628
43853278
43862997
43866105
43884333
43893132
43893218
43902236
43903334
43906159
43910689
43917576
43918503
43918782
43921036
43921397
43932097
43936068
43936408
43937802
43944317
43949956
43965161
43968217
43968368
43971704
43986357
43995440
43997890
44024252
44064695
44082005
44094195
44098065
44108746
44114957
44115019
44124024
44127372
44129797
44152614
44172698
44177095
44183032
44183480
44183945
44184600
44223816
44224071
44249598
44252434
44265547
44279631
44284604
44289577
44291865
44293240
44299041
44306880
44311599
44317819
44320880
44339082
44339843
44343103
44364203
44368346
44372868
44392081
44393407
44411289
44413741
44437666
44445033
44445557
44461026
44462663
44464926
44481271
44498452
44508888
44515183
44515980
44535232
44538027
44542613
44544847
44559299
44559320
44565050
44577687
44580716
44583217
44585570
44609097
44617297
44628673
44641545
44658764
44668344
44670624
44676724
44677497
44679628
44704122
44705677
44706201
44712794
44725770
44726338
44740070
44760087
44777565
44781691
44782930
44783316
44787925
44789598
44790281
44792185
44798450
44811163
44827136
44839961
44850164
44857303
44858842
44870552
44875414
44890452
44892854
44899872
44902469
44910316
44912030
44920367
44920740
44928389
44933289
44938444
44941924
44945146
44946198
44946787
44949139
44953298
44962350
44970509
44993515
45003895
45007051
45026753
45027189
45035850
45041275
45049425
45052503
45052740
45053857
45055054
45059915
45063548
45069460
45073803
45078178
45101110
45119844
45132057
45132520
45134841
45143327
45143489
45143725
45155070
45155754
45157886
45165864
45173890
45181383
45182220
45184511
45185206
45194524
45198574
45198991
45207811
45223369
45237982
45268225
45271143
45305064
45305121
45312386
45313237
45315373
45317623
45318596
45334472
45340704
45341012
45354665
45374241
45374575
45374802
45377770
45407407
45409412
45444311
45475492
45478252
45480491
45494593
45500759
45502495
45505237
45513721
45516618
45517335
45521391
45524527
45526322
45526913
45530513
45531563
45531977
45549695
45550287
45552162
45559058
45559596
45561346
45564728
45575549
45585034
45593775
45610031
45616731
45620177
45625249
45629213
45631865
45632730
45642302
45658586
45659383
45668787
45668975
45676594
45697372
45703294
45716053
45727994
45741726
45742629
45760111
45762990
45765360
45768670
45782655
45783119
45789451
45794389
45797811
45807428
45815716
45820235
45823089
45848861
45851704
45853206
45857410
45866541
45867817
45870293
45870747
45879940
45888205
45895073
45900947
45901604
45918341
45923715
45950142
45968950
45981668
45993564
45998464
46008669
46014947
46021215
46028548
46029616
46030118
46044386
46044989
46047477
46047791
46067722
46085262
46087426
46088277
46096282
46098487
46102750
46120130
46120704
46122768
46125513
46132732
46147424
46158126
46159428
46161812
46161937
46173795
46205273
46214451
46229197
46230520
46232517
46246278
46250497
46257736
46275765
46292299
46304589
46304747
46309924
46323094
46323984
46331992
46357369
46362824
46376186
46376598
46377409
46379616
46383421
46386651
46395626
46402048
46402187
46408795
46418527
46423606
46426902
46435934
46448173
46455646
46455754
46459946
46463398
46476727
46484407
46503424
46503498
46506314
46507470
46508987
46561065
46561814
46563071
46563253
46563965
46578909
46594710
46615006
46615367
46621342
46649137
46651032
46658477
46661158
46664081
46668189
46673514
46673585
46685492
46687708
46699847
46706051
46707927
46754619
46757628
46764525
46766272
46767394
46767899
46768208
46770601
46783229
46792458
46805720
46820290
46830629
46833684
46849145
46854525
46861722
46863096
46864063
46875252
46876508
46893681
46897660
46910145
46924341
46928438
46931637
46934503
46935037
46936635
46938002
46940174
46941901
46951217
46995367
47001851
47002618
47004005
47027036
47027870
47031160
47057969
47063990
47067350
47094853
47105321
47105949
47106930
47111415
47126389
47133604
47135806
47137802
47143186
47147028
47151442
47153260
47159323
47159784
47169356
47175463
47191638
47202777
47203836
47205177
47220662
47221147
47227931
47231247
47238574
47240742
47241100
47259057
47267145
47277443
47282289
47286529
47297438
47305889
47311037
47319461
47325999
47344623
47354542
47368315
47370052
47372460
47383633
47388118
47389767
47393522
47394100
47414809
47417110
47417413
47424144
47431000
47442411
47467192
47473395
47477830
47480671
47483840
47489274
47498530
47501100
47505781
47506255
47508690
47509948
47515247
47526940
47544094
47547081
47556539
47557229
47564534
47566828
47589183
47595165
47599883
47601960
47615275
47618346
47624219
47630620
47636965
47640821
47641564
47650124
47651513
47655617
47663806
47666180
47668399
47674552
47675020
47681680
47686254
47689410
47693069
47695429
47696928
47697653
47713720
47721330
47724117
47728061
47731609
47736205
47740929
47747573
47750940
47753671
47755162
47758699
47768322
47770322
47771816
47771819
47774220
47782111
47786984
47793238
47793263
47808593
47824870
47828740
47836428
47856442
47858670
47864277
47866793
47879751
47882152
47885783
47894509
47900439
47908869
47932531
47935265
47946914
47955003
47956377
47959654
47959674
47961457
47963496
47971196
47979524
47985847
47993350
48000351
48014474
48036153
48043552
48044616
48047799
48050910
48064841
48114632
48118224
48132842
48153101
48158387
48163050
48163850
48173780
48177737
48182819
48182869
48185441
48189446
48202335
48220703
48228819
48230517
48233168
48234289
48243602
48254946
48255586
48263904
48268400
48281998
48294261
48299430
48302163
48318578
48319070
48323299
48337971
48338051
48338651
48340870
48383796
48391357
48397609
48421387
48437147
48438750
48470833
48481676
48482910
48485064
48491644
48495081
48540673
48548959
48574093
48578747
48586637
48619712
48620738
48624992
48627101
48629480
48640218
48643215
48647920
48649305
48663078
48688331
48724653
48734479
48748898
48751200
48754297
48776310
48779701
48786581
48798831
48804087
48805302
48806319
48810625
48811314
48821361
48821996
48830568
48835506
48835608
48836575
48837374
48839779
48841129
48863476
48868223
48871680
48872080
48893405
48898393
48900452
48901518
48907202
48910210
48918236
48923699
48927154
48927746
48940660
48941214
48957545
48958968
48963459
48967065
48972626
48978541
48979552
48996700
49003814
49008705
49011195
49017558
49019671
49034119
49044588
49070488
49071820
49073539
49081266
49081392
49081757
49084773
49107344
49107752
49111547
49128622
49130039
49131764
49134971
49136235
49137054
49147214
49147869
49148034
49154214
49160514
49191040
49209999
49221160
49233556
49238161
49238693
49254367
49256838
49260742
49272938
49278508
49286943
49294058
49299620
49312376
49313465
49333534
49334332
49357252
49358751
49360396
49369763
49370254
49371768
49373400
49387389
49392438
49404250
49407293
49410140
49415140
49434549
49441178
49450806
49458425
49471271
49484810
49491183
49520022
49523547
49524109
49524132
49524364
49529873
49534879
49542071
49547649
49556814
49560404
49560976
49561609
49569155
49576131
49579377
49595193
49612026
49612173
49619552
49624785
49629197
49629490
49631262
49633155
49646489
49657855
49663265
49664346
49668455
49676832
49678134
49690973
49692270
49695827
49698864
49708678
49721240
49725204
49735499
49747323
49758067
49763722
49768649
49772963
49785816
49786665
49791018
49797124
49806534
49814673
49849192
49867493
49871819
49877455
49878330
49888768
49916083
49923629
49934145
49934170
49946412
49949628
49960023
49974105
50009551
50009953
50025056
50025783
50026624
50027465
50029408
50039660
50043436
50047502
50053314
50054066
50056282
50067651
50078542
50081684
50092826
50096801
50102502
50121515
50123210
50138175
50144348
50149817
50161885
50168751
50173672
50179661
50206476
50213525
50214112
50223794
50233126
50233637
50235520
50252234
50255497
50260545
50273934
50275937
50288942
50292262
50304478
50304594
50306710
50309922
50323127
50335502
50350731
50363876
50371293
50375083
50378700
50392366
50396846
50403224
50415535
50425667
50426425
50436007
50441149
50452225
50457115
50478919
50481292
50481631
50489988
50503256
50504931
50505297
50507817
50509655
50513956
50514092
50545104
50545373
50569231
50589034
50589061
50594098
50605958
50636438
50639830
50645444
50650407
50655748
50665754
50667010
50673192
50678280
50681162
50682507
50693500
50699082
50701626
50702664
50719420
50721007
50736350
50736408
50741367
50754603
50754782
50778066
50783901
50790589
50798029
50798484
50800214
50809092
50816598
50820880
50840344
50841895
50844214
50845983
50848624
50855566
50857136
50865626
50869182
50879523
50881981
50889771
50896659
50905667
50908056
50919875
50941024
50942516
50958005
50962689
50966616
50967141
50970505
50974992
50978984
50981755
50983497
50988585
50992723
50994414
51012674
51014794
51022019
51041794
51046069
51047618
51051350
51051581
51069168
51073424
51079342
51083246
51087968
51108356
51119296
51119470
51139661
51154643
51160048
51161336
51169014
51170102
51171776
51195595
51200542
51215026
51215694
51220762
51223918
51245318
51248128
51251530
51255104
51261720
51272933
51277281
51282566
51282637
51286201
51288063
51288510
51296917
51310608
51311021
51321812
51325420
51330969
51334125
51348859
51350244
51351737
51352604
51357398
51364246
51369210
51376469
51390408
51403877
51412206
51431973
51434357
51445759
51460483
51464259
51469267
51470557
51476358
51479634
51480026
51480255
51487807
51494648
51499491
51507352
51510010
51534550
51537231
51542136
51548962
51558252
51558807
51566950
51568412
51570164
51571174
51588735
51594036
51597935
51602250
51603971
51606097
51609105
51614684
51620271
51620667
51643219
51644082
51644635
51645274
51649566
51658748
51670419
51696483
51706826
51730333
51743177
51744578
51749830
51749946
51763064
51763674
51765594
51782704
51797371
51798251
51805761
51817182
51839409
51841385
51841505
51868038
51879924
51896778
51898150
51912252
51921510
51931973
51933210
51948011
51959313
51962465
51967068
51969467
51984669
51984777
51985462
51988608
51991151
52029785
52031684
52036465
52043392
52047523
52050983
52064338
52069309
52070737
52072636
52095399
52098816
52103248
52106708
52112635
52116284
52119965
52165012
52167351
52177824
52188753
52189324
52202527
52225085
52239176
52239673
52244812
52248482
52254027
52274924
52278700
52279108
52281749
52287178
52287480
52290675
52299066
52302914
52303510
52333314
52361859
52381147
52386905
52388269
52389588
52399777
52401137
52413458
52437889
52441071
52463694
52471973
52501739
52521711
52529884
52537720
52546935
52551875
52559190
52572419
52574700
52579535
52580287
52581713
52582512
52605822
52614404
52618731
52639771
52654266
52656092
52700766
52715245
52716739
52724435
52725394
52727200
52729139
52738723
52748245
52748524
52774287
52778890
52780276
52783189
52787402
52811979
52823416
52826415
52839944
52840668
52847413
52850476
52877004
52882315
52882508
52889460
52889760
52905016
52907249
52907782
52908031
52910082
52910821
52911011
52914729
52923877
52929172
52929481
52929576
52934790
52938667
52954721
52964429
52964717
52971142
52974413
52980806
52990352
52998096
53011666
53020617
53037201
53039285
53053955
53065723
53075519
53075767
53108787
53112045
53120109
53125087
53137715
53138009
53155176
53157425
53161885
53167069
53181557
53182445
53187711
53197448
53199092
53200761
53201699
53232520
53233210
53233981
53236018
53248012
53251768
53254157
53260896
53268918
53274617
53275735
53277459
53277647
53277929
53296175
53301978
53315688
53315867
53318307
53320561
53326496
53337981
53362380
53368716
53369464
53369782
53374192
53379955
53387061
53400109
53436896
53439116
53439232
53443904
53444940
53449801
53452559
53462982
53472853
53476437
53477340
53482996
53485165
53489651
53501057
53505632
53515975
53537619
53550937
53567141
53568212
53590220
53595000
53607855
53620958
53621250
53625019
53626447
53637235
53655448
53660784
53662280
53663549
53664651
53667336
53676019
53694034
53699916
53700852
53719993
53721508
53729744
53733845
53734018
53751758
53752171
53760630
53768990
53770420
53777911
53782506
53783468
53793024
53800857
53806783
53817319
53819445
53819746
53832455
53840577
53854459
53857881
53868871
53883594
53886676
53896241
53908772
53915234
53931547
53964940
53968375
53978744
54001642
54001661
54006839
54007185
54016978
54026650
54045310
54045560
54054021
54057152
54061564
54066058
54072805
54076594
54079754
54086850
54097109
54097300
54100885
54108349
54111062
54121059
54126211
54132611
54156869
54160171
54174219
54178475
54191939
54199092
54199553
54207131
54221509
54225820
54226235
54232843
54259762
54261288
54273141
54291695
54293258
54298698
54302020
54303824
54319005
54320402
54327079
54346232
54350141
54359560
54360415
54371187
54379960
54408739
54409253
54423643
54436816
54442903
54455004
54457803
54460208
54492850
54494344
54524638
54526030
54526153
54526726
54530540
54530633
54535183
54541298
54543496
54548030
54561126
54579835
54596729
54597044
54600186
54606315
54613808
54616389
54636374
54636656
54638796
54643092
54647660
54681121
54685095
54693247
54705904
54712736
54749542
54750741
54765974
54772576
54773153
54781311
54788778
54796663
54798161
54798269
54802248
54802706
54809692
54814234
54826381
54834831
54845992
54853324
54858369
54865046
54878668
54913107
54924383
54934822
54950340
54958469
54970252
54974155
54987183
54989479
54992802
54999548
55000437
55016044
55021802
55029841
55051991
55052084
55063719
55070495
55074927
55082013
55090744
55093073
55112025
55112234
55113208
55113944
55121441
55126052
55126650
55155467
55156858
55172909
55175924
55176113
55178503
55195118
55201714
55211719
55213146
55227800
55230743
55245743
55246061
55284556
55285488
55303777
55303882
55309377
55313397
55315504
55322764
55326481
55333035
55342212
55343332
55356920
55358501
55362271
55366497
55373601
55379291
55382338
55383163
55391746
55395457
55412893
55418975
55420188
55424059
55439712
55446052
55446591
55450649
55455955
55457835
55459920
55463866
55464698
55470040
55475167
55480361
55481978
55484517
55491947
55503124
55509671
55514062
55514801
55517681
55523346
55523793
55544294
55559649
55579473
55582320
55593428
55606132
55607958
55612287
55623843
55624613
55626514
55632394
55668504
55670818
55691203
55697492
55697951
55708399
55721409
55723702
55734466
55737239
55752879
55753692
55757518
55766236
55778664
55790849
55806041
55824256
55828631
55840201
55854868
55856175
55864103
55865382
55866888
55872228
55888289
55903551
55912737
55920555
55925510
55927691
55944683
55948984
55957977
55966818
55973430
55975453
55976496
55986205
56022979
56035035
56042296
56055822
56057306
56074651
56084041
56085789
56101962
56112439
56113395
56115381
56146436
56157214
56159653
56164119
56173426
56175059
56187417
56208065
56211475
56216659
56225252
56228728
56231701
56233194
56243665
56251025
56265153
56270379
56289799
56294200
56296205
56297057
56300193
56317390
56324004
56328960
56344010
56344207
56345746
56347187
56353615
56396751
56400693
56400715
56404487
56412062
56412167
56417145
56421058
56436245
56436560
56437670
56472271
56473501
56474886
56497470
56501691
56540304
56541932
56566347
56571715
56574377
56575306
56586057
56586800
56586874
56590773
56613878
56617644
56620590
56622612
56623062
56627570
56644883
56649603
56662184
56665155
56681093
56719733
56719868
56739199
56742209
56747879
56748256
56755305
56759222
56779106
56782711
56784171
56787053
56790692
56804065
56805442
56818463
56830956
56836498
56854902
56855770
56864172
56865779
56868345
56869084
56871315
56898533
56904160
56914975
56921161
56924557
56928458
56931831
56941117
56943867
56967343
56969561
56971318
56981075
56983028
56986142
56987036
56990681
56992205
57004200
57009521
57023721
57025246
57036826
57055678
57060072
57065560
57081754
57089213
57091279
57091360
57102255
57128132
57128806
57128964
57131440
57136665
57158657
57159284
57160124
57176408
57184189
57214610
57219172
57222346
57229945
57235104
57236892
57255422
57262951
57263264
57272530
57287874
57289532
57290304
57300045
57302473
57305655
57309440
57309653
57318074
57341346
57361757
57365339
57381545
57387214
57394002
57415671
57415749
57416021
57432010
57434200
57438436
57441693
57448691
57461090
57464186
57472131
57472677
57492061
57510681
57512695
57514332
57531144
57544550
57544651
57547622
57566218
57575530
57585322
57591899
57598433
57600767
57606038
57608665
57608997
57609696
57618362
57632952
57634015
57634105
57635640
57641366
57644525
57646084
57655773
57656171
57660150
57660265
57663852
57665310
57673413
57674561
57675205
57701145
57705182
57710336
57710881
57714439
57732846
57752134
57758214
57774102
57813179
57818640
57820850
57835991
57843914
57853328
57867438
57873898
57876725
57877463
57888875
57891315
57895372
57899522
57902328
57903571
57918107
57921665
57932968
57956885
57974737
57977139
58004329
58011465
58021920
58026387
58028121
58038449
58043502
58044692
58053984
58056494
58062299
58066520
58067059
58067754
58086252
58086271
58086435
58097449
58104081
58105644
58107093
58111202
58118768
58127730
58152829
58157319
58170182
58174318
58181256
58184123
58185508
58187277
58190984
58197184
58202622
58219105
58219254
58230097
58243231
58248031
58255449
58256488
58268334
58296770
58300628
58301107
58305310
58306360
58311519
58322868
58334915
58343853
58344057
58350305
58364963
58367239
58374634
58390862
58406807
58419647
58434323
58436728
58454431
58459029
58459041
58461946
58466754
58474434
58480281
58493636
58496418
58498834
58510771
58521221
58522045
58525357
58525555
58528949
58529792
58531986
58536204
58541764
58542752
58543408
58563760
58582705
58590601
58603364
58607189
58611842
58615282
58665535
58689918
58691884
58692504
58697863
58702782
58709866
58719628
58740994
58743705
58755180
58765236
58765511
58765780
58766270
58772064
58783881
58798418
58809099
58810834
58819987
58820889
58823223
58835092
58839265
58851565
58851999
58856894
58861526
58870380
58875765
58881660
58917295
58921411
58922169
58940720
58941599
58945815
58950557
58951995
58955606
58960004
58960016
58979992
58980229
58981091
58981338
58992638
58997450
59008727
59017332
59018894
59018930
59024292
59037106
59045991
59056401
59061577
59073336
59075754
59076717
59091423
59092854
59096944
59100894
59107042
59118033
59135882
59150696
59151831
59154434
59158605
59163460
59174968
59176473
59183013
59211290
59215812
59220344
59227101
59228593
59232550
59234761
59243100
59253331
59260075
59292181
59321666
59331367
59332681
59335251
59338839
59345840
59347987
59360011
59365208
59373082
59381580
59386435
59394377
59410212
59414662
59426940
59428991
59434860
59450084
59470281
59483810
59496287
59498128
59518247
59529313
59529917
59531282
59531666
59533059
59535399
59542911
59550394
59555464
59564586
59574609
59574866
59575521
59579918
59583825
59598600
59605456
59607419
59612939
59613747
59614270
59615472
59617161
59622084
59652165
59655052
59673473
59676398
59694878
59702781
59704224
59704367
59711171
59726602
59728026
59728938
59753637
59758698
59760235
59761806
59772606
59789278
59813807
59825490
59841534
59842525
59843865
59844929
59860537
59862551
59863479
59899101
59899382
59916921
59923041
59929832
59930045
59935530
59937146
59946025
59948325
59955753
59969907
59971167
59976026
59976147
60009679
60021571
60026998
60041634
60051076
60056232
60061812
60062720
60074386
60075548
60077080
60083575
60091456
60092429
60125590
60137938
60140949
60143378
60157851
60161307
60166485
60173002
60183343
60183801
60189135
60195781
60195785
60197614
60203314
60209571
60211700
60220914
60222755
60231750
60236701
60242452
60243387
60243634
60246241
60267805
60268247
60275126
60292587
60304751
60307160
60321142
60323973
60324665
60325805
60329012
60330959
60343376
60349487
60355917
60364252
60373486
60383537
60387299
60409422
60413909
60425822
60430973
60434293
60435313
60443791
60451772
60455740
60461687
60484017
60501438
60504288
60505099
60507766
60511800
60517060
60525758
60525911
60527624
60535796
60537037
60541839
60543672
60562887
60564043
60564175
60566877
60570733
60584245
60624208
60626273
60632277
60635545
60645637
60651007
60656615
60665643
60667712
60676682
60682128
60683188
60690948
60696010
60722566
60725217
60731866
60740656
60749726
60765013
60772265
60775538
60778712
60779828
60797526
60806341
60827017
60839539
60849145
60854062
60886265
60894375
60900972
60909656
60917616
60928114
60944998
60949016
60950763
60959314
60974285
61005760
61051847
61066717
61082344
61086676
61086701
61089359
61097129
61101284
61105704
61110888
61111430
61120668
61125222
61137937
61140831
61142725
61145938
61147981
61161381
61165954
61167336
61168461
61188487
61191407
61194556
61195080
61197497
61215287
61216847
61239516
61242682
61243137
61251963
61257690
61262825
61264520
61273617
61276908
61279881
61283046
61293192
61296530
61297396
61304588
61324584
61327632
61330271
61340229
61351810
61352950
61398625
61401945
61420846
61429748
61440530
61461037
61477485
61478174
61496242
61544142
61563066
61579586
61605384
61607374
61618293
61623512
61631974
61633208
61643333
61643682
61652881
61665192
61678586
61683922
61685578
61685705
61685744
61691883
61706493
61710282
61712764
61713772
61726403
61739402
61742582
61752587
61765521
61765986
61769014
61771905
61794464
61797612
61798818
61807490
61821495
61823777
61825039
61826470
61832145
61835532
61835594
61849481
61856861
61862051
61864142
61904330
61913573
61917446
61928010
61930676
61944328
61955646
61981402
61985485
61985698
61991432
61991817
61994736
62013640
62015784
62023144
62033532
62043703
62049105
62057661
62060563
62070590
62071698
62074458
62077418
62093950
62097908
62106931
62113526
62122006
62134003
62136828
62141773
62149184
62149388
62158875
62160029
62160356
62165287
62173776
62176149
62180873
62187268
62194764
62195024
62195051
62195348
62199200
62212830
62213243
62219047
62231546
62239786
62242966
62251448
62256875
62260065
62265417
62266848
62272923
62280447
62281071
62293891
62301123
62307612
62318085
62323035
62335324
62349084
62360581
62381617
62383140
62392078
62394310
62398701
62399790
62413342
62425496
62440306
62459098
62466737
62471441
62482706
62488371
62490999
62494025
62498985
62501716
62502084
62502348
62522504
62538053
62541420
62542146
62545639
62548886
62554873
62555141
62562808
62578835
62581207
62582392
62597666
62603357
62612383
62614221
62626976
62629764
62634303
62638379
62642590
62644312
62653143
62659534
62672432
62676344
62682014
62713629
62720586
62724608
62729515
62735889
62745501
62749365
62752921
62762612
62806809
62819314
62821488
62829478
62833245
62835266
62843632
62853355
62853961
62864357
62868151
62882080
62885468
62894375
62896925
62901483
62901669
62902377
62911422
62916313
62928716
62937084
62953703
62955983
62957963
62967305
62973519
62976426
62986585
62989310
62990450
63016106
63017592
63019722
63024328
63026479
63027201
63027767
63031618
63036798
63038230
63047594
63093648
63103645
63113016
63126638
63133670
63140381
63148619
63149252
63158780
63164602
63173547
63179018
63190212
63204729
63208479
63213326
63228546
63229962
63235618
63237002
63240320
63247790
63250593
63263010
63270823
63272363
63278286
63281297
63286314
63301427
63307019
63315207
63331540
63332815
63337635
63341753
63363313
63371784
63373240
63377902
63386519
63395589
63399729
63404025
63406943
63409514
63419377
63438433
63462047
63462055
63463233
63474403
63474524
63483601
63490764
63490880
63498836
63509152
63510740
63535521
63535608
63537257
63555103
63567762
63568639
63569308
63576247
63601344
63606796
63609888
63627720
63642703
63644042
63644064
63660720
63660789
63665424
63669373
63669605
63678782
63689775
63705958
63706034
63706945
63709802
63717360
63720651
63723323
63740861
63741419
63746008
63748191
63749220
63761397
63772963
63780739
63792471
63801551
63803524
63827367
63829510
63836322
63836644
63842992
63843872
63858372
63871048
63874109
63878168
63896170
63898379
63905014
63911687
63916415
63935478
63937067
63952052
63955669
63964438
63969858
63970091
63976292
63992648
64002936
64008500
64008883
64017461
64020361
64022304
64025234
64030235
64035806
64045851
64055047
64064093
64064714
64066264
64068145
64085576
64087564
64088467
64089485
64125869
64134481
64134846
64136264
64138390
64140173
64140243
64152468
64159975
64161291
64173344
64180303
64180499
64181920
64188608
64198077
64200987
64203989
64205180
64209111
64232902
64234699
64235862
64244485
64245699
64248047
64252025
64255486
64268309
64277898
64289081
64289319
64290366
64290731
64304360
64311087
64313667
64314741
64322957
64339754
64340840
64345361
64352819
64381911
64385482
64389448
64398560
64399986
64416701
64416925
64433127
64445978
64454678
64465386
64468263
64471729
64481397
64482414
64483759
64498355
64504098
64505540
64507704
64509463
64516487
64521424
64527214
64533622
64537726
64550365
64551371
64553752
64559977
64581232
64590195
64591552
64601926
64607599
64611507
64613798
64628299
64629323
64636475
64639067
64648679
64671108
64680901
64681207
64690277
64697593
64707132
64711116
64734985
64737204
64745086
64769658
64785766
64793154
64800732
64810106
64814356
64822638
64824872
64825275
64836690
64857672
64863244
64875667
64887749
64894920
64899436
64917166
64919771
64921130
64930462
64938455
64943932
64955663
64959677
64960738
64961146
64968155
64968434
64982324
64993379
64997676
64999262
65007017
65007516
65015983
65017665
65020044
65024718
65032994
65039579
65039922
65040378
65042383
65048919
65081488
65088259
65120637
65121593
65124575
65131026
65136170
65162745
65175175
65177639
65193909
65195577
65200535
65208328
65216484
65224727
65230093
65232529
65258029
65265997
65267838
65274967
65275284
65278478
65278978
65285045
65294378
65295378
65302540
65309725
65319399
65325960
65329072
65330490
65334495
65336357
65357432
65363965
65370866
65419293
65423385
65451652
65456818
65463406
65471777
65491434
65508537
65510249
65516741
65527745
65541169
65560592
65571152
65572269
65605522
65608214
65611838
65616235
65631692
65638937
65648109
65653338
65671098
65671487
65675938
65680981
65697785
65709531
65709665
65709712
65710674
65713357
65714623
65729930
65732026
65736616
65741316
65753067
65754042
65754980
65755328
65761217
65763469
65763673
65767329
65771607
65773276
65786806
65795027
65796143
65798852
65807585
65829398
65833761
65840053
65853982
65858664
65859881
65879702
65882255
65882264
65882642
65884020
65895896
65902608
65906994
65908143
65908836
65915982
65916845
65918543
65918899
65919451
65935202
65938222
65947129
65966771
65967652
65970913
65984084
65987220
66022217
66067813
66072130
66086995
66090997
66103350
66108270
66108590
66109493
66115510
66117435
66139501
66140784
66148666
66159317
66179012
66180701
66183108
66185904
66191019
66193445
66201244
66214377
66219751
66225813
66233069
66237554
66237636
66240367
66240656
66247356
66247545
66250900
66262926
66270535
66279058
66294176
66316932
66317125
66320884
66324046
66333244
66340318
66353132
66354306
66362584
66364744
66393266
66414912
66415993
66418823
66420709
66421072
66427287
66428898
66433929
66450609
66460313
66468342
66485659
66500734
66503226
66519108
66520819
66531257
66542487
66572408
66577095
66579677
66587354
66597142
66601429
66620504
66629485
66631841
66639506
66639888
66649170
66653003
66656560
66666092
66672256
66686069
66694047
66725528
66732588
66741549
66748436
66751027
66756234
66756471
66765136
66768573
66772475
66788809
66811597
66816095
66818691
66819667
66835474
66837259
66841099
66849027
66860657
66878043
66901599
66903386
66908800
66928387
66963715
66974763
66975908
66999870
67005279
67029626
67034051
67035741
67035767
67036016
67036376
67069461
67078097
67078490
67086390
67096720
67100237
67131234
67136326
67144257
67155490
67171352
67171577
67179153
67193006
67201825
67202326
67202759
67233174
67235018
67235360
67248469
67252443
67259608
67267491
67283308
67293398
67296051
67296072
67296085
67301380
67305676
67311295
67312021
67317925
67318420
67322761
67330004
67330268
67366958
67372068
67384505
67385077
67459670
67477845
67490701
67492101
67497272
67508194
67508942
67523729
67536298
67544829
67552655
67557207
67562322
67572607
67588964
67593661
67599120
67601373
67602740
67610559
67612395
67617192
67622507
67632131
67638711
67653760
67659945
67665044
67673264
67675996
67685663
67690140
67693274
67697704
67700428
67700778
67718704
67730417
67731153
67742487
67747250
67762684
67767629
67770916
67775123
67775370
67776128
67778401
67780811
67784196
67791798
67793002
67797052
67804173
67809687
67825507
67827709
67834320
67837447
67840640
67864843
67873089
67877734
67878984
67884603
67887706
67898589
67898928
67899613
67907094
67908807
67910601
67916657
67921834
67923977
67942147
67951389
67962108
67972777
67988382
67990012
67998737
68008756
68010978
68020087
68020573
68027180
68051483
68068885
68084507
68093901
68107980
68118881
68120414
68120897
68126722
68129041
68135720
68138855
68142995
68154661
68177826
68179298
68180952
68181419
68190137
68195507
68201141
68205132
68205714
68207946
68211825
68214261
68227815
68232910
68234756
68249881
68263182
68265884
68267697
68269666
68282544
68285169
68291470
68313865
68350171
68362157
68362294
68369671
68372223
68374570
68392295
68398158
68403456
68416097
68427661
68445872
68462194
68469440
68483559
68487807
68491597
68504800
68505183
68507205
68508438
68512760
68515834
68517628
68519305
68529791
68549242
68549705
68561659
68564295
68567856
68608121
68619371
68638235
68639190
68640215
68641667
68653833
68657569
68663033
68672209
68678639
68683897
68688500
68696835
68704255
68710180
68710704
68715950
68719311
68728240
68730371
68731195
68735867
68741817
68752824
68782137
68790003
68791091
68796305
68798471
68811070
68816112
68817520
68822430
68836747
68845586
68851439
68860558
68868827
68870516
68874077
68880397
68885505
68893295
68895407
68916613
68934117
68948448
68966829
68977291
68979896
68984395
68984746
68986133
68987245
68991350
68997846
68999688
69006275
69013881
69023092
69027681
69029191
69050573
69059171
69066633
69068336
69068529
69068938
69069295
69074602
69084287
69090078
69092924
69102573
69104278
69109498
69109669
69116850
69119766
69129508
69137164
69141769
69143678
69146293
69164285
69177880
69182222
69191566
69202237
69215014
69219693
69220836
69221158
69222284
69222347
69228128
69230873
69234015
69237142
69246921
69258171
69269617
69287279
69287608
69287641
69290745
69293927
69307933
69308347
69314920
69333396
69359167
69368529
69370415
69370810
69379006
69391203
69398472
69405613
69411203
69440218
69442018
69446607
69464977
69475716
69493770
69503387
69519505
69531768
69537279
69538296
69538549
69562607
69567316
69577170
69595988
69604592
69608309
69616481
69623966
69632343
69646650
69651015
69652255
69670491
69672488
69680664
69684488
69684765
69712649
69721999
69725680
69734512
69744104
69749942
69763271
69774379
69779865
69793874
69798216
69805742
69805806
69808510
69808812
69829091
69835574
69838782
69849191
69852769
69854696
69864704
69880819
69886627
69888520
69889706
69891613
69895857
69900608
69902744
69910111
69915901
69916061
69919671
69933253
69941976
69947357
69960488
69970811
69991967
70000954
70005186
70012086
70024052
70034346
70041483
70052177
70078476
70086571
70088854
70091250
70107483
70109478
70126677
70127206
70138907
70147635
70153733
70155673
70159035
70164423
70169944
70174937
70181962
70210673
70214850
70218617
70267539
70273352
70276624
70281437
70282242
70305904
70306184
70328473
70338730
70340605
70354372
70357171
70358278
70368409
70370200
70371761
70385495
70385711
70386371
70388062
70388434
70388776
70402381
70406089
70413729
70415706
70415806
70420492
70428544
70442270
70444024
70450564
70458973
70462500
70466949
70467210
70468741
70470321
70471162
70483857
70508252
70508917
70515944
70516811
70517604
70518695
70518860
70519276
70520170
70523649
70526167
70528465
70531680
70537257
70548573
70551331
70555496
70566547
70578992
70582091
70584551
70584766
70585269
70594612
70594937
70622950
70633088
70636591
70647823
70648326
70653657
70654169
70655022
70657171
70670484
70680751
70693899
70697866
70707046
70710744
70736919
70745050
70749844
70751740
70756933
70773129
70791269
70791621
70800483
70811781
70817147
70817804
70833229
70834485
70848927
70862823
70869132
70869268
70870446
70878013
70889293
70901078
70901291
70901453
70904176
70904457
70919184
70927223
70932082
70936044
70947223
70955355
70965558
70975138
70981439
70994976
70995828
71006411
71008160
71013114
71015819
71018902
71020558
71023087
71030579
71032091
71043656
71049958
71052096
71070598
71086053
71094568
71097081
71102100
71104528
71124901
71127608
71132260
71136945
71137831
71155793
71166912
71169707
71172253
71179098
71187078
71192889
71198126
71206770
71207371
71221184
71222250
71224308
71227640
71247073
71257303
71262596
71269386
71272827
71273495
71303201
71342465
71349942
71351604
71367825
71369934
71379703
71379835
71382495
71388716
71394482
71397227
71410654
71425028
71426460
71448583
71461567
71462518
71465520
71466326
71468808
71475230
71477711
71488248
71490141
71492932
71495089
71496828
71498269
71504875
71504914
71517714
71519026
71522451
71538757
71544147
71547952
71558531
71559661
71561598
71564947
71575798
71596716
71596745
71602827
71622001
71629580
71632116
71638852
71688239
71700271
71707692
71708775
71721302
71723419
71723513
71723732
71724735
71731692
71734195
71750231
71758054
71758159
71761129
71766714
71778979
71786457
71789530
71790332
71796677
71812722
71829453
71829693
71853041
71853710
71858285
71860954
71870496
71876679
71882219
71887688
71889821
71905766
71944111
71950890
71957619
71958512
71961070
71962008
71964561
71979372
71990323
71993508
71996483
71998646
72004133
72014521
72020254
72021952
72032220
72035388
72067878
72069600
72090628
72100151
72125782
72126941
72139921
72159936
72164397
72173718
72175499
72189022
72193319
72195265
72207783
72228880
72230528
72238718
72255399
72270482
72274158
72276526
72276610
72278330
72279720
72280463
72285729
72304993
72309606
72328946
72331895
72340471
72343889
72348752
72349956
72369765
72370619
72371062
72396781
72410284
72411055
72434945
72436353
72459537
72475564
72476689
72481617
72487403
72498250
72502160
72513334
72520939
72525401
72541208
72542253
72548452
72548541
72551266
72556586
72561121
72562217
72564455
72575540
72582187
72582793
72606003
72606790
72621503
72626023
72629391
72630492
72633603
72633610
72642249
72649146
72655880
72657978
72657987
72665017
72667961
72674997
72677836
72708649
72710293
72723487
72727968
72739522
72739679
72742433
72746231
72747042
72753264
72754855
72759371
72763892
72767614
72784673
72793389
72821240
72826052
72830718
72831264
72851672
72855567
72867448
72869704
72878632
72898792
72903092
72918023
72921658
72931515
72936322
72957353
72958053
72960283
72963031
72963998
72976629
72976967
72978205
72978305
72988426
72992238
72996174
72998338
73000558
73004710
73006159
73008918
73009938
73016341
73020534
73024193
73047129
73063437
73065532
73077376
73100067
73108131
73112203
73125590
73125675
73126771
73145897
73155809
73157097
73174845
73182319
73191155
73192193
73192719
73199829
73206388
73207909
73237147
73240557
73243160
73246115
73258696
73262271
73268054
73281892
73297358
73312127
73327811
73344072
73347882
73354990
73357303
73357662
73367255
73369074
73370866
73387708
73390990
73404578
73405649
73419727
73437643
73438710
73447140
73449139
73453511
73483758
73484794
73528506
73529840
73531393
73540323
73542377
73559576
73573424
73592766
73604634
73606422
73641243
73653636
73667017
73669599
73691484
73707822
73715147
73733136
73734791
73741503
73744985
73746024
73751352
73751478
73752133
73761039
73764825
73765470
73769690
73777530
73805223
73812677
73837793
73839918
73843624
73889079
73896087
73897955
73905623
73930921
73942332
73968451
73968726
73968820
73973821
73978045
73986781
74005063
74006077
74012208
74036987
74039467
74041144
74044110
74051411
74059316
74074502
74090759
74091789
74095250
74105876
74105993
74121753
74134116
74135709
74135794
74137968
74142445
74143512
74143589
74144190
74153359
74156282
74160265
74161311
74176529
74176938
74183533
74187253
74187620
74209463
74217473
74223940
74231408
74247087
74247787
74258907
74259512
74264606
74274885
74278545
74291564
74293593
74303866
74304033
74310706
74313060
74317316
74336406
74336783
74343793
74351634
74372553
74373353
74380202
74382869
74389701
74389783
74389792
74393984
74396770
74400960
74403143
74406848
74407499
74413496
74420556
74424841
74443200
74443342
74446823
74450580
74454614
74463096
74463523
74469463
74477402
74480987
74482936
74484635
74484787
74494802
74507297
74513331
74538792
74539377
74549817
74557735
74561609
74562211
74565277
74574318
74576364
74603551
74604051
74628231
74635066
74644210
74649303
74650629
74692522
74693755
74711584
74734865
74745228
74752760
74761599
74764088
74790777
74811271
74813910
74817677
74828825
74833181
74847627
74860195
74860990
74864079
74866357
74871791
74909285
74911785
74926914
74931835
74946326
74958951
74959774
74963368
74976140
74990809
74993651
74994425
74996131
