For an array with 1000 items set in descending order, it took 1.57538E-4 seconds to sort the array using the quick sort algorithm.

Below is the array after having been sorted by the algorithm: 
14850
81268
96570
115402
209251
278976
302770
368572
409667
497479
542625
740350
819889
825172
890464
900721
905484
960112
1015191
1135681
1366561
1388441
1582631
1618805
1695611
1726665
1811662
1841532
1852978
1913329
1995035
2065255
2259034
2358952
2409490
2617186
2708588
2830570
2902835
3383766
3407832
3495909
3541503
3565550
3576606
4031554
4096155
4116133
4139858
4195375
4569288
4627694
4639054
4675421
4797330
4986187
5001574
5027111
5031746
5041365
5049774
5265339
5298923
5330094
5449473
5476691
5715989
5721429
5745600
5837644
5883250
5926645
6161139
6168563
6232673
6239037
6307032
6412639
6413525
6418851
6628015
6633459
6703392
6783806
6788146
6960110
6989192
7013394
7095505
7264976
7305209
7467150
7606117
7631341
7634885
7688409
7742448
7967220
7981377
7988520
8000868
8048606
8113376
8124545
8265588
8270030
8288481
8363889
8369205
8549807
8763197
8918701
8922455
8956933
8978710
8989961
9012577
9021416
9022662
9108603
9224516
9274061
9339864
9511047
9542123
9615347
9708298
9714123
9766284
9776048
10074504
10200520
10285596
10360241
10633771
10635526
10690443
10722909
10734949
10759016
10812313
10927980
11126955
11153660
11170708
11259372
11388743
11440487
11493505
11507577
11648169
11648243
11686364
11809677
11907502
11946293
12032299
12067810
12153139
12218371
12343101
12417261
12511998
12593146
12622007
12763006
12804266
12929853
12958265
13214700
13261697
13301438
13703640
13712200
13728010
13759688
13760019
13936653
13936686
14013800
14058749
14059464
14079295
14146679
14165858
14347377
14351260
14366610
14485012
14582273
14604989
14685020
14799598
14859734
15000759
15012627
15066862
15069890
15071241
15098183
15158082
15178698
15261542
15504260
15544189
15548098
15593088
15756180
16137067
16288748
16565611
16568457
16791117
16867730
17036171
17053277
17072128
17078857
17133383
17240901
17300068
17316420
17330172
17510351
17526047
17531836
17573959
17636024
17716098
17894447
17907442
17966733
17972153
17983960
18040599
18085365
18233597
18340781
18341155
18370603
18496226
18554024
18620990
18631327
18730192
18799887
18815394
18973729
19078382
19206565
19232542
19284836
19294869
19324376
19467604
19542591
19591536
19939048
20085674
20107555
20109111
20284608
20289481
20401388
20413334
20447410
20450978
20482982
20505533
20584196
20612764
20888156
20934094
20956259
20970521
20989298
20991372
21002554
21189492
21190462
21206539
21334752
21399621
21478178
21623293
21632917
21647136
21776418
22008775
22035073
22109182
22143688
22212747
22271499
22411787
22446291
22483552
22485110
22492514
22507734
22596653
22606408
22647520
22648020
22655388
22704238
22801977
22816768
22876256
23120793
23185831
23215230
23360046
23383930
23542832
23548923
23571332
23573734
23655105
23736855
23782929
23907467
23981689
23999138
24000731
24042297
24048749
24103981
24201748
24205111
24231306
24241418
24288786
24374055
24512988
24564668
24735485
24859395
24863811
24946892
25033885
25050796
25302362
25493488
25498697
25608369
25632897
25663256
25669905
25820046
26078592
26085165
26101527
26191433
26236062
26245648
26296432
26318995
26366548
26396628
26463772
26479848
26505727
26588600
26618584
26704032
26741342
26789713
26854237
27011469
27057775
27083218
27093626
27200755
27207576
27270381
27476508
27577973
27578730
27625635
27655070
27691198
27709426
27713037
27727940
28012117
28043376
28094730
28108100
28114911
28432020
28614622
28682791
28721125
28735732
28838553
28898620
28903192
28913017
29004642
29033321
29224731
29365850
29390944
29673801
29691501
29713549
29719210
29855173
29956745
29988390
30001261
30018347
30043905
30094729
30123679
30148878
30203015
30215131
30287889
30391859
30469299
30574097
30634077
30634632
30673635
30691661
30732382
30737716
30886187
30914511
31023126
31228967
31268615
31399515
31433784
31530125
31561771
31570967
31652876
31696823
31720951
31787166
31943652
32058101
32254484
32309143
32320597
32338075
32405704
32571222
32594857
32600499
32812636
32890971
32898409
32913331
32916755
32940511
33034480
33040222
33094751
33119108
33137314
33229944
33392830
33418361
33450520
33492975
33548454
33566412
33622365
33815451
33852535
33932371
33974747
34004598
34062301
34135511
34223429
34306015
34473451
34503780
34527533
34671715
35107835
35320061
35401851
35424583
35444621
35690601
35794500
35842028
35874892
35956687
36024495
36059476
36100104
36109235
36115430
36178099
36309023
36343271
36387610
36478944
36504331
36565012
36666315
36879172
37131659
37232179
37448380
37530551
37539557
37626531
37675524
37747170
37756881
37759707
37800364
37877208
37960318
37962072
37996332
38025006
38199067
38309767
38335485
38347341
38361516
38518241
38884927
39123719
39181369
39218709
39351956
39371484
39379395
39551149
39582680
39745879
39832286
40099274
40143081
40147546
40224423
40383780
40411197
40412242
40420909
40607263
40639170
40780901
40812638
40920510
40929077
41052916
41105755
41113160
41145816
41150596
41230533
41399657
41489703
41500203
41653946
41697644
41727336
41744971
41763036
41850201
41966443
41972503
42071564
42131883
42175236
42327987
42453386
42471135
42509877
42527322
42797275
42848119
43098229
43128320
43432728
43510833
43610682
43707638
43856808
43912528
43964681
44134146
44293915
44364560
44375380
44396699
44455218
44525531
44629498
44717538
44723188
44790577
44865554
44887057
45012013
45054995
45164364
45190682
45309010
45468826
45608576
45822075
45954062
45973540
45979028
46078687
46093639
46135775
46241938
46280906
46291152
46318635
46402013
46416864
46429169
46452628
46524363
46529400
46540679
46542479
46615390
46620253
46669192
46703519
46715034
46726225
46828771
46869839
46905620
47185329
47309584
47504223
47570313
47572471
47575101
47613637
47678162
47851965
47890161
48042817
48071585
48128824
48158034
48274822
48344147
48376646
48379379
48383044
48389078
48451735
48487910
48500643
48566999
48608176
48621112
48808681
48877136
49053858
49063691
49085892
49359660
49500701
49548985
49634477
49716615
49734880
49916966
50003217
50194781
50248092
50361397
50476778
50616180
50824818
50840020
50876128
50916862
50922924
50982011
51068924
51120687
51251882
51257374
51316333
51386967
51470586
51490557
51732644
51767354
51960657
52030642
52118242
52139557
52199477
52210176
52423794
52436017
52494406
52590760
52616121
52868756
52876524
53063001
53109104
53176041
53314127
53498539
53520175
53790262
53791343
53800832
53861168
53930935
53984207
54173226
54191863
54251289
54459884
54486892
54620561
54655900
54874658
55041746
55042516
55060120
55084711
55168959
55215538
55339328
55444159
55497297
55518894
55553785
55695702
55819982
55852508
55860493
55941275
56224134
56313736
56459139
56468524
56717379
56725849
56727556
56777248
56934515
56935030
56950583
56965968
56970093
57027912
57033125
57101246
57123959
57218717
57422464
57432618
57497039
57513750
57636264
57641634
57820368
57885795
57910963
58048180
58064024
58075597
58119501
58339139
58484918
58537882
58585755
58640854
58806664
58814364
58828205
58901792
59113116
59151507
59297515
59456325
59586104
59748921
59943829
59959290
60173716
60321620
60441528
60567309
60718755
60740633
60778062
60806444
61156271
61158296
61208590
61256026
61256265
61260144
61517516
61550144
61626194
61705690
61840440
61985495
62008281
62082694
62087090
62119050
62172086
62281497
62491713
62782473
63023366
63170022
63423780
63438181
63441098
63448956
63472533
63518501
63540077
63640076
63674606
63683044
63863681
63928643
63968340
64285615
64285764
64335594
64441574
64453483
64463584
64508719
64678718
64713315
64852797
65103052
65186872
65210866
65248227
65382799
65436198
65513309
65541152
65559717
65608630
65669282
65729806
65739842
65919691
65925432
65957352
66154331
66177727
66186262
66206869
66282548
66299931
66373001
66404216
66506627
66607459
66708212
66750221
66865711
66958722
67062300
67075580
67242036
67271440
67339136
67627072
67661356
67673313
67783690
67810906
67961943
67964050
67970128
68002954
68009561
68080856
68099517
68158491
68195962
68249853
68421741
68452717
68548653
68649229
68661793
68768992
68860140
68882184
68936885
68943155
68987212
68996431
69043519
69059943
69082774
69151700
69193704
69209386
69320018
69344291
69359673
69752008
69784382
69794714
69837425
69921574
69934928
70042023
70105632
70227631
70232193
70267184
70327209
70332499
70427072
70609230
70609480
70771328
70858598
70885200
71009178
71062809
71123078
71157444
71283053
71340110
71404352
71512508
71553070
71714003
71816668
71938246
71972096
71991098
72024086
72200202
72232911
72247260
72459556
72464781
72546725
72655003
72690716
72804985
72881736
72963757
73023117
73051149
73060896
73062618
73069459
73131519
73193222
73354211
73436064
73488102
73645189
73732324
73752612
73771064
73916291
74037686
74058698
74146593
74162245
74190451
74195540
74243783
74256667
74281908
74365648
74412128
74537697
74585141
74613443
74617887
74707334
74908269
74927536
74932124
