For an array with 10000 items set in descending order, it took 0.002064043 seconds to sort the array using the quick sort algorithm.

Below is the array after having been sorted by the algorithm: 
7627
7863
11255
17810
24791
29445
46521
48681
61642
67997
74989
75721
78613
82567
82915
83379
92660
95555
135354
139098
144921
169646
170276
176264
182460
182848
182863
186276
188137
190075
203107
204092
204891
206422
223281
228865
234767
239658
243334
244432
248108
255107
255404
266135
267578
273140
276665
278070
278427
289167
307637
313409
326625
348803
359190
365161
365809
374334
388011
390800
418284
436688
442362
457257
459875
473074
481602
485899
493396
494129
498024
498043
498329
507213
527583
531791
536257
547765
555195
555429
563739
567366
572429
581438
596766
598317
605421
611489
628458
633541
637014
637499
648256
656976
664267
664729
665806
693449
698152
718339
725684
738331
744760
751753
764979
768885
771871
772644
774459
777513
792681
794800
816078
821124
833704
835982
836794
840577
852148
864374
871420
878279
882047
893053
907235
909852
912000
928056
941379
948530
949591
952906
960130
963148
971289
974962
976617
983099
985086
986244
994052
1001746
1007061
1012561
1019548
1027149
1036390
1043045
1046832
1051700
1052242
1067353
1076822
1087434
1106209
1114016
1116735
1119178
1131542
1135135
1136100
1140472
1155153
1159296
1169435
1172859
1176490
1194065
1214288
1215059
1222416
1240090
1240393
1245058
1253208
1265675
1277382
1279359
1283118
1298889
1310799
1317578
1322093
1333208
1350893
1354894
1360708
1393591
1415394
1429273
1430802
1434646
1460896
1468524
1469741
1475171
1477200
1484083
1485259
1488015
1503180
1508197
1513877
1516055
1521935
1525585
1530468
1541302
1554404
1580259
1586119
1586256
1587579
1615544
1638694
1641531
1651865
1667010
1683125
1692964
1717026
1731714
1731715
1735458
1735878
1737837
1738820
1748820
1751799
1753037
1760829
1782223
1790049
1796556
1798040
1821904
1822077
1829427
1838766
1845997
1857607
1862117
1863622
1866624
1870155
1883728
1900874
1909706
1910589
1921040
1921603
1929209
1929753
1940395
1959074
1988726
1995517
1998704
2006022
2006669
2014594
2014956
2031958
2044568
2046164
2047812
2052771
2053492
2057247
2065047
2073407
2079459
2080516
2084158
2088726
2096018
2102601
2103088
2127357
2132776
2149454
2154486
2165838
2175498
2178092
2187722
2196742
2201815
2204640
2212259
2226375
2227055
2239724
2251727
2267635
2278701
2289695
2304144
2304866
2306872
2308178
2331100
2336959
2338255
2339786
2341473
2344150
2357167
2360868
2362469
2374315
2381755
2386137
2397496
2403583
2445795
2451307
2453141
2457084
2466486
2466952
2470749
2477285
2496453
2498097
2499586
2506086
2524261
2524375
2532326
2534655
2537884
2539748
2542995
2543164
2548667
2550301
2550415
2569919
2571397
2576687
2579878
2580614
2591089
2618375
2618385
2620086
2635822
2637908
2638681
2645303
2648019
2658126
2675064
2691469
2696289
2696555
2702076
2717929
2718103
2723730
2724455
2738096
2758429
2783218
2791780
2792102
2792424
2824394
2835698
2837020
2845301
2853981
2892414
2895966
2907256
2910022
2914347
2925359
2926457
2931964
2935531
2946458
2957961
2974940
2978140
2984842
2999629
2999744
3004238
3007999
3018157
3039709
3040143
3047126
3047521
3057659
3071368
3086155
3086669
3087444
3090024
3095851
3098805
3100334
3120490
3133797
3134340
3138179
3139446
3163518
3183818
3212930
3226802
3228377
3229676
3230941
3234493
3237364
3255067
3261025
3272757
3275825
3285642
3299334
3302173
3302403
3334285
3336831
3339567
3340698
3343153
3346827
3347153
3348606
3356088
3357750
3364337
3369460
3371695
3375886
3394221
3396209
3400409
3407408
3407779
3410175
3421479
3425240
3427218
3432290
3433596
3444592
3456131
3457164
3461492
3464307
3465826
3470811
3471240
3482287
3501729
3504878
3519264
3527612
3533638
3536283
3538046
3552448
3557362
3562537
3565319
3565918
3567139
3567499
3569480
3576785
3579591
3590844
3597015
3605026
3626142
3643622
3649699
3661692
3674984
3676699
3680109
3680922
3682014
3690866
3718571
3733681
3741518
3754350
3758052
3764017
3764653
3767413
3767456
3770263
3800383
3808213
3821746
3838232
3842675
3844641
3853380
3861842
3863754
3866462
3887899
3896382
3905217
3934884
3943585
3950602
3954905
3956518
3966861
3968336
3971460
3972319
3973768
4003482
4011428
4017023
4024456
4037918
4053633
4054550
4061330
4068381
4085746
4092718
4120218
4121685
4125526
4129256
4131581
4150858
4151836
4152300
4156165
4164336
4168476
4170607
4172733
4177175
4177902
4179049
4196831
4203467
4221837
4225704
4228541
4233154
4233923
4243698
4243823
4249681
4263080
4267148
4270228
4281047
4281051
4284433
4286800
4296543
4301926
4303345
4307957
4318358
4324919
4326844
4327519
4330686
4343703
4345998
4346435
4353683
4354245
4374100
4374513
4385698
4388713
4392818
4393468
4394601
4398354
4403064
4403908
4405311
4412627
4414062
4417601
4419603
4428821
4436998
4449500
4451939
4455028
4467050
4475428
4481516
4482504
4487986
4503883
4505853
4517493
4518993
4524486
4529207
4535440
4548215
4566359
4575988
4577996
4585015
4588503
4590455
4594466
4624043
4627182
4631287
4635685
4650155
4652311
4653662
4664155
4668020
4674879
4675493
4691153
4694012
4706155
4706800
4715426
4719310
4724288
4744596
4746007
4749424
4753494
4758567
4758821
4776613
4777019
4788989
4800670
4824997
4840948
4844871
4846949
4856935
4880108
4893048
4899908
4907299
4912059
4913637
4914952
4959598
4965041
5008849
5010233
5012849
5030267
5034714
5039681
5042652
5053049
5057433
5058014
5064868
5067455
5069063
5078538
5084171
5092700
5098017
5104992
5111881
5126672
5133117
5144811
5149741
5223020
5242199
5242894
5247167
5248018
5248979
5253617
5262493
5262567
5263819
5265799
5271864
5275224
5278087
5292863
5321491
5321721
5332387
5335121
5344047
5346770
5350227
5361270
5365285
5369864
5372049
5379126
5391874
5395731
5401343
5403161
5406113
5407747
5411877
5447954
5448471
5451828
5457286
5482379
5489296
5499907
5502137
5508390
5530161
5530743
5543434
5552898
5555640
5562037
5562299
5567567
5572607
5584458
5592450
5593315
5623553
5629891
5630714
5641526
5646798
5649375
5650069
5683127
5698270
5702159
5704429
5718019
5725459
5725776
5741240
5751513
5754125
5773761
5792303
5803353
5809826
5823129
5825069
5826231
5829171
5837636
5843247
5865008
5870911
5871230
5878827
5886863
5893671
5896615
5898448
5900069
5911724
5915419
5920882
5924807
5929539
5930503
5940247
5945043
5946496
5950333
5951211
5952788
5969839
5974913
5982760
5983429
5986949
5996791
6005101
6033123
6042502
6046521
6053465
6053607
6066673
6075266
6095450
6096364
6110216
6119612
6124047
6132311
6141928
6143445
6148026
6148382
6151042
6156171
6163292
6173215
6181873
6191390
6193787
6203733
6206572
6218835
6238380
6241597
6242343
6246814
6247444
6250705
6264497
6265564
6266852
6271118
6275126
6288554
6290608
6293267
6297771
6298201
6298330
6307190
6330408
6339525
6340876
6367227
6369656
6380381
6386660
6390420
6401283
6406750
6411578
6416808
6429435
6460748
6461210
6467184
6480414
6492329
6494887
6509703
6517457
6523261
6529854
6533207
6534244
6545382
6549019
6550469
6553008
6563589
6577355
6579304
6593999
6598047
6607043
6632825
6643278
6652663
6653743
6653927
6654229
6678713
6690311
6698437
6731119
6747793
6753975
6758651
6759486
6788035
6804306
6818799
6822289
6830127
6833616
6846130
6851362
6870005
6884651
6888277
6898942
6899041
6904365
6906205
6912705
6922518
6924206
6926192
6926392
6931384
6934446
6939095
6939169
6946735
6949754
6956503
6956548
6962268
6966207
6973191
6990422
7001574
7002342
7006471
7028233
7031006
7035268
7039357
7046042
7049228
7050582
7074026
7083562
7085704
7090204
7095311
7112134
7120450
7136325
7138503
7148652
7160458
7169254
7170518
7179448
7181460
7184965
7227797
7235088
7239916
7258666
7274609
7278302
7287860
7295008
7295064
7315075
7343792
7345962
7358834
7368414
7375193
7392247
7398623
7399963
7413169
7414235
7419576
7421632
7422035
7425525
7427176
7435032
7435142
7438844
7442527
7443167
7444714
7447657
7452560
7453049
7457878
7459219
7465391
7468698
7469840
7470238
7474064
7476435
7477808
7478714
7486099
7489070
7526774
7535683
7537254
7539287
7553493
7562223
7563449
7575717
7584581
7609487
7610816
7623427
7630165
7633063
7637625
7654027
7679494
7680641
7684217
7687310
7689089
7699257
7699878
7706006
7708522
7716665
7723113
7724640
7726783
7742463
7751663
7757413
7765435
7767912
7774214
7775118
7785598
7807394
7810960
7815585
7819368
7843419
7861918
7876641
7877508
7884360
7904573
7914768
7919479
7954153
7963317
7966289
7972021
7975421
7980664
7986950
7995704
8003367
8007998
8008265
8009305
8024796
8025248
8027601
8048458
8056471
8067390
8073022
8081929
8087032
8087360
8087549
8100163
8108134
8109683
8116262
8117046
8119835
8120438
8125113
8126114
8137008
8159381
8167008
8171132
8176069
8200158
8208277
8211700
8214487
8217393
8235450
8238620
8242831
8254092
8266030
8266261
8294752
8296596
8307154
8354790
8365434
8372965
8373903
8417148
8457667
8459510
8462780
8475349
8477805
8486839
8493787
8495818
8496610
8504033
8506560
8508959
8526111
8526934
8533517
8536499
8546802
8550942
8556434
8560985
8571689
8577817
8578990
8589856
8594540
8602744
8619940
8621513
8630830
8635690
8645614
8649820
8663235
8665437
8668940
8695771
8696501
8697075
8702038
8708481
8717141
8720722
8725926
8741497
8757891
8758008
8763442
8766991
8768340
8771506
8773300
8785849
8792116
8792356
8807053
8807703
8809038
8809721
8820292
8824605
8835203
8837179
8837443
8837809
8844368
8845109
8847354
8851971
8858674
8871339
8889743
8892677
8896721
8897301
8904346
8916389
8917576
8920296
8931984
8949418
8955146
8955213
8957877
8975397
8980944
8999371
9006317
9011744
9032510
9049994
9052326
9055723
9066636
9073250
9076859
9078188
9083770
9093548
9105038
9106910
9111496
9117139
9121542
9124003
9125633
9126411
9163182
9167591
9167936
9169898
9170221
9170445
9181862
9182637
9191882
9211073
9219123
9219871
9225416
9230701
9236685
9241230
9245612
9271369
9282964
9307678
9318941
9329936
9336966
9336978
9346135
9346511
9347013
9351152
9359855
9362433
9370895
9373524
9382957
9395527
9402271
9414255
9425859
9437077
9449932
9452337
9453442
9459664
9460873
9469877
9480049
9487134
9496363
9508402
9518594
9545577
9548875
9553960
9567578
9567849
9576210
9587167
9591164
9592126
9593878
9595020
9597321
9598596
9599803
9602173
9618272
9618795
9643949
9652768
9655691
9675028
9679511
9691132
9704039
9718112
9719108
9725341
9728319
9732857
9740049
9750807
9760406
9790142
9804925
9814723
9818905
9845052
9845564
9855073
9855915
9887710
9893558
9905722
9934520
9955062
9963449
9978429
9994110
10002140
10014731
10040415
10061545
10068552
10075552
10083526
10088367
10091769
10100771
10107670
10109906
10113007
10118105
10122762
10125861
10131034
10142685
10156028
10168524
10177089
10181604
10186538
10187950
10193359
10202686
10207801
10228246
10230508
10248337
10260316
10264063
10282321
10283194
10288852
10289684
10292398
10306574
10306652
10313657
10314353
10318191
10321223
10333240
10337345
10337942
10361637
10364341
10366922
10378254
10398007
10400312
10420936
10433331
10437597
10469079
10473589
10481524
10485679
10492225
10497883
10501520
10502154
10509494
10531222
10553267
10569737
10585693
10607061
10610056
10618433
10629392
10632589
10642079
10657791
10658399
10662847
10667104
10686185
10696632
10705071
10712068
10722667
10724819
10728923
10729917
10741367
10757236
10766690
10781137
10782545
10783457
10785489
10811276
10811539
10814982
10815710
10832884
10837674
10840948
10849382
10851526
10852134
10869234
10891160
10893405
10905007
10906613
10914862
10921034
10924992
10931442
10935327
10947888
10965220
10970372
10971662
10977461
11001989
11021264
11042805
11044032
11058036
11060137
11090661
11102605
11117293
11128853
11133648
11141853
11153159
11153359
11177424
11183731
11198084
11226532
11234243
11247983
11254431
11254526
11261070
11268892
11279261
11282081
11282132
11287713
11290473
11303240
11306164
11309343
11310542
11312179
11322314
11334274
11346559
11347199
11347648
11350127
11351020
11353548
11375257
11379407
11379457
11386984
11387564
11389166
11398879
11415468
11427171
11434298
11434810
11436685
11443010
11447124
11448197
11461570
11469074
11471640
11485808
11501973
11506394
11507122
11527842
11533365
11544107
11561280
11561296
11561576
11583381
11586572
11595513
11595738
11632417
11641098
11661721
11675404
11675682
11698237
11713237
11714390
11723505
11725181
11729198
11729971
11736944
11743838
11759411
11761039
11765251
11771133
11777136
11782525
11784197
11798902
11808402
11815054
11826148
11827251
11827825
11846529
11848833
11864192
11868354
11869068
11869475
11874458
11876960
11881702
11894358
11897623
11903844
11912233
11917908
11922001
11926031
11932816
11932932
11936742
11943860
11945293
11954342
11968174
11969517
11978842
12005650
12021711
12039993
12040635
12043171
12059401
12062882
12069583
12071034
12076645
12095163
12108140
12113676
12117937
12120542
12129935
12136294
12136555
12139371
12141046
12141785
12167051
12181304
12200641
12201735
12209645
12219627
12223179
12224670
12239849
12251611
12260037
12263758
12275524
12278210
12285159
12293650
12306447
12306784
12322405
12322913
12323925
12330092
12352375
12376299
12376977
12383802
12392933
12396828
12403825
12410612
12411161
12414064
12420244
12420670
12447494
12453478
12461820
12470743
12485729
12491443
12493219
12500373
12500574
12504596
12509164
12510438
12517530
12522156
12524990
12527020
12532762
12533545
12535392
12536708
12556695
12574211
12577222
12578537
12580999
12584707
12600750
12603143
12604188
12617189
12617545
12630089
12639975
12645582
12652404
12661922
12699733
12702965
12719124
12721472
12723982
12728792
12756699
12767786
12785658
12797367
12811960
12823915
12870792
12872859
12890144
12896404
12898061
12898181
12898417
12905821
12908135
12934605
12942085
12943560
12945547
12947079
12952576
12964333
12965126
12982893
12985818
12990122
13010441
13018779
13034162
13034222
13065590
13066712
13076355
13080143
13096185
13101744
13114381
13115876
13131258
13135197
13138913
13139609
13140526
13143756
13145307
13147881
13154448
13157480
13157934
13159969
13161794
13164643
13172233
13174885
13178242
13183039
13192015
13201394
13210455
13213312
13221220
13224936
13233176
13256274
13262442
13264551
13279840
13282137
13327543
13335157
13341293
13344735
13356717
13357285
13367527
13375460
13390481
13390560
13396022
13396626
13398533
13398948
13399340
13422340
13430360
13431629
13435057
13438429
13444077
13445402
13447063
13462563
13462995
13474118
13481644
13482721
13489567
13496309
13511959
13513627
13515174
13518990
13521491
13534137
13539882
13568479
13571257
13574144
13581779
13599293
13601347
13610012
13626292
13638705
13640909
13653287
13658834
13659237
13676103
13681181
13693473
13700379
13708055
13708499
13713906
13715440
13719039
13727207
13743381
13781979
13785714
13796980
13800802
13800972
13801809
13803777
13804302
13806221
13813978
13818612
13826947
13832257
13834273
13835303
13835799
13841549
13847135
13851981
13856500
13860186
13880915
13886961
13893871
13896716
13908363
13924605
13929431
13929846
13931744
13934446
13939857
13947107
13947115
13952082
13952595
13972165
13998313
14003066
14017534
14034213
14034919
14035646
14036378
14037001
14053270
14058270
14067557
14074141
14084684
14090737
14092543
14098309
14099007
14117241
14117557
14146328
14147996
14154505
14163988
14177392
14200834
14203465
14255843
14268862
14270184
14300144
14302722
14311545
14315707
14328629
14329471
14330467
14335777
14336860
14350937
14361376
14369577
14388415
14389525
14390378
14394585
14399607
14404763
14409272
14409547
14413372
14419551
14436486
14451218
14451622
14456616
14465465
14467943
14469344
14470282
14479784
14484608
14489965
14497862
14497892
14506381
14512897
14532790
14535731
14537601
14542136
14543286
14546026
14564961
14582772
14593017
14598368
14605745
14612614
14614343
14629889
14663166
14663467
14664143
14673104
14678089
14685097
14692963
14710536
14717852
14721777
14725958
14727166
14730592
14751434
14757424
14765719
14766196
14768739
14776241
14787459
14791526
14793902
14803476
14818900
14820777
14821331
14831852
14837187
14855528
14856124
14860434
14862196
14869917
14876809
14881769
14882430
14884904
14887533
14888361
14896616
14907459
14911337
14911921
14916209
14930785
14941969
14953672
14961198
14963159
14971180
14971593
14972899
14979248
14981198
14984663
14988094
14994783
14995003
14998359
15004817
15006125
15010214
15013497
15015048
15020693
15040609
15042880
15044163
15045398
15050770
15062610
15072519
15110012
15111102
15130059
15137959
15153098
15154877
15163771
15167164
15168398
15171564
15172483
15175175
15184101
15211046
15226344
15226454
15227963
15237505
15238604
15242644
15253312
15254888
15255336
15277625
15278607
15282163
15295444
15299402
15301918
15304065
15311814
15321414
15325511
15327749
15333172
15336467
15352461
15357525
15358732
15361196
15362890
15376488
15380207
15387316
15388660
15391293
15406660
15407177
15408911
15435190
15447034
15455422
15461856
15462339
15480812
15493662
15496865
15501930
15509779
15516228
15522181
15528761
15537095
15538803
15543891
15544644
15544713
15554111
15557003
15557684
15560352
15569804
15586024
15595457
15597262
15613088
15615354
15629555
15630802
15632794
15652328
15652770
15653756
15658587
15661863
15673514
15682186
15685207
15687236
15692075
15694005
15709315
15716356
15716708
15718403
15722225
15761939
15763452
15768245
15781381
15792861
15802056
15802863
15806194
15806345
15810586
15817923
15818810
15823587
15826888
15831042
15838324
15839893
15850184
15862961
15863011
15876863
15890061
15899418
15904162
15905868
15906402
15908052
15909478
15937446
15945705
15957034
15965600
15972054
15977713
15980939
15986559
15990675
16000724
16006030
16014273
16016202
16020133
16022196
16031659
16033900
16037450
16063189
16070701
16085185
16090903
16091698
16098770
16102123
16107117
16117340
16131509
16137499
16140880
16142805
16149129
16188312
16198006
16210459
16216831
16218885
16224985
16232393
16241617
16248891
16254906
16262669
16264232
16300550
16313954
16319010
16320823
16330210
16334918
16337799
16337928
16371760
16372861
16399406
16405299
16423240
16430696
16444714
16452944
16458636
16482435
16484580
16493159
16517049
16542513
16552007
16557614
16559055
16570917
16589710
16589877
16597387
16605799
16607738
16607891
16625834
16630926
16632462
16634553
16642945
16645598
16647190
16648984
16656152
16665786
16684118
16688883
16715683
16734657
16740224
16741292
16742203
16749510
16751373
16758470
16759886
16763595
16776422
16783162
16800478
16808433
16835081
16838410
16840666
16846454
16849066
16851446
16856042
16865874
16866426
16871412
16877048
16878294
16890787
16894552
16895665
16907758
16926309
16926924
16932180
16935967
16952299
16958420
16959866
16964209
16985479
16986947
16987738
16992469
17014424
17024002
17039690
17067490
17077389
17089680
17117617
17120218
17121925
17127649
17136921
17139963
17148052
17148577
17149324
17150934
17154456
17163302
17171195
17179797
17186110
17187878
17189687
17192355
17209953
17224631
17225974
17233291
17252409
17259851
17267113
17271554
17276789
17288374
17293802
17294046
17295423
17299617
17308116
17318531
17325741
17348945
17360103
17369086
17379398
17380225
17381693
17382483
17395194
17397146
17399278
17404627
17413697
17415764
17416725
17423127
17423885
17432109
17450674
17453395
17453892
17465668
17485932
17496799
17498322
17526449
17528846
17534813
17538754
17540066
17556029
17566364
17574220
17575629
17586735
17587034
17588202
17594131
17596336
17609646
17613726
17617444
17619126
17625539
17633663
17646723
17651290
17651520
17662625
17664477
17668056
17672206
17676541
17683797
17693252
17694561
17698175
17699440
17701614
17701712
17706422
17724762
17732918
17742411
17743830
17744084
17748470
17753356
17765982
17767783
17780052
17785088
17791615
17796498
17815323
17825522
17839254
17839415
17847578
17851146
17855776
17861106
17867852
17870992
17873654
17876515
17876994
17878965
17887859
17890660
17907655
17922828
17926977
17934662
17946059
17946534
17948284
17948564
17974273
17976272
17980325
17991202
17995293
18005656
18010137
18011685
18011756
18019795
18022871
18026544
18027024
18029670
18030041
18048156
18049123
18051081
18052881
18057592
18066307
18072529
18074263
18074820
18087812
18088531
18089390
18090718
18100221
18103009
18110427
18118814
18130441
18140303
18146021
18147865
18153387
18159484
18159775
18166014
18167936
18169986
18176778
18185701
18187841
18199124
18211262
18217298
18223168
18231190
18233182
18248053
18269768
18276852
18279120
18306180
18316682
18319187
18319523
18321779
18323270
18328472
18332983
18334615
18336534
18347401
18363758
18368980
18371457
18379810
18385658
18396156
18397988
18400896
18405777
18407145
18425240
18448462
18460846
18479187
18494532
18513319
18519406
18522435
18523706
18527368
18549126
18550016
18550303
18555791
18557540
18569093
18572026
18573629
18615240
18621116
18623909
18640352
18645095
18652198
18658745
18663138
18663872
18680245
18684252
18693645
18694609
18696822
18705916
18711668
18722232
18723814
18728043
18731222
18732052
18742214
18743946
18748538
18754763
18763617
18764535
18768837
18770359
18782637
18784524
18800865
18803583
18803636
18806915
18821260
18825957
18831968
18833209
18835330
18835734
18866075
18884191
18885565
18886710
18892164
18897201
18905719
18915320
18916405
18916424
18918513
18924488
18934762
18941102
18942385
18957921
18967305
18983729
18992348
18993487
19009938
19017791
19021023
19022922
19024575
19026975
19028141
19040790
19050429
19050940
19062928
19072560
19073734
19085795
19090729
19090955
19094328
19103674
19108218
19129974
19135713
19143781
19144017
19145183
19150860
19162172
19167021
19181418
19234951
19238484
19257508
19263142
19279281
19288027
19294795
19298614
19300542
19306924
19307771
19310096
19313528
19314429
19318044
19321870
19325651
19326007
19329654
19336546
19339401
19341031
19361889
19371439
19372887
19373505
19374261
19377913
19388956
19389600
19393985
19395676
19400919
19408710
19421306
19436962
19439285
19447475
19451004
19454226
19457238
19459891
19460090
19461605
19518906
19524296
19535141
19538364
19540962
19563958
19565869
19584919
19587599
19595827
19603723
19606106
19626453
19634517
19636109
19637516
19659789
19662576
19672845
19674379
19685694
19690714
19705542
19709124
19710703
19719981
19721059
19731300
19731908
19732954
19733893
19742024
19743011
19750029
19761610
19778449
19783874
19795404
19799277
19807240
19843200
19871538
19873885
19879805
19889855
19890774
19899887
19912376
19927351
19950234
19956992
19975938
19983479
20005711
20010896
20011415
20025796
20026055
20028054
20035468
20038469
20041042
20042623
20047166
20047694
20052715
20054009
20055009
20070307
20084532
20085766
20094020
20134506
20135348
20143532
20150364
20151725
20173857
20195242
20199575
20201145
20201237
20201578
20207389
20212605
20216232
20217307
20217593
20223035
20224468
20234604
20235988
20242696
20246650
20247114
20251359
20253430
20275428
20283195
20286789
20289174
20304334
20305098
20312897
20331809
20349253
20364256
20369162
20374895
20374971
20377987
20394921
20401827
20410063
20418184
20423980
20438832
20450028
20458006
20459255
20475209
20486212
20500611
20504477
20505411
20506718
20507603
20518807
20519097
20530403
20535279
20544352
20555167
20558449
20558450
20563111
20583614
20587510
20593867
20596297
20597046
20598270
20599160
20602472
20607872
20620995
20630829
20631421
20646224
20656627
20679102
20699939
20700205
20717154
20721212
20726960
20727477
20735405
20743175
20763687
20766282
20773543
20776421
20786265
20792180
20797690
20816256
20828540
20841638
20851587
20863390
20864845
20869391
20886151
20892500
20894123
20905363
20922479
20932157
20934184
20958648
20960836
20964217
20966093
20972291
20990337
21002373
21007176
21007723
21022024
21024020
21029342
21035443
21038775
21043284
21067220
21070686
21071552
21086655
21089801
21090505
21096207
21100404
21104472
21115095
21115916
21120131
21126981
21149179
21153410
21165719
21181749
21204496
21216355
21225575
21230581
21231945
21239744
21258200
21271743
21274686
21277760
21283565
21285908
21292892
21296230
21311376
21322942
21323456
21328743
21329191
21337717
21342591
21345642
21360096
21370878
21374696
21394154
21404365
21408658
21411367
21415503
21416103
21429649
21445154
21446193
21463276
21467996
21472000
21473715
21480279
21481222
21498309
21512068
21515240
21521751
21527509
21541962
21549706
21553728
21555107
21565894
21575068
21577023
21580806
21581293
21584916
21590407
21591957
21595613
21596448
21617568
21617729
21626499
21628142
21631000
21636307
21643611
21663424
21663761
21673776
21683904
21698811
21708891
21723952
21724688
21726043
21726074
21733993
21734120
21740475
21761272
21764566
21765003
21769482
21775376
21788927
21789338
21789554
21798136
21800455
21819307
21832679
21836809
21853283
21868955
21871582
21878148
21890667
21894228
21895349
21906702
21906997
21910492
21913450
21914130
21934440
21935349
21947297
21956524
21974403
21990829
22005700
22021350
22038926
22064481
22070566
22070567
22073195
22074167
22077417
22079499
22090442
22103032
22104247
22110150
22113428
22127860
22137197
22139508
22154850
22159808
22169427
22171549
22178240
22191475
22195129
22195948
22197034
22230846
22234013
22240358
22249992
22252364
22273035
22280000
22280240
22289754
22294628
22316607
22318679
22323515
22337859
22341450
22352255
22353320
22354424
22357654
22377448
22395243
22405707
22406242
22412532
22417343
22430700
22446028
22452402
22468966
22474799
22484261
22507614
22514919
22515387
22530486
22532244
22539123
22542646
22554444
22554696
22558425
22559702
22561130
22562309
22581529
22587203
22604937
22613381
22614361
22618703
22623673
22626093
22647809
22657108
22658478
22666505
22675856
22685064
22689911
22690429
22700104
22707795
22709516
22713668
22723218
22726154
22732177
22736193
22738987
22741498
22748119
22748168
22769232
22769274
22772592
22804445
22812382
22828887
22849725
22849962
22855073
22863366
22876548
22884437
22885037
22886419
22904106
22904757
22916290
22933706
22943286
22950568
22952829
22955335
22964947
22972657
22972801
22975408
22976807
22996864
22997844
23002042
23008072
23012530
23019640
23022456
23043888
23050298
23057528
23057614
23063284
23064181
23080026
23085592
23086566
23093779
23109696
23113355
23121646
23127833
23134574
23141647
23142993
23170618
23171236
23176683
23177639
23178987
23200056
23202643
23203492
23210358
23211866
23212561
23225583
23250467
23278037
23280003
23297632
23308773
23313385
23318426
23318894
23320981
23327422
23328621
23347011
23376724
23376862
23380137
23388799
23414979
23418641
23428016
23435042
23437293
23438346
23440781
23466788
23485867
23486018
23509691
23509810
23512242
23519152
23521178
23540012
23545711
23554739
23562048
23588631
23590030
23591658
23594317
23601388
23601995
23607718
23607864
23634212
23641482
23651884
23654683
23676332
23679093
23683481
23689848
23694742
23698059
23724356
23725581
23725726
23733628
23736481
23739836
23740697
23752273
23768790
23775716
23790928
23792486
23794750
23805224
23805874
23808412
23814135
23824423
23831245
23832097
23832406
23855060
23855354
23857244
23876159
23876755
23898045
23899527
23902172
23916480
23931595
23934765
23936563
23940482
23942475
23952095
23952966
23975368
23979322
23981430
23981647
23983081
23991238
24008536
24019716
24029754
24032687
24035546
24042725
24046494
24056168
24062462
24065394
24068479
24077573
24079935
24084841
24115399
24125987
24134342
24134642
24142437
24143199
24158942
24161980
24182027
24193906
24202258
24206280
24207491
24211808
24211814
24213287
24221437
24231668
24235712
24275547
24281854
24283560
24315555
24318110
24322237
24323608
24327362
24338328
24338782
24347278
24353482
24364624
24365576
24369146
24376068
24376596
24386899
24386999
24387559
24403734
24412404
24417373
24419562
24423590
24424396
24431501
24432769
24439445
24448219
24449276
24452155
24459318
24465953
24471961
24494335
24514574
24526976
24533152
24533740
24534822
24549636
24551525
24568655
24570477
24571649
24575021
24594591
24604449
24617304
24625294
24632745
24639411
24661350
24669671
24670223
24677439
24689034
24703545
24707610
24709692
24710537
24729612
24732013
24743686
24747276
24748442
24756623
24759345
24761761
24776863
24780607
24781301
24781612
24788988
24793208
24800584
24808528
24816689
24818006
24829194
24837716
24876628
24892323
24892823
24899487
24900611
24904530
24906859
24909364
24914088
24917282
24921349
24930498
24951859
24959658
24964287
24966056
24973199
24998945
25006174
25020528
25027658
25029636
25056786
25091452
25092348
25106319
25120227
25136450
25138972
25139432
25144092
25152987
25159127
25172074
25184558
25185637
25187544
25190385
25191445
25213473
25216050
25221190
25235554
25248686
25248863
25249895
25260004
25274460
25309189
25313076
25313992
25317233
25317340
25319579
25321571
25324675
25326366
25329425
25330646
25335245
25341926
25371199
25397253
25402658
25406976
25416039
25421733
25437333
25445608
25453050
25458418
25460957
25477504
25487887
25489709
25495971
25500437
25504038
25507851
25518949
25522257
25533867
25556503
25567143
25574474
25575938
25582015
25615503
25625725
25629797
25639095
25642066
25651819
25660058
25664165
25666293
25668488
25671804
25677141
25695662
25712055
25733476
25746896
25770857
25774287
25776742
25790390
25791907
25799735
25823486
25830311
25833165
25851599
25852883
25854200
25866304
25867358
25868217
25869544
25875313
25875924
25876238
25880690
25883884
25892537
25898362
25900123
25913188
25916546
25926082
25937086
25945235
25951065
25951140
25962269
25963428
25969682
25984585
26002061
26009117
26029554
26041464
26042360
26052266
26055650
26071706
26082196
26097754
26103350
26103692
26104969
26112119
26113957
26115833
26119094
26128237
26132014
26145090
26173247
26174154
26174524
26176135
26208670
26234148
26235137
26243441
26252958
26270226
26270657
26271415
26280028
26306101
26316736
26321206
26324744
26325482
26325958
26340833
26340982
26344581
26355715
26361120
26367135
26371889
26374848
26400848
26402573
26412130
26415624
26418187
26420486
26433292
26437849
26439189
26453955
26457858
26460259
26462374
26467874
26477907
26480578
26483126
26483295
26487153
26489110
26495973
26504570
26507479
26517022
26535290
26542863
26542866
26543226
26555411
26563152
26571126
26573449
26574597
26606537
26612183
26615321
26629326
26630496
26646984
26651188
26664792
26681979
26687603
26700344
26704115
26710283
26716302
26718546
26718879
26747050
26755927
26760411
26773623
26799614
26804699
26816005
26816587
26817582
26822868
26829028
26844377
26846029
26846745
26848404
26853163
26855905
26859846
26878097
26885170
26885462
26885471
26887900
26888949
26893596
26895430
26895976
26898906
26946832
26952067
26955450
26957834
26968998
26976871
26979003
26983944
26986335
27003879
27007062
27024158
27029880
27041445
27041448
27057188
27059223
27072034
27072663
27074009
27074779
27084653
27090937
27109631
27114814
27126368
27128480
27134468
27143886
27153409
27165902
27172718
27174788
27178163
27179907
27191158
27195912
27218374
27219409
27220187
27226506
27230306
27234319
27235722
27254886
27259176
27270140
27288968
27314080
27343420
27359425
27360945
27362571
27368625
27368955
27379045
27382042
27394129
27398680
27401045
27406541
27408175
27420760
27425107
27426442
27451396
27463397
27463457
27463590
27466573
27475455
27476733
27479161
27480515
27482079
27488319
27501278
27525231
27528537
27530057
27536906
27549071
27551793
27556309
27557275
27564181
27567304
27579582
27581289
27583115
27583594
27591627
27596266
27597012
27601038
27602057
27618137
27619369
27621722
27637183
27645695
27648761
27655925
27656687
27660073
27666683
27672232
27680373
27687148
27690978
27691572
27693905
27699219
27705793
27707616
27708526
27709822
27712683
27717904
27731651
27746275
27763678
27774943
27775710
27789317
27790032
27797018
27799298
27799883
27808663
27811998
27812285
27823072
27824370
27828034
27839854
27840250
27842177
27859252
27860024
27879833
27880055
27881438
27888210
27891474
27898833
27905254
27906980
27928139
27932453
27941789
27948113
27948354
27954840
27956893
27965423
27979577
27987812
27991049
28001930
28002274
28009482
28030478
28042654
28047857
28051277
28063915
28081918
28087485
28100599
28111256
28117666
28123306
28138617
28140406
28140545
28146943
28156354
28164087
28164544
28173052
28176255
28178119
28186491
28189388
28194308
28196772
28202429
28204705
28209773
28218363
28224792
28232354
28235921
28243656
28245244
28272843
28274179
28274623
28277956
28290692
28295021
28301268
28310051
28311251
28315431
28321558
28328136
28337241
28342532
28345463
28369090
28379161
28381045
28383878
28408276
28411146
28415629
28417012
28419858
28426935
28439096
28440791
28441575
28459254
28471254
28479887
28483520
28494027
28495607
28504847
28505179
28506656
28533103
28536498
28550948
28557127
28572957
28580960
28585310
28586103
28602657
28603306
28616277
28629652
28629714
28641224
28642413
28659187
28660246
28662034
28682308
28691813
28694831
28697244
28713322
28716188
28718958
28721318
28734972
28741143
28747769
28753402
28755783
28756060
28766190
28767190
28772195
28772567
28780888
28785906
28787810
28788121
28792127
28798993
28800939
28802163
28808915
28829202
28868034
28870780
28873139
28895294
28910002
28910751
28940880
28945541
28949730
28949796
28970121
28979355
29006598
29007178
29010437
29033045
29041532
29041880
29044117
29051427
29054579
29064985
29078639
29090815
29127418
29135358
29136673
29136705
29137748
29138009
29152159
29157599
29158154
29162160
29177782
29185023
29188707
29196946
29205878
29212641
29218364
29219340
29228270
29235264
29238290
29244313
29246931
29248052
29249252
29261801
29267570
29275840
29278484
29279683
29280136
29308439
29308842
29312492
29321109
29330005
29330866
29338386
29343624
29344183
29345130
29366961
29389406
29397860
29412159
29416589
29420401
29429990
29441401
29443995
29452293
29453925
29456884
29466325
29467023
29469197
29474917
29492598
29500279
29504555
29504875
29523373
29534797
29536893
29566295
29572619
29580175
29596478
29598109
29598297
29609378
29615599
29626704
29627347
29631210
29631258
29637085
29646081
29651020
29651669
29665223
29665971
29672453
29673478
29680675
29682067
29682143
29688467
29691800
29693031
29696183
29697098
29707112
29719456
29722163
29728228
29742819
29759412
29773080
29773258
29781248
29791298
29796270
29798929
29822915
29827604
29827855
29840033
29843254
29865202
29867902
29869934
29870715
29872841
29887375
29892444
29906725
29907656
29915841
29929558
29930617
29941447
29947577
29960043
29960187
29961711
29964401
29965850
29970230
29974344
29974869
29983257
29983541
29983559
29985557
29987391
29989746
30003938
30007498
30022852
30027210
30039258
30047393
30080528
30086880
30097562
30113050
30113233
30115921
30119079
30120544
30126897
30140257
30148225
30157929
30165745
30167886
30172126
30179253
30192543
30201986
30224862
30242075
30243088
30248352
30249493
30257283
30267275
30267783
30272794
30285076
30285093
30302874
30302996
30307977
30321233
30335377
30338539
30339323
30341650
30347688
30357934
30359016
30362912
30370873
30371359
30379858
30380967
30382894
30385058
30388709
30388755
30397233
30399603
30411169
30413031
30421939
30430096
30434025
30439465
30455532
30471422
30473219
30474761
30476887
30478112
30484363
30485148
30487414
30505517
30507795
30521119
30533781
30543387
30549979
30563503
30573643
30574219
30582422
30589227
30590003
30590135
30590479
30612217
30621843
30623607
30628563
30641698
30642554
30649588
30656627
30658111
30667400
30667907
30668413
30685854
30689850
30690826
30691067
30692454
30703453
30707027
30728828
30736460
30737708
30741129
30744111
30747011
30765975
30766309
30766482
30767357
30769173
30770146
30776856
30785751
30787279
30790519
30791965
30794340
30797257
30801035
30814944
30818357
30829376
30829974
30836235
30836664
30845501
30850010
30866459
30871399
30872328
30873926
30874220
30877800
30878667
30885859
30907658
30909804
30946123
30948248
30952597
30957562
30966694
31003174
31010815
31014486
31014707
31017036
31031265
31046099
31051122
31051825
31055975
31059235
31061039
31066263
31066900
31075113
31075851
31075940
31084530
31087632
31092554
31096633
31105704
31116476
31128572
31132169
31136711
31138498
31139044
31149092
31156841
31160440
31160679
31163085
31178239
31192239
31197766
31197771
31198073
31200670
31211045
31214560
31236707
31237466
31239877
31248670
31251661
31255316
31270174
31278160
31281708
31294013
31294665
31298238
31302215
31307913
31308913
31317480
31325647
31327743
31329632
31347538
31351426
31353831
31377827
31378269
31380712
31380731
31392160
31394578
31395496
31400688
31404859
31415942
31416684
31433904
31434953
31452043
31455044
31464069
31465143
31465403
31478427
31487580
31502644
31504630
31506479
31507433
31508719
31510721
31512221
31515367
31519038
31533978
31542920
31544272
31558777
31560043
31560967
31565890
31576244
31592497
31600519
31605849
31612515
31629183
31631626
31639558
31645344
31645771
31649817
31653283
31653306
31655803
31658942
31669720
31685326
31701314
31710998
31723788
31732107
31748391
31753897
31754675
31757696
31760214
31762227
31767617
31772960
31773227
31774414
31795208
31796777
31811213
31825278
31839690
31842425
31843441
31853543
31858252
31859339
31872042
31883485
31888086
31889694
31889699
31896410
31917901
31928673
31932820
31945074
31949562
31951233
31951301
31968757
31969002
31974528
31975852
32001231
32028068
32029929
32038910
32043432
32045925
32056363
32070511
32077984
32080722
32086628
32089825
32092029
32095231
32121270
32126819
32149489
32158919
32163511
32166506
32182096
32194271
32197326
32198089
32206783
32207076
32207858
32211745
32212304
32225419
32249614
32254102
32258059
32258684
32262340
32264194
32274956
32275777
32289687
32292974
32311998
32316701
32318577
32320967
32322538
32338189
32352388
32362557
32369225
32375556
32393724
32398332
32400780
32414710
32419428
32422561
32422829
32424258
32441881
32445421
32446266
32457537
32467818
32472290
32473276
32478191
32486798
32488345
32490552
32491185
32503019
32505520
32508232
32533147
32534947
32548814
32554117
32568379
32572178
32576162
32577933
32578857
32582744
32613344
32617098
32618718
32623988
32627985
32631205
32636586
32644277
32651928
32659841
32666081
32671394
32688289
32692769
32697587
32699624
32703467
32708891
32711622
32716373
32717060
32723784
32737931
32748668
32749190
32751142
32756076
32758006
32767046
32768110
32773382
32793444
32805142
32806673
32808689
32808894
32828125
32834372
32848480
32852063
32852482
32872865
32878664
32887388
32895213
32899526
32911803
32928520
32935421
32936973
32951219
32955554
32960144
32967607
32978607
32980343
32994902
33007780
33007893
33009489
33015872
33019755
33021246
33021726
33023284
33036528
33037036
33044056
33045775
33049467
33067486
33071361
33075014
33092882
33093945
33095912
33097094
33105563
33136535
33139440
33145692
33161365
33164720
33172509
33179974
33190923
33214547
33218254
33240304
33240922
33247178
33249136
33258396
33265884
33268875
33286504
33287241
33289528
33291066
33297419
33298089
33301969
33303239
33312248
33321470
33356233
33362021
33362433
33365306
33376578
33385569
33396311
33408535
33412368
33420707
33421733
33435319
33445659
33447588
33457179
33471907
33477257
33478061
33479249
33487427
33495910
33496670
33498503
33499112
33499236
33504789
33506185
33538985
33539759
33560844
33573844
33577957
33586003
33587339
33606207
33609601
33613173
33620229
33625250
33669700
33669903
33670914
33692394
33694497
33696149
33707696
33712250
33721865
33725407
33726216
33740712
33749019
33749487
33751954
33759722
33766173
33767584
33772885
33777223
33778551
33783930
33784013
33793108
33794611
33806052
33822557
33829197
33842216
33848462
33851392
33854432
33859996
33867429
33871377
33871725
33874534
33875751
33888066
33899245
33904873
33914171
33925034
33926709
33929939
33935983
33944669
33953357
33954850
33975116
34018862
34040702
34054491
34065797
34068722
34071866
34075360
34080025
34087209
34113085
34117547
34119174
34122102
34122354
34123661
34137026
34137567
34140510
34145596
34152376
34156303
34162364
34164842
34166957
34182404
34197244
34198926
34199259
34205807
34207064
34218423
34226489
34244857
34245315
34246826
34247535
34258847
34259123
34260872
34261847
34262666
34264100
34276778
34300340
34301642
34305581
34310469
34310478
34314455
34317259
34323222
34323270
34326426
34330640
34334100
34347093
34347308
34384848
34396814
34399308
34406174
34411885
34420115
34423408
34432816
34436089
34436947
34437750
34447249
34447927
34458609
34476181
34479061
34486888
34491683
34500285
34505177
34507943
34511782
34515904
34516178
34518521
34522778
34526176
34526410
34528182
34531516
34539002
34550207
34555802
34559617
34575546
34582045
34582249
34588885
34592774
34593123
34594177
34603716
34607645
34608619
34618113
34622455
34630439
34647213
34648093
34660729
34668101
34669552
34670505
34673354
34673450
34675214
34728242
34733557
34758625
34758661
34760895
34765791
34767331
34770746
34775188
34788389
34795855
34799316
34808969
34813339
34819141
34824378
34825046
34827477
34829160
34842427
34852873
34857702
34873741
34881287
34890710
34899473
34903254
34903873
34906532
34907308
34915789
34917718
34919892
34921547
34928414
34935370
34939864
34945513
34951508
34955308
34979267
34980091
34982861
34987609
34990868
34994699
35004998
35006712
35006753
35007835
35033432
35033984
35041147
35042191
35047566
35082166
35089866
35097329
35098447
35132599
35133891
35136892
35147572
35174454
35174726
35176490
35188460
35188571
35188687
35189607
35201613
35210306
35213356
35216768
35223017
35223657
35226382
35226913
35227507
35231015
35231804
35247279
35250984
35255001
35256508
35269600
35270988
35280689
35285306
35287395
35288468
35292306
35310002
35314888
35330995
35331954
35336428
35338982
35339230
35340341
35347316
35354840
35364625
35365982
35373091
35375865
35379752
35387563
35404382
35413431
35422067
35428083
35432323
35439121
35450795
35452455
35459744
35460075
35475407
35476091
35477438
35483797
35494296
35494483
35494565
35519807
35520068
35520161
35524132
35525071
35530776
35530801
35534465
35542625
35553645
35555924
35556183
35557278
35596601
35602622
35639155
35640782
35660947
35670819
35693813
35699565
35702481
35707921
35717703
35723890
35727773
35745509
35752365
35766315
35775419
35781079
35785967
35786167
35787033
35788369
35789324
35800368
35815888
35819751
35826023
35835157
35835785
35840757
35841545
35843077
35850681
35863568
35876828
35877529
35884459
35885850
35888311
35892668
35894063
35898303
35911488
35934752
35937556
35941622
35947924
35951860
35952493
35957360
35959768
35963400
35970805
35974791
35974823
35991167
36000491
36008412
36010880
36018151
36021735
36025796
36030281
36033190
36034986
36035316
36057637
36064536
36079957
36080011
36084918
36094425
36102720
36106859
36107280
36125793
36125804
36129097
36140589
36146165
36170775
36171644
36204731
36207488
36212539
36214555
36218745
36222557
36226022
36236458
36248984
36249994
36257567
36258223
36276940
36291274
36302395
36303905
36304469
36309928
36319528
36327903
36329228
36333803
36336199
36338522
36341028
36345931
36355006
36364533
36366429
36372429
36381335
36401640
36404377
36408366
36410506
36411640
36442450
36455452
36456516
36461724
36462064
36468451
36474658
36483739
36485862
36493253
36502533
36512400
36515341
36520663
36523785
36540976
36547797
36560875
36565978
36576940
36581991
36593544
36594243
36600871
36604254
36616121
36620903
36622212
36628892
36637782
36642886
36644702
36674908
36677627
36711141
36715504
36719637
36727197
36735031
36739603
36741291
36741422
36760752
36766712
36771509
36790967
36793497
36802138
36808214
36814823
36815406
36826850
36836030
36847088
36853204
36857439
36865129
36866439
36872056
36882139
36886944
36892551
36893888
36917313
36918795
36920954
36950177
36954461
36961837
36968283
36970077
36981878
36985733
36988182
36991644
36995360
36995770
37000275
37002886
37025807
37026761
37036576
37043783
37044665
37055918
37058480
37065487
37069354
37076674
37080115
37084787
37086559
37090159
37093113
37094619
37108040
37117897
37121231
37124301
37124710
37126797
37131806
37135769
37170341
37175518
37180648
37182265
37184494
37188353
37189758
37193567
37196564
37197255
37204580
37209203
37217150
37259991
37265071
37275132
37278467
37292610
37304724
37306093
37337028
37350046
37355375
37358261
37360919
37377050
37377397
37412567
37420952
37448551
37453424
37455316
37461872
37463682
37471496
37486717
37489146
37492512
37493016
37510832
37514653
37518839
37538325
37557360
37560132
37567139
37569113
37579664
37580490
37585014
37587528
37598050
37606859
37614772
37619117
37626305
37636924
37644754
37645113
37648900
37651938
37653069
37655323
37655413
37656987
37670683
37670853
37670940
37689994
37692811
37692834
37702526
37722975
37735661
37739700
37743193
37746642
37747233
37762258
37762417
37766051
37770033
37772085
37784565
37790100
37795947
37802210
37802587
37806684
37813883
37855557
37871316
37873883
37882764
37885711
37887476
37894762
37924385
37929847
37932407
37948142
37951927
37968251
37975996
37978527
37981607
37984220
37990204
37991946
38016545
38017147
38019142
38025188
38026995
38029873
38057489
38066912
38067454
38073937
38094487
38108273
38110157
38121577
38127141
38130443
38154821
38155098
38168947
38169362
38177437
38178399
38179003
38180022
38181076
38195394
38210606
38220247
38226587
38228300
38246633
38249506
38256282
38256505
38257856
38258118
38281189
38291051
38293824
38295258
38301095
38302394
38313750
38319903
38332320
38341484
38345514
38345614
38347992
38353132
38357966
38387398
38397036
38398099
38401066
38415366
38415817
38422733
38424849
38436860
38438096
38439070
38448378
38451499
38453549
38453896
38463478
38481146
38482875
38494993
38507941
38509287
38517019
38519939
38531107
38535202
38536280
38536874
38552094
38555300
38573166
38592043
38595674
38597380
38606897
38611368
38640160
38666386
38670703
38675913
38676150
38693255
38697631
38705010
38723900
38733171
38737277
38752556
38758513
38761529
38777217
38778357
38779003
38785849
38797373
38807777
38811109
38816336
38817565
38821615
38837582
38849802
38851112
38856560
38858112
38876327
38879168
38880289
38883141
38891576
38907077
38909793
38916284
38918568
38923439
38928429
38931498
38931775
38936088
38938774
38941401
38942935
38944069
38947055
38947323
38957895
38959214
38961412
38967814
38968384
38983806
38986060
38993467
38994004
38996743
39017410
39019402
39029538
39044737
39053421
39057019
39076977
39080175
39082094
39091203
39094960
39096158
39105761
39121942
39132280
39155271
39163764
39181716
39198969
39212949
39220041
39235505
39236205
39243171
39247608
39256870
39259851
39260968
39264326
39266071
39272890
39279177
39287364
39288194
39291862
39308824
39315170
39336149
39341625
39350487
39359671
39406911
39410226
39423617
39423888
39424674
39428465
39429898
39430330
39432959
39440142
39452164
39454669
39462710
39468479
39484336
39498932
39506993
39533252
39533916
39537605
39547109
39548487
39551496
39553765
39565946
39566038
39577181
39579432
39580798
39584370
39596583
39612825
39630501
39631775
39641849
39657307
39672123
39674986
39682631
39683624
39696053
39731820
39733350
39733403
39733589
39742389
39747868
39756392
39762287
39763826
39766427
39790400
39797699
39816266
39822065
39840655
39852406
39853922
39854657
39857102
39878676
39883281
39893456
39909043
39916489
39928394
39944780
39954598
39955785
39965173
39970362
39975709
39978326
39980184
39984138
39986485
40002835
40011231
40017649
40023593
40039173
40040556
40057258
40063583
40064674
40084228
40088406
40089671
40093793
40095243
40095295
40101420
40105085
40109915
40120168
40128293
40131356
40135605
40137746
40147446
40153770
40157012
40158737
40172375
40207728
40213718
40219237
40227591
40248322
40251516
40252112
40269259
40285184
40301694
40312567
40318840
40319793
40322257
40336448
40344241
40352988
40366659
40367621
40376514
40392211
40413705
40419875
40424989
40425468
40437442
40454355
40456341
40459014
40460078
40460778
40461264
40467319
40484220
40495217
40502178
40502461
40503415
40507617
40523280
40529542
40536634
40544256
40566794
40572364
40572493
40609215
40610159
40612493
40619761
40621704
40628962
40663532
40664440
40670666
40671941
40686594
40687055
40687976
40697390
40709607
40724617
40725383
40727404
40728559
40743523
40771040
40779779
40788568
40808437
40821201
40822952
40826658
40828848
40830618
40834151
40835013
40840235
40840255
40849069
40851174
40851869
40872123
40876074
40890915
40897686
40909706
40919765
40936523
40943985
40945352
40950333
40950757
40952514
40955725
40959156
40961503
40969874
40973017
41004406
41008539
41014391
41050731
41051897
41054840
41063196
41070089
41072149
41095495
41103909
41110314
41110508
41111978
41133002
41144851
41148331
41160687
41162249
41169573
41192023
41194533
41203940
41210509
41227666
41233748
41242339
41247663
41251921
41252002
41261683
41262911
41274084
41281252
41285055
41287586
41292347
41308040
41309512
41310695
41319623
41322355
41332052
41337843
41340980
41343649
41352060
41368224
41370745
41373738
41375719
41390095
41390321
41407596
41414581
41430567
41437943
41447650
41475663
41479534
41494125
41528349
41539206
41552106
41557736
41563777
41567288
41579124
41605180
41613872
41615545
41622347
41626176
41627761
41633788
41648249
41651823
41653991
41654528
41660613
41662958
41667733
41671909
41672159
41676219
41679391
41699746
41712283
41713810
41713854
41720132
41723782
41740971
41758092
41778070
41778496
41784427
41798089
41802174
41802624
41808165
41811512
41817731
41818918
41831719
41833947
41842560
41843457
41851285
41852088
41856916
41861651
41878902
41886721
41893354
41896222
41901016
41902204
41902405
41917976
41920428
41920854
41925727
41948315
41949248
41949283
41953002
41985816
41987677
41992127
41993086
41994439
41995237
42002230
42031177
42033856
42036376
42038913
42052533
42055683
42088109
42091373
42131657
42142166
42144831
42158469
42169989
42171152
42189971
42192684
42201113
42203170
42207630
42219792
42232782
42239039
42239553
42250961
42258707
42260170
42283021
42285815
42287573
42288635
42300960
42329710
42331738
42333172
42336174
42337647
42338828
42344178
42348328
42361198
42362286
42367089
42375743
42380392
42383342
42385600
42392871
42399941
42400265
42405836
42406293
42413308
42416829
42420551
42441247
42458553
42461086
42464876
42465981
42485391
42488049
42490565
42494122
42499200
42499713
42503583
42513362
42518140
42518518
42519232
42521736
42522159
42524135
42538210
42546586
42562558
42564323
42566611
42568326
42569534
42578924
42584973
42605357
42608837
42621272
42627307
42627866
42633492
42640255
42646606
42651212
42678212
42688054
42705457
42707629
42724912
42741287
42743491
42749622
42755024
42762381
42764384
42764649
42769085
42779713
42781541
42783541
42791045
42791659
42796529
42798990
42799426
42800133
42810083
42811476
42814167
42816162
42834279
42842249
42850046
42861346
42863113
42871205
42878828
42886551
42893671
42895146
42913396
42923977
42930431
42934777
42937699
42939192
42942949
42946742
42948642
42954451
42959535
42960324
42977717
42980499
42989808
42993922
43003820
43005005
43019378
43034893
43039671
43041996
43046062
43046110
43063348
43072108
43078817
43082533
43098216
43099989
43105193
43108305
43129217
43146145
43154180
43160552
43199874
43221442
43222620
43228013
43230481
43244646
43247669
43255294
43255885
43264792
43282609
43284930
43292719
43295672
43296861
43305037
43306259
43309110
43309599
43312758
43318180
43322725
43322987
43323825
43326121
43329626
43336176
43340961
43351917
43359885
43371556
43372675
43374705
43376416
43390024
43393296
43404996
43406843
43415449
43415552
43425799
43441459
43446981
43454826
43463430
43473551
43475084
43475435
43480681
43488428
43489615
43504482
43509600
43515222
43517860
43518990
43556514
43556619
43559503
43561207
43561663
43564466
43565861
43567386
43567996
43568561
43575748
43590113
43616013
43625461
43630791
43651550
43660080
43666438
43673076
43678982
43683705
43715891
43724568
43736576
43740131
43742886
43744822
43745890
43752332
43753441
43763473
43771154
43771208
43776509
43780018
43785282
43785579
43796931
43807422
43808779
43812290
43813664
43830099
43835317
43850238
43868841
43872826
43894317
43903811
43907752
43913001
43915642
43923198
43930318
43937927
43940843
43944413
43948223
43957918
43967422
43975774
43976531
43998905
44001350
44005322
44015154
44029207
44033346
44046262
44059132
44062756
44085089
44099495
44100497
44100536
44105990
44147209
44149328
44190140
44208682
44209914
44219707
44231161
44233284
44233436
44233654
44241061
44256950
44263135
44267006
44272834
44276580
44292711
44294356
44302105
44308954
44316909
44319991
44340036
44352279
44358254
44370197
44374810
44377791
44385635
44394480
44402804
44442320
44452445
44454082
44460666
44463099
44466721
44468180
44470235
44473878
44488095
44488099
44493631
44511132
44516228
44521410
44529450
44541399
44542610
44572843
44574436
44577659
44598425
44610093
44610625
44611369
44614183
44627038
44648512
44692742
44720220
44747446
44751777
44757525
44768742
44773376
44777067
44777786
44784589
44787111
44792947
44793792
44805018
44806655
44810605
44812829
44816453
44820436
44822943
44825839
44826950
44831614
44853423
44856408
44858833
44862535
44869592
44870196
44877749
44890116
44891379
44899594
44919896
44942771
44945349
44948558
44953037
44953540
44955262
44980092
44984061
44986188
44987533
45021596
45021799
45027386
45028246
45035626
45055562
45068707
45082575
45082812
45109797
45111832
45136636
45152495
45153364
45155708
45164357
45198958
45209551
45214084
45216374
45222949
45224779
45227567
45253315
45254426
45256597
45261638
45288163
45289494
45293040
45298721
45310757
45342359
45343755
45354807
45357324
45369054
45376153
45395240
45411888
45418319
45420296
45423537
45427418
45430845
45432414
45436418
45439630
45460254
45463748
45484670
45488914
45494322
45494593
45511912
45523401
45530228
45535676
45537687
45553632
45554961
45557784
45561525
45598383
45607450
45610268
45611938
45615725
45617141
45622577
45623049
45627666
45639169
45640318
45646820
45648056
45654440
45656921
45661469
45663085
45681470
45688886
45693731
45708011
45708024
45714717
45722259
45732607
45734691
45744032
45746320
45768556
45773814
45778662
45782719
45786334
45786859
45791232
45796101
45833904
45834898
45845174
45849902
45854161
45856881
45878898
45882150
45882748
45903036
45916255
45917861
45919103
45928091
45944183
45967068
45990873
45994810
45998085
45999383
46003773
46013276
46015420
46020772
46041564
46048272
46070385
46072437
46083149
46089645
46090583
46091017
46095509
46095955
46109494
46122325
46127575
46135328
46149842
46162411
46165596
46180638
46185371
46200982
46201412
46215523
46224848
46225268
46225436
46229997
46231497
46243208
46246075
46250765
46269443
46272213
46283770
46286272
46296793
46307919
46308628
46311942
46313600
46324923
46331005
46335989
46336339
46340584
46341416
46351330
46351575
46355886
46375059
46387185
46409693
46411154
46412881
46423357
46429046
46429659
46449657
46459296
46463267
46464509
46465966
46475731
46487590
46497718
46508415
46519366
46522500
46524167
46531674
46538263
46564479
46582264
46586313
46597004
46601624
46604615
46606596
46606928
46617217
46618947
46628283
46637368
46638476
46640017
46646085
46647100
46653277
46656389
46658519
46666655
46671884
46672022
46680877
46691232
46694362
46697329
46707754
46708472
46710210
46711181
46712666
46715469
46736352
46742293
46750856
46753873
46754535
46771739
46795937
46796620
46809384
46810353
46814148
46824137
46826576
46833156
46837392
46842080
46843022
46859199
46876730
46880729
46889095
46890884
46911252
46912694
46947497
46956444
46957883
46960280
46962611
46980569
46986569
46987363
46988092
46995314
46996367
47005531
47005558
47013369
47031229
47034743
47035539
47036014
47048535
47051786
47053136
47061489
47073198
47074303
47077526
47082305
47104604
47104767
47114569
47134737
47141882
47142634
47155269
47156411
47161059
47188100
47188713
47194790
47194912
47205763
47208023
47209323
47220886
47223493
47224951
47229560
47242313
47247372
47252247
47252698
47259230
47261919
47264376
47269185
47270713
47271794
47285282
47293740
47298111
47298567
47300390
47306555
47309350
47312185
47312223
47331931
47332324
47335089
47343635
47357292
47358253
47383720
47392749
47393643
47401999
47408379
47421118
47421920
47423893
47423932
47460419
47480815
47482089
47488214
47488671
47490830
47494423
47499625
47506097
47523384
47524961
47529418
47530921
47531817
47547823
47552267
47554401
47556469
47564439
47572396
47573712
47576497
47600286
47603390
47605805
47607918
47615043
47636877
47653216
47654910
47671254
47674788
47675935
47682781
47684487
47685552
47687023
47689436
47695802
47698023
47708332
47721844
47723227
47731385
47731944
47735082
47742519
47743471
47752877
47758577
47764142
47765888
47782830
47789396
47795422
47797876
47810879
47818711
47824499
47831840
47842131
47845768
47846000
47860566
47867050
47868717
47869713
47888251
47889473
47890126
47896386
47903986
47908705
47909718
47915550
47919821
47939872
47945291
47950599
47963820
47970743
47979841
47993510
47996908
48020548
48048866
48083137
48108609
48119386
48127498
48127861
48133748
48134832
48138548
48151558
48153347
48154021
48178088
48180802
48195888
48200344
48225561
48227973
48234542
48235825
48246177
48250478
48255704
48280639
48283783
48284006
48297074
48297875
48303606
48312503
48313925
48330217
48330698
48332372
48342435
48345605
48352697
48356432
48362847
48368068
48370659
48387767
48392933
48394938
48395304
48396808
48400181
48407921
48409959
48416499
48419923
48429479
48441155
48465765
48472302
48499635
48501063
48502358
48502503
48517907
48520257
48525227
48530293
48536389
48544802
48546248
48548192
48549610
48549836
48558630
48560532
48570148
48578350
48583047
48585344
48594653
48598476
48603748
48612098
48615051
48618862
48619559
48628828
48632990
48634279
48641579
48645486
48648717
48666332
48695346
48707539
48712336
48713819
48724593
48726331
48731737
48759023
48773993
48777533
48780342
48784452
48786758
48789719
48794550
48795626
48798841
48807725
48814697
48817009
48817239
48824985
48827486
48830693
48834842
48840015
48844326
48847612
48850613
48856081
48873073
48875333
48877608
48883082
48884499
48891033
48896319
48896330
48901368
48916088
48935425
48936753
48949165
48961654
48963441
48974327
48987746
48997204
49000394
49004765
49005760
49015095
49022594
49057318
49075493
49076937
49091227
49119799
49129643
49138605
49139259
49142917
49153734
49156568
49168435
49172791
49173478
49175136
49180337
49185154
49206755
49220243
49229989
49232326
49235899
49247499
49254697
49265486
49272352
49279708
49288406
49288733
49292474
49301282
49305544
49315443
49318655
49321265
49328653
49355984
49372511
49374126
49378282
49391278
49405621
49406102
49412933
49425569
49426413
49429070
49432098
49443117
49450195
49453947
49456061
49464096
49465112
49483706
49492030
49493285
49506010
49515254
49518152
49519333
49529882
49532772
49534021
49537555
49549196
49554598
49575274
49593083
49595706
49623838
49626291
49636971
49666618
49668776
49678280
49712611
49714407
49722366
49727879
49728155
49728351
49728769
49734298
49734734
49735480
49735692
49735983
49736821
49749768
49766154
49781546
49794185
49797168
49827018
49827695
49830115
49836340
49848090
49853895
49855829
49855857
49864552
49874239
49877644
49886205
49900486
49905707
49913924
49917052
49929946
49944186
49948932
49956503
49956922
49965174
49968663
49971960
49974388
49977024
49986206
50005365
50006677
50006688
50021337
50024336
50056535
50057140
50059223
50079519
50089503
50094160
50115486
50118606
50119177
50143501
50145670
50147988
50154098
50155924
50157682
50166594
50168328
50170806
50182395
50193234
50193619
50195734
50210940
50220176
50239169
50245900
50265456
50266907
50267194
50273232
50273491
50276614
50286968
50293715
50294748
50299222
50300971
50304448
50315397
50346165
50351258
50354936
50363412
50364308
50368873
50375403
50378342
50378391
50381216
50383033
50385244
50386614
50396936
50401507
50412083
50427811
50428362
50428849
50438130
50440501
50464286
50475603
50486316
50492056
50492067
50496582
50504558
50512946
50524185
50526041
50547491
50548401
50553375
50554285
50556622
50567270
50567306
50581078
50583038
50584478
50605445
50617409
50622063
50632925
50635670
50640894
50645846
50658217
50666352
50666735
50673664
50677459
50685439
50688134
50689101
50690400
50707629
50724480
50736331
50741003
50743855
50747516
50751157
50760374
50768600
50771025
50804376
50804465
50833655
50837253
50840705
50864533
50873227
50881871
50886062
50892610
50893349
50895663
50914062
50916112
50920199
50944789
50960633
50984726
50988826
50989740
50991202
50993211
51005278
51016335
51017902
51022039
51025886
51026054
51036880
51041101
51045664
51047138
51050108
51055763
51061169
51067465
51075256
51075936
51076763
51080105
51089535
51091009
51099536
51104239
51107145
51108957
51123499
51123774
51126291
51128025
51140176
51141652
51149102
51152341
51163424
51170881
51174765
51191624
51194897
51195944
51196862
51212488
51223918
51239083
51246304
51249210
51270611
51271504
51276459
51279010
51282865
51287689
51288511
51296562
51298613
51308729
51309646
51349894
51351212
51353342
51358075
51358204
51361389
51363518
51370803
51373735
51376017
51376762
51379074
51387755
51394078
51396948
51397230
51400717
51402915
51404142
51416665
51422987
51424282
51425238
51433296
51436498
51439456
51443296
51446955
51456094
51458164
51460973
51467718
51471211
51480690
51487585
51493914
51500397
51533001
51538423
51541378
51546715
51550852
51551019
51551588
51558639
51593076
51605120
51615228
51618568
51627313
51639801
51651418
51669331
51701796
51707313
51708210
51711693
51726521
51728555
51732980
51744661
51746016
51763054
51766003
51770212
51770503
51793432
51794828
51797821
51807399
51809040
51821234
51826773
51831297
51839205
51856230
51857282
51866519
51875352
51883424
51884280
51892034
51893195
51904884
51906585
51911796
51913330
51918368
51921737
51929666
51930267
51931246
51946180
51949126
51952049
51953046
51955847
51957650
51962725
51968894
51981658
51988994
51999387
52006555
52038470
52058698
52061744
52061878
52065746
52071624
52071981
52086340
52086565
52102118
52102715
52111482
52118483
52121955
52174139
52189127
52192992
52195320
52226322
52229620
52239316
52239502
52251744
52255200
52255798
52258188
52265110
52265426
52272583
52272711
52286651
52287809
52313315
52320610
52327590
52342380
52342931
52347003
52363748
52374766
52376692
52379763
52391551
52402543
52421822
52443338
52451298
52452245
52456930
52486671
52488878
52500234
52515573
52516155
52519118
52528304
52529046
52534480
52551229
52551492
52554636
52559172
52563556
52570533
52571147
52573845
52574100
52574135
52574447
52579741
52583486
52589239
52593768
52609656
52621409
52621529
52625828
52635248
52668728
52668998
52676986
52682473
52699338
52711349
52713294
52714001
52716084
52720911
52729669
52734053
52757977
52767126
52773117
52773338
52786275
52790522
52795207
52819335
52822032
52840580
52842809
52843600
52852956
52859537
52865403
52874901
52894468
52910154
52920226
52923038
52930996
52931581
52962844
52983962
52997616
52999237
53001143
53003092
53014130
53021014
53034497
53037900
53041371
53055664
53070630
53074150
53080256
53083948
53094849
53105523
53106460
53116318
53124406
53125384
53133802
53136466
53139514
53142102
53153913
53185040
53203865
53212710
53216389
53217861
53219220
53229533
53233556
53234661
53240381
53244602
53247445
53251806
53271622
53282915
53283044
53301443
53304902
53305203
53309220
53310905
53313267
53319745
53332707
53345712
53360563
53362533
53367857
53386828
53391098
53408275
53425033
53436207
53440346
53443745
53446623
53448243
53454642
53462224
53475808
53476409
53493110
53496076
53502897
53506884
53511489
53515940
53529607
53537253
53544642
53545014
53545674
53561435
53566374
53568416
53577317
53578724
53582222
53585629
53588044
53590175
53601973
53618768
53621219
53625804
53631372
53634341
53634602
53636190
53640641
53642886
53663537
53699601
53714647
53716251
53725260
53725403
53731526
53733950
53735911
53740603
53743072
53743347
53749854
53773149
53793138
53803350
53806224
53809298
53823997
53825478
53846440
53846679
53853922
53855870
53856095
53856258
53859880
53870659
53887994
53891156
53896142
53901224
53905356
53906261
53907033
53920051
53938758
53944962
53957046
53961031
53966238
53985717
53991070
53995752
54003929
54005409
54013521
54028886
54031686
54041020
54041647
54051646
54054998
54064526
54068195
54070096
54082227
54105510
54112701
54114240
54138855
54145093
54146269
54147122
54153716
54154457
54159214
54160974
54161602
54164358
54176474
54182111
54202820
54207835
54236721
54238369
54253233
54260128
54262095
54265666
54270258
54270336
54277277
54284318
54309850
54310396
54316399
54323000
54349649
54354207
54368771
54385577
54387373
54387547
54399664
54399784
54399853
54405911
54417130
54419956
54435555
54441884
54451492
54452119
54455192
54468232
54471231
54509788
54522592
54529434
54535348
54541938
54546209
54556051
54559012
54559926
54561967
54567211
54579170
54588063
54592921
54604858
54607640
54620003
54639835
54649745
54662995
54671646
54683096
54689135
54689262
54692812
54700028
54702457
54702803
54705918
54712466
54713669
54754663
54760709
54761728
54761943
54764442
54770750
54774939
54775695
54791436
54795175
54797229
54808883
54811692
54813277
54817394
54826292
54831167
54855653
54872032
54878370
54881080
54910130
54912717
54917725
54937355
54942867
54943222
54954475
54958828
54960604
54966833
54969728
54983173
54985742
54990990
54991970
55003548
55015437
55018438
55054366
55055786
55072528
55080586
55094277
55097946
55102117
55103172
55106740
55109174
55112196
55112679
55116029
55117621
55157694
55166261
55166565
55176619
55177549
55186001
55186675
55191647
55204966
55220196
55224837
55226831
55232635
55237097
55250199
55255564
55261968
55274261
55285255
55293226
55330124
55330410
55331325
55351497
55379736
55382006
55382763
55385125
55390600
55392812
55403956
55412288
55415919
55418405
55420495
55423142
55456514
55459077
55463982
55464742
55466549
55490768
55495534
55502937
55512620
55518168
55539118
55550661
55552181
55568536
55576864
55580465
55582233
55596811
55603408
55620690
55620999
55623015
55633895
55653341
55687104
55688922
55689065
55690137
55702038
55722951
55728886
55747546
55748946
55752345
55755549
55767370
55773631
55777045
55778446
55779105
55783576
55796929
55801762
55810235
55811385
55824438
55833310
55837466
55839414
55842970
55846099
55846715
55856054
55863826
55875909
55882571
55885589
55905922
55914141
55917906
55934762
55940311
55942334
55958046
55963217
55963600
55992925
55994604
55998860
55999888
56003322
56013043
56019208
56019285
56034309
56042341
56046519
56047454
56054710
56060808
56063895
56065637
56074622
56076384
56094711
56094813
56116169
56120943
56128838
56134122
56142478
56145177
56148795
56150513
56175233
56190153
56206500
56208252
56213259
56222967
56229186
56232494
56242882
56255489
56260156
56260372
56264788
56296595
56300635
56308664
56316860
56326226
56328068
56340396
56346972
56352497
56361932
56377335
56378595
56388970
56402729
56403652
56404493
56421503
56426207
56435980
56440611
56444096
56461317
56470439
56486438
56491932
56500288
56503347
56508621
56513997
56532815
56561998
56571971
56577144
56597942
56598414
56601708
56605545
56608028
56608591
56608765
56612346
56620540
56634513
56639922
56645339
56646141
56653688
56654363
56665475
56666529
56671359
56689763
56691841
56697068
56701308
56701480
56704890
56708658
56716832
56737692
56738627
56745662
56758298
56760948
56763163
56773228
56775190
56787767
56791447
56796491
56799434
56808365
56809394
56817725
56817923
56826740
56828488
56843172
56843762
56850970
56852437
56858467
56863977
56871239
56874037
56888112
56895598
56895983
56896836
56898912
56902857
56921150
56933956
56940832
56971436
56984814
56992278
57038621
57041550
57046368
57047356
57051213
57057373
57063138
57063172
57064683
57075164
57078187
57088684
57093522
57099234
57110234
57121178
57126943
57138915
57139638
57146908
57149261
57154363
57164952
57173058
57175008
57176427
57181274
57189774
57196828
57198568
57199312
57199471
57216869
57219068
57224474
57241332
57241489
57245593
57247018
57260189
57262301
57265475
57292164
57304335
57314423
57320736
57332392
57334035
57344074
57351435
57353054
57358946
57377175
57380370
57396360
57404239
57416046
57425901
57441562
57458857
57462087
57466734
57474690
57485266
57499876
57501032
57505826
57514253
57518842
57544479
57552667
57553795
57556647
57558233
57559719
57562597
57564748
57575616
57597850
57602686
57605211
57621246
57645294
57649305
57665360
57678361
57679571
57686689
57690800
57692910
57724437
57724944
57729449
57737458
57738878
57739932
57743093
57743980
57746371
57761732
57766172
57788201
57792282
57794358
57799574
57824541
57827418
57829302
57832974
57834422
57839329
57846511
57848034
57858856
57859908
57872849
57876877
57883414
57886307
57894280
57903350
57907895
57909879
57914586
57926566
57930982
57937071
57945210
57946236
57953116
57971133
57971325
57973549
57975417
57985584
58000531
58008116
58026637
58027921
58029703
58039364
58047877
58065012
58068760
58087257
58092232
58094824
58105240
58105545
58119910
58122338
58128473
58129487
58143996
58149665
58150297
58173591
58175561
58184253
58185076
58194953
58209546
58239404
58239568
58239589
58252344
58258072
58260587
58262929
58268923
58270417
58273530
58282127
58307122
58309834
58309998
58320088
58348236
58353361
58356517
58377134
58388515
58399413
58406614
58411217
58413768
58418285
58420519
58424857
58431862
58438027
58443737
58448216
58449013
58453877
58456225
58483545
58490763
58491342
58500280
58502669
58517767
58523937
58530167
58532869
58537058
58551846
58554473
58568650
58568850
58590460
58600525
58603108
58608327
58628549
58632240
58634755
58647647
58653623
58655008
58681115
58682587
58687879
58710487
58714022
58716355
58719443
58730953
58742208
58747020
58761124
58762589
58775901
58781423
58786900
58791211
58801027
58810207
58826908
58833623
58849613
58852258
58855251
58864031
58868335
58896195
58904667
58918285
58928515
58932431
58934750
58948506
58955804
58959271
58966212
58981548
58986561
58988263
59000577
59005717
59011843
59017961
59018412
59023329
59025614
59032162
59043793
59059833
59061569
59077500
59081768
59090200
59091488
59104876
59108544
59134149
59137679
59140744
59144532
59145316
59164168
59167808
59167927
59168692
59168954
59178720
59183885
59184365
59192766
59194259
59201067
59210058
59210376
59216484
59220799
59220816
59223921
59227879
59248615
59256168
59266730
59270232
59281353
59287436
59287528
59298385
59307504
59308394
59315872
59316099
59324705
59332773
59365751
59371862
59380675
59381999
59386197
59399562
59404981
59405141
59409733
59410399
59411090
59418332
59422810
59437609
59439567
59444167
59458233
59458357
59463729
59476880
59488302
59490007
59490648
59494071
59498835
59505168
59505388
59507630
59522612
59549082
59554150
59559025
59567270
59571620
59572478
59582340
59584542
59587593
59589997
59590078
59591566
59596534
59606512
59607717
59611875
59613478
59624241
59637903
59640241
59647877
59651510
59653577
59657113
59666247
59676127
59682160
59690884
59693518
59697281
59712985
59715576
59720964
59722137
59722640
59728685
59735779
59766769
59771122
59772313
59774601
59775643
59777381
59777945
59782263
59788055
59789376
59794894
59812068
59827412
59831652
59832828
59835359
59844061
59844674
59844727
59850974
59852202
59865079
59882940
59886252
59906977
59910396
59915076
59921527
59929738
59930282
59932374
59935910
59936591
59937650
59944400
59957506
59960285
59965563
60001769
60004790
60018669
60019574
60052141
60059649
60072319
60073315
60101835
60103545
60104987
60108348
60115782
60117906
60122480
60128889
60133274
60141885
60154977
60158768
60171300
60171985
60179687
60183704
60184570
60188171
60192362
60200815
60218091
60241708
60247900
60252872
60278663
60284314
60296612
60305621
60317692
60319352
60321787
60326551
60334385
60336464
60344145
60347268
60349286
60355059
60355881
60362241
60363463
60371290
60372808
60382210
60382730
60408056
60420836
60421583
60425879
60427477
60432791
60448799
60450255
60451722
60462760
60466960
60473236
60488188
60504985
60516080
60520029
60520074
60536641
60537766
60558295
60564631
60583547
60596010
60600982
60604161
60605760
60612207
60616615
60643969
60645165
60646965
60648319
60650577
60650982
60652922
60658097
60660110
60662487
60663283
60680831
60681970
60686402
60687704
60698035
60700335
60708825
60718759
60730029
60733409
60743792
60746477
60748772
60751565
60752175
60752253
60784142
60788143
60799393
60803622
60807507
60809096
60818389
60818541
60826726
60827058
60828857
60829640
60834263
60837132
60850233
60857397
60860947
60860953
60873801
60883204
60889099
60891780
60902560
60930723
60933628
60940286
60943822
60954054
60958582
60961425
60969930
60969968
60977444
61003069
61009672
61010105
61015517
61018428
61018917
61025185
61033149
61034278
61034630
61046103
61056128
61066919
61073467
61078485
61079851
61079932
61085442
61097647
61121489
61130644
61135268
61137593
61138337
61150217
61155456
61161314
61176080
61183792
61191102
61193941
61198554
61214682
61223847
61232543
61238420
61249656
61255723
61255792
61269061
61274000
61286786
61289590
61298896
61312615
61319635
61323320
61341611
61342544
61343949
61347434
61351889
61365168
61374678
61374928
61378987
61380875
61381847
61395111
61396986
61413019
61422887
61426608
61427819
61429744
61441225
61473257
61478468
61486256
61509747
61539727
61548733
61563411
61573196
61575639
61579366
61591828
61603423
61607643
61620246
61624118
61626188
61626444
61627150
61633453
61643389
61645516
61646294
61649278
61654406
61658616
61661212
61671633
61688671
61690074
61690442
61723998
61726476
61730967
61744074
61746796
61752449
61775459
61776781
61782617
61787898
61791212
61792225
61795275
61798116
61798952
61823998
61826847
61841744
61845053
61861209
61862570
61865693
61866117
61867581
61880590
61889082
61890557
61890907
61896993
61921218
61921598
61935061
61940306
61940745
61950477
61951117
61969998
61970041
61986800
62008475
62008750
62013761
62038234
62044358
62068145
62071036
62079724
62097377
62117864
62125060
62132079
62143036
62152606
62152680
62155824
62187663
62203322
62207362
62253880
62266968
62272754
62279123
62310374
62350108
62358623
62364578
62365631
62367555
62375399
62387673
62395883
62404607
62422060
62432136
62438541
62439862
62447840
62450369
62471210
62471458
62473196
62477130
62488312
62499971
62523694
62535989
62537986
62550949
62552485
62556240
62556761
62558620
62593703
62602145
62617756
62618337
62623412
62630207
62631862
62636417
62644484
62652300
62654536
62684931
62696165
62697174
62704235
62724637
62730324
62732466
62743393
62744873
62750566
62758962
62778809
62779885
62783704
62790583
62794092
62809178
62844063
62847408
62858656
62860308
62861005
62865908
62871479
62882179
62887344
62896549
62897885
62914255
62920328
62924436
62925277
62927834
62947260
62958969
62970338
62973464
62982601
62993568
63019945
63022020
63033371
63041651
63042260
63044601
63046269
63059634
63065195
63070150
63075902
63087624
63089354
63093780
63094984
63103520
63110684
63116288
63123331
63133722
63139163
63143749
63149457
63153948
63155012
63164665
63165296
63166809
63182754
63194611
63197675
63202814
63206882
63208369
63215789
63216303
63218080
63225988
63236241
63239515
63247673
63262496
63262681
63267812
63268971
63273591
63287738
63289480
63291304
63293249
63298984
63311504
63319007
63320457
63328466
63330061
63351285
63352057
63354451
63363190
63372074
63377732
63380144
63394507
63410387
63419101
63424216
63445578
63465335
63500627
63515978
63524073
63543676
63571187
63577539
63577595
63579010
63583104
63585219
63591896
63601642
63601812
63602766
63608988
63609453
63617643
63624975
63626143
63628093
63632096
63639593
63646166
63654168
63659546
63665210
63680363
63685865
63686133
63688494
63692118
63696731
63719702
63719785
63742969
63748212
63750648
63755311
63759051
63759705
63759796
63776355
63791458
63795460
63797166
63799404
63801250
63803326
63818934
63847103
63861470
63861812
63870229
63874510
63876265
63884312
63896778
63898292
63913077
63923374
63927521
63928374
63931625
63933800
63935261
63971455
63978552
63985063
63991185
63992221
63992438
64008219
64017888
64021516
64033463
64043581
64057299
64057704
64062267
64066194
64071037
64081331
64083133
64112327
64128733
64145128
64161131
64178910
64181657
64185763
64201948
64202348
64203537
64210223
64230291
64232655
64239300
64243438
64244971
64250643
64257115
64274499
64282001
64284502
64296989
64299748
64300465
64301964
64302339
64310583
64318031
64319643
64320686
64333579
64334980
64335078
64336816
64337767
64344827
64356664
64375656
64384223
64392107
64393781
64411351
64412196
64413955
64433608
64434787
64444835
64455668
64457320
64468139
64471902
64474349
64475477
64499469
64501004
64521298
64529875
64531849
64537145
64539824
64556334
64565200
64567768
64586810
64588670
64595263
64609326
64624064
64625464
64628818
64629087
64634491
64638222
64647621
64653849
64654733
64656863
64658391
64660089
64661954
64687471
64710212
64712212
64717554
64721635
64729773
64737956
64745244
64753011
64769520
64772396
64794401
64799381
64801626
64814085
64834630
64837625
64839489
64865378
64865688
64865745
64873729
64874863
64875975
64887200
64895114
64896082
64899911
64901980
64906404
64912360
64920863
64929153
64934057
64949884
64959847
64961978
64973267
64980628
64982741
64987450
65004952
65010022
65016908
65017597
65024460
65028903
65030991
65044409
65052075
65057564
65063076
65067145
65077454
65080291
65086620
65095422
65095796
65096015
65098675
65101489
65114159
65117570
65117833
65122134
65139162
65152424
65154840
65155486
65161009
65165234
65170097
65183982
65187376
65190665
65192390
65212100
65216558
65223541
65224733
65237739
65254602
65269232
65279615
65290355
65294717
65308422
65319593
65330661
65345229
65376317
65381721
65391322
65408455
65417207
65425830
65428702
65439799
65448460
65451304
65454736
65480980
65491975
65495579
65497443
65511487
65517273
65520524
65535065
65550213
65568846
65573380
65584863
65610585
65617275
65621734
65623218
65625043
65628659
65634182
65634307
65635769
65640516
65650376
65651797
65661470
65668233
65676335
65683965
65690557
65701753
65712127
65716102
65749150
65751981
65765744
65772550
65794001
65828321
65833703
65838239
65847549
65850187
65852399
65857362
65864939
65869062
65880408
65880620
65885109
65895625
65900866
65905508
65910891
65912482
65913883
65917348
65931529
65937963
65940054
65962025
65962398
65976430
66002326
66006684
66010356
66025960
66032140
66035621
66041068
66042966
66048198
66055923
66058178
66059677
66067864
66069727
66074595
66084990
66092875
66103246
66113991
66115182
66119368
66122306
66131001
66164367
66169725
66174255
66184649
66192328
66192614
66193623
66200094
66201138
66209501
66211299
66222579
66249120
66259953
66264593
66276425
66279220
66287346
66290904
66327498
66328402
66344695
66369559
66384078
66399274
66415240
66429690
66441834
66445215
66450673
66477306
66488196
66505185
66515257
66518732
66529055
66533597
66544069
66546108
66549201
66565487
66574453
66596242
66602386
66613470
66615299
66615424
66623964
66645881
66647219
66669618
66674567
66678490
66681758
66682425
66704719
66713807
66717207
66719157
66722854
66741272
66741619
66743746
66744405
66746373
66759440
66760536
66761877
66771435
66774758
66779549
66789067
66793348
66794150
66800236
66808290
66822788
66827111
66833575
66849972
66854421
66854687
66859285
66866809
66875034
66876132
66880568
66886248
66891632
66903333
66904084
66922213
66925607
66926536
66927446
66929240
66936450
66936944
66939530
66942625
66943000
66959442
66972340
66989711
66993609
66994402
66998400
67007454
67022869
67028636
67034952
67036079
67045725
67074073
67076326
67096209
67097268
67098859
67103255
67123140
67132625
67145061
67147318
67157470
67172305
67174198
67175759
67179343
67188470
67189130
67196533
67199903
67206389
67234903
67240949
67246012
67256412
67269589
67269916
67279562
67286177
67288603
67289229
67298306
67307473
67310814
67311355
67313141
67323053
67332562
67334736
67340477
67344890
67363681
67364490
67370692
67373402
67376186
67379477
67382365
67390900
67397080
67403536
67417404
67436551
67447931
67457723
67459552
67460087
67484433
67484457
67487669
67496196
67498096
67502432
67514322
67514888
67524249
67537761
67538313
67545113
67545862
67550338
67552675
67553472
67555461
67581486
67598155
67601911
67615059
67618896
67622955
67640046
67652022
67658762
67661128
67666189
67669234
67687742
67694866
67703509
67705666
67722260
67729966
67730433
67739774
67743964
67750611
67753969
67762727
67764577
67767572
67768082
67792595
67808734
67836476
67837630
67846875
67853954
67860146
67862573
67865697
67894828
67915372
67962383
67964118
67965334
67965810
67972636
67989388
67992519
67998476
68003747
68007440
68010619
68049899
68050675
68052969
68054881
68065633
68086739
68096335
68107861
68120260
68121503
68128367
68128737
68133892
68138233
68152400
68166474
68178716
68188155
68190547
68198720
68223433
68229534
68233997
68237668
68253029
68278835
68280230
68284076
68287660
68294494
68295004
68311873
68317251
68327360
68337572
68338827
68339660
68344181
68347815
68352119
68353891
68363281
68379329
68426335
68445879
68447006
68447913
68457687
68463955
68477461
68483949
68489821
68492004
68497493
68506938
68508176
68511020
68515977
68525010
68536068
68536699
68567334
68568051
68574372
68575064
68582184
68582244
68583821
68586450
68598492
68600765
68603471
68604961
68606856
68614664
68635833
68639680
68649052
68653072
68660998
68662852
68663949
68670628
68686408
68688039
68690078
68693896
68723983
68727076
68728046
68734131
68749408
68760497
68781095
68784257
68785988
68789934
68814288
68824286
68828378
68838058
68841000
68843306
68847674
68871375
68885820
68909109
68934672
68935796
68940629
68946037
68956033
68957802
68961468
68964638
68980035
68993029
69000208
69002116
69014303
69017265
69020388
69024957
69033306
69063322
69068197
69087864
69089136
69089704
69092411
69108044
69113609
69117527
69120885
69132062
69138962
69144660
69149098
69174750
69176774
69178650
69185425
69186223
69205033
69212176
69214497
69220022
69235031
69248266
69257722
69260907
69267725
69272859
69278929
69283516
69292712
69300715
69313610
69314160
69322663
69330319
69331819
69335189
69338035
69364625
69372829
69380328
69391795
69404152
69415004
69447157
69454591
69480680
69490657
69515374
69516232
69517862
69519726
69532591
69534184
69554200
69555855
69560939
69562620
69571248
69579585
69583853
69586449
69603546
69603639
69617010
69618139
69624113
69624555
69638275
69651729
69672302
69682524
69700066
69702382
69709128
69711537
69713000
69719484
69720034
69724531
69736698
69747649
69753282
69763266
69773196
69791803
69792806
69799008
69808158
69808829
69809438
69812698
69829440
69830974
69837672
69841335
69841397
69845840
69850160
69852344
69868533
69869980
69875974
69876379
69889928
69893350
69926611
69938004
69940733
69949614
69950238
69955977
69976230
69979937
69982592
69998355
69999952
70014389
70018186
70026353
70038777
70059197
70068570
70071102
70076252
70082826
70084234
70084996
70085038
70085829
70092147
70096127
70113843
70116259
70118058
70120237
70128170
70130678
70149165
70152833
70156574
70162578
70162759
70172763
70178994
70193510
70197863
70198153
70199086
70206480
70209595
70219097
70225080
70227284
70232075
70246970
70252811
70300669
70302092
70331034
70343380
70353078
70360671
70362860
70386521
70389387
70390729
70407403
70415190
70423327
70424091
70430993
70432559
70440538
70444670
70446207
70449283
70450603
70456010
70464919
70469277
70477588
70484308
70491888
70495014
70502589
70506119
70509789
70522865
70527792
70540684
70540785
70566972
70579683
70582611
70583345
70595604
70599783
70617945
70618972
70619068
70643061
70649043
70663330
70666120
70672170
70685820
70698833
70707292
70709076
70711356
70712095
70750441
70756264
70756848
70761709
70763991
70765018
70767240
70768641
70774467
70782111
70800670
70807213
70811336
70819004
70822956
70823078
70830908
70843952
70853417
70854677
70865163
70878648
70881844
70885172
70895224
70896417
70928207
70934205
70941648
70986737
70994168
70994336
70994506
71017263
71018904
71020238
71021726
71025063
71026577
71038453
71049743
71061438
71069888
71076840
71076952
71083604
71091630
71111282
71111865
71118721
71128141
71139952
71143035
71147356
71148448
71167015
71167240
71168407
71169025
71174460
71179165
71185501
71192465
71193518
71210364
71220768
71254877
71257059
71260803
71263450
71264268
71271373
71278085
71288455
71290652
71291862
71304435
71310985
71311563
71314297
71323976
71348623
71367420
71369007
71371207
71379106
71381281
71383722
71385703
71387269
71390634
71393764
71404901
71410616
71426859
71427934
71429682
71444028
71449161
71465833
71468370
71473576
71474071
71481526
71491509
71502090
71503216
71510614
71512540
71516953
71521220
71521552
71525802
71542049
71549381
71550425
71567170
71569217
71570039
71570409
71574989
71575368
71586316
71589792
71593864
71595700
71603804
71611747
71613759
71615799
71617507
71634717
71645445
71653428
71656060
71656734
71658524
71667710
71677334
71687645
71693221
71709388
71722869
71725130
71734935
71749745
71750326
71760907
71779347
71781254
71783795
71787030
71788308
71795388
71803310
71804968
71808872
71813765
71819257
71827600
71829037
71830473
71834311
71848619
71854399
71854413
71874875
71879192
71890860
71906806
71913692
71925604
71926761
71933225
71935953
71937847
71963722
71967194
71977958
71978761
71985957
71990987
72012680
72029880
72039290
72044698
72045353
72046904
72051479
72061292
72087773
72090099
72091627
72093526
72094851
72106823
72110209
72113361
72114303
72116321
72136805
72145341
72147560
72175697
72178126
72182231
72184225
72188401
72191628
72207047
72219935
72223272
72226568
72231691
72252973
72253334
72258170
72261944
72263057
72263387
72269448
72272349
72301625
72301724
72306850
72311871
72337234
72341309
72343789
72344049
72346468
72352908
72354091
72359023
72378024
72379974
72384198
72390507
72400090
72403619
72415572
72428990
72449092
72449629
72463708
72467363
72494304
72502061
72510462
72511835
72543834
72549550
72558906
72565320
72568746
72569533
72576608
72577487
72579798
72599138
72608965
72609013
72624157
72644715
72663381
72665387
72671932
72678325
72686798
72697310
72701303
72720992
72736428
72743428
72749798
72754452
72763735
72768990
72774750
72784572
72786486
72805215
72811464
72838709
72869071
72877345
72879850
72880415
72893545
72895131
72905342
72916579
72920070
72920479
72922537
72924666
72925083
72931849
72939772
72943184
72955530
72956382
72957345
72962035
72982006
72982340
72984575
72998197
73003151
73015266
73019710
73021200
73064057
73087368
73089975
73099957
73109592
73124887
73133684
73134914
73138805
73154148
73168252
73175840
73176681
73177845
73182665
73183054
73186969
73196458
73203527
73209710
73215853
73218713
73219179
73220920
73228465
73231412
73232313
73238810
73267870
73271706
73272356
73287593
73291692
73297368
73308603
73317158
73317380
73330481
73332578
73338641
73340972
73341211
73362338
73369061
73396833
73407386
73410857
73415554
73422340
73425724
73436545
73459819
73471875
73497971
73498807
73513945
73526092
73526908
73528384
73534255
73540335
73547145
73551481
73554395
73554536
73560922
73606366
73611180
73638621
73659841
73663816
73682038
73685110
73702587
73702627
73703475
73705830
73709340
73723724
73741194
73752118
73752389
73758079
73760729
73767076
73769835
73769879
73771895
73776586
73778234
73778474
73785277
73795977
73810680
73819949
73831970
73841159
73844085
73879672
73894665
73898515
73904810
73910315
73921955
73928479
73931323
73939199
73957914
73973924
73983942
73984652
73987576
73994727
74017059
74023963
74024163
74024893
74029036
74029195
74048445
74073689
74109347
74113892
74121239
74122233
74130365
74140778
74145242
74175459
74183385
74185297
74188745
74202372
74203615
74210755
74220895
74228960
74234736
74241880
74242619
74253835
74271778
74285472
74311938
74320330
74322381
74361449
74361741
74380477
74390309
74393080
74424105
74425252
74434053
74447955
74450272
74451919
74458936
74466451
74471399
74476530
74480916
74491989
74497416
74499395
74502533
74510104
74532002
74538027
74539725
74553527
74554626
74561599
74570403
74572749
74574714
74587850
74592282
74603964
74618646
74630630
74632921
74640162
74645272
74653533
74675862
74680984
74717637
74718922
74741885
74749658
74754365
74760500
74768853
74773914
74784982
74799434
74799947
74802958
74812319
74825073
74844659
74851345
74851679
74867582
74906807
74907248
74912802
74914781
74917260
74924516
74927311
74929832
74938237
74941063
74944874
74945125
74949813
74961024
74965661
74966010
74971247
74977777
74982454
74982604
74985319
74985402
74995554
74997575
74998119
