For an array with 100 items set in descending order, it took 1.44046E-4 seconds to sort the array using the bubble sort algorithm.

Below is the array after having been sorted by the algorithm: 
272181
657833
1087513
1551053
2105737
4172873
5058209
6742642
7311680
8842154
9137778
9321477
12886662
13511455
13648957
15139258
15416039
16188977
17869421
18513492
19450733
21641612
22816074
23180038
25486187
26427099
26461362
26487261
27407159
28373807
28555892
28862655
29215533
29480903
29986108
31104154
31426565
32528250
32841973
35402411
36487924
36519668
38937995
39067152
39337038
39852458
40037390
40219874
40277399
40417346
40470609
40629167
40831903
40927565
41100524
41697247
42157020
42413000
42431877
43301351
43798544
44030829
44297870
45251592
46618103
48102414
48117204
48226449
48354855
48473153
49063910
49755989
50418180
50831895
53392373
53938436
57199747
59543075
59864560
62834826
63189741
63459063
63614014
63772859
65528320
65541707
65885001
66131978
66937577
67109033
67334006
68542582
69133995
69760090
70791229
73056199
73783136
74361193
74607222
74876122
