For an array with 100 items set in random order, it took 1.58632E-4 seconds to sort the array using the bubble sort algorithm.

Below is the array after having been sorted by the algorithm: 
722322
1323057
2371637
4637324
5045271
5187571
5430281
5864282
6201960
6234387
7665948
9205961
9872003
10737521
11046641
11524240
15937955
16047067
18289090
19609141
21328675
22356811
23120048
24837513
26079470
26819884
26827926
27989675
28281999
28478550
28486056
28684268
28829321
28962807
29055509
29283776
29706679
30211609
30369339
30575506
31349985
32268486
32817995
33115236
33470664
33819991
33923001
34639123
35423374
36925276
38055398
38072717
39786869
39796971
40130448
40903376
41564767
42812828
43630333
44570523
44783926
45352484
45684923
46060306
46399538
47459732
47627302
48945214
49564646
49689933
49965510
50036560
50092890
51719836
53140182
53909142
55408774
56325106
60172950
60898685
61033474
61688991
61689297
62927161
64032958
64245854
65594199
65816426
67625141
68002861
69337215
69386692
69546595
69738585
70357411
70910602
71599502
71650072
71726776
73262510
