For an array with 1000 items set in random order, it took 0.011203819 seconds to sort the array using the bubble sort algorithm.

Below is the array after having been sorted by the algorithm: 
55403
90125
108762
279603
353912
503141
566952
829046
851315
1188955
1261598
1273693
1289261
1370584
1406532
1528017
1635973
1981038
2035978
2071813
2126953
2132715
2133232
2309445
2317405
2544519
2562399
2751203
2867054
2885017
2891245
2913057
3018530
3032293
3118311
3197258
3305577
3379279
3432417
3470451
3579027
3603292
3622190
3986578
4050661
4079681
4107836
4129540
4201461
4263072
4402090
4473897
4508612
4614284
4695201
4708629
4711796
4756082
4867645
4871751
4936764
4970955
5025210
5066505
5303841
5329572
5350596
5438714
5453631
5512162
5534403
5760785
5898928
5956441
5973891
6024313
6281959
6328465
6355007
6461108
6482028
6653686
6761490
6794186
6955447
7109755
7363578
7387035
7442545
7621745
7633655
7694087
7758329
7789343
7836111
7868906
7885256
7946974
8034195
8067487
8069979
8093273
8150599
8177958
8211404
8462271
8578478
8601507
8608645
8637316
8643413
8700063
8940107
8983942
9021067
9101676
9159301
9165145
9211741
9218157
9238727
9334824
9444090
9473292
9473362
9483679
9513658
9595448
9709630
9813995
9901945
9953413
10223186
10283600
10372104
10423590
10426258
10433773
10715157
10755520
10757257
11172286
11388023
11491567
11620398
11697833
11748379
11776410
11872269
11955998
11971241
11981953
12150603
12153710
12476636
12675774
12735496
12746734
12818285
12894735
12958141
12993282
13030990
13188251
13418728
13452989
13601344
13624609
13707666
13726678
13783098
13899267
14029749
14225519
14228618
14268980
14307947
14329086
14403328
14458928
14607504
14741090
14758953
14772221
14792197
14805174
15011227
15115609
15209765
15214200
15249888
15279078
15313388
15346997
15392551
15396983
15406976
15455520
15626431
15666480
15690021
15952283
16008301
16151834
16187698
16235376
16339637
16383350
16390175
16427805
16544570
16553100
16564841
16683423
16752793
16769624
16829110
16877589
16892285
16939492
17009962
17012929
17079350
17099582
17194339
17212200
17272116
17376729
17423649
17484366
17667806
17683751
17753327
17802041
17808006
17815001
17928400
17951427
18052647
18071489
18216419
18292280
18384603
18385731
18406637
18459593
18501147
18533361
18537506
18555547
18656139
18669938
18846264
18878920
18975963
19044168
19180930
19188820
19213929
19261938
19297544
19317730
19349134
19392480
19568839
19666286
19714070
19833857
19874882
20060101
20082799
20315248
20333555
20349016
20385942
20506694
20509723
20513732
20600591
20648108
20751877
20762964
20876128
20986948
21001973
21169675
21337617
21402714
21729955
21755355
21828755
21965589
21986816
22012196
22087222
22107939
22179145
22227775
22371185
22372662
22571981
22634088
22705778
22806150
22822645
22840141
22847056
22887057
23006463
23016061
23071680
23079797
23083319
23160952
23251267
23282059
23395551
23458467
23536239
24015890
24032371
24275232
24284069
24297951
24504440
24600118
24604495
24763440
24906059
25334834
25386725
25402588
25584201
25618455
25635910
25786666
25952217
26127052
26141653
26205451
26340941
26391231
26399156
26418860
26597286
26617317
26621493
26684713
26746070
26889212
26892391
27008110
27056091
27284257
27332945
27375454
27398608
27620850
27627292
27679892
27866577
27994907
28042876
28085459
28282088
28420347
28484432
28486911
28578996
28585487
28665111
28727523
28735827
28835299
28937898
28966350
28982167
28998561
29010475
29040602
29072312
29143349
29153880
29164158
29189230
29317154
29350528
29388039
29390756
29446714
29553466
29591077
29809085
29811985
29958151
29972683
29992992
30063447
30275263
30338063
30417705
30505477
30537419
30709839
30789607
30845666
30940711
31039150
31209619
31213935
31292747
31326718
31456688
31460790
31484512
31502085
31536880
31598997
31611076
31648539
31658713
31735359
31738933
31804626
31873804
31887249
31903235
32059515
32095858
32121966
32195102
32199019
32367381
32532702
32583023
32590741
32599681
32613768
32620260
32673646
32769312
32825714
32937879
33059013
33249604
33625510
33633938
33702332
33774528
33776412
33793971
33829206
33833458
33873192
33904747
33956797
33960914
33970483
33980500
34252196
34322289
34366265
34366420
34374104
34435081
34435124
34461328
34488341
34502517
34526046
34664960
34671375
34702743
34780092
34926783
34992601
35148915
35158332
35158681
35223720
35243513
35301679
35315680
35400410
35930711
35950409
35974749
36155112
36201785
36315958
36414127
36471768
36491128
36528210
36875922
36924964
37189911
37254199
37281832
37382926
37450620
37471926
37587108
37611259
37650395
37788701
37844603
38008527
38027019
38083981
38084962
38285852
38327948
38345154
38390106
38601253
38618854
38634650
38638767
38723575
38748918
38763228
38831690
38878761
38893648
38930143
38972677
39275309
39286857
39296494
39416197
39644806
39689030
39792733
39879270
39898997
40068261
40138524
40144291
40169015
40195685
40228976
40294624
40310557
40324705
40328447
40372552
40390272
40731737
40912281
40964840
40973722
40979685
41080876
41090606
41120380
41224952
41314202
41329742
41441063
41481749
41505922
41506361
41526573
41668022
41727502
42028269
42059349
42106749
42266091
42302984
42385815
42639293
42889652
42891112
43020136
43048339
43067696
43245974
43321295
43363406
43384489
43389870
43432086
43454478
43700745
43783961
44016973
44054891
44079561
44109958
44240924
44254567
44327007
44402391
44511932
44708663
44798795
44896137
45005493
45117890
45146100
45173718
45193209
45253461
45286872
45333347
45458766
45464141
45471331
45525994
45577063
45704122
45839882
45884528
45896124
45916064
45916384
46023874
46048745
46108198
46143481
46229276
46281873
46353898
46444782
46603507
46622088
46680781
46710135
46723557
46732697
46776066
46801633
46818551
46950474
47044845
47081752
47153077
47190842
47223690
47269122
47399311
47448272
47517846
47649596
47710108
47711753
47898431
48111233
48113871
48121699
48138341
48144857
48148347
48549931
48628082
48669667
48706971
48950786
48984305
49025824
49197074
49205217
49273842
49332520
49532724
49635073
49642763
49684465
50008364
50061533
50062613
50153907
50212918
50224441
50307307
50450719
50629031
50713643
50725580
50789813
50855545
50921309
50973442
51106291
51173688
51372172
51416671
51471609
51672628
51682542
51841533
51999982
52004968
52005240
52160441
52521852
52608559
52730450
52761690
52831070
52901540
52907988
52936177
52937357
52993486
53173592
53233358
53251228
53399612
53558176
53611209
53708075
53835045
53874013
53900390
53988900
54002168
54060731
54075731
54088373
54206750
54215577
54242820
54319330
54486778
54513166
54528495
54671488
54694062
54853160
54874945
54979702
55023876
55028708
55108008
55260342
55309532
55365489
55397811
55440957
55470018
55526078
55530121
55933202
55947615
56047380
56077039
56152258
56274172
56278720
56360220
56603431
56658254
56679363
56743582
56788825
56866588
56881512
56927086
56999470
57079652
57120311
57209931
57215589
57398872
57432804
57465141
57550075
57631232
57712966
57838445
57862278
57882404
58046753
58227960
58230289
58386692
58397343
58448718
58465806
58470067
58504121
58510405
58517432
58609372
58624147
58678481
58749375
59050836
59058173
59167297
59173043
59379717
59393674
59415769
59439707
59470689
59607312
59609372
59713116
59769198
59791425
59808929
59891567
59898099
59903178
59953429
60010849
60032395
60275628
60401881
60623170
60760305
60778280
61077749
61132717
61174087
61179717
61188489
61231615
61382278
61421078
61468405
61508626
61570842
61620785
61626905
61629083
61772174
61856288
62141792
62178188
62281855
62410182
62419887
62426315
62475172
62594220
62694226
62715427
62784932
62903674
62938456
63020397
63191060
63296723
63300209
63419087
63543396
63665672
63692750
63718740
63747050
63768173
63786135
63791209
63831877
64057003
64421920
64470834
64512732
64514483
64548429
64660243
64793784
64807840
64812424
64896482
64924986
64980160
65005587
65060012
65107330
65246253
65276599
65305989
65308471
65334248
65344223
65365998
65402801
65428199
65461346
65530121
65592814
65618963
65666916
65674174
65799818
65843028
65938594
66000087
66049135
66099297
66330224
66458064
66484397
66497091
66590270
66705256
66844697
66916635
67016488
67049676
67212004
67221497
67346468
67524736
67670294
67711610
67783074
67796631
67877874
67928353
68057991
68086517
68156380
68281246
68359892
68712988
68742983
68772453
68778019
68852764
68929231
68943911
68956337
68977479
68981138
69250921
69257463
69425246
69542765
69601320
69604442
69652314
69721954
69761960
69863516
69966530
69977840
69979912
70083297
70092917
70196804
70234141
70397610
70471795
70481428
70537685
70590059
70721148
70845166
71065936
71160369
71171951
71304735
71329222
71346876
71622379
71675577
71696066
71741134
71741929
71916349
71970234
72034119
72054333
72100549
72132511
72188833
72220705
72294448
72347004
72596350
72727258
72818624
72888289
72917846
72967800
73198099
73213288
73303410
73333378
73450606
73488065
73626599
73724338
73907545
73929261
74090389
74101641
74205565
74470834
74619418
74823773
74955640
74991077
