For an array with 10000 items set in descending order, it took 1.338463053 seconds to sort the array using the bubble sort algorithm.

Below is the array after having been sorted by the algorithm: 
10210
19153
23068
24999
30266
36731
40302
48792
54290
58343
68380
71237
71401
71999
73492
97890
109094
109099
125368
129594
152392
156016
160635
164280
167440
204093
208667
217342
218060
226838
229959
246674
250458
250470
253174
255866
258104
261437
263600
263825
271300
272905
275021
279747
282760
286566
301686
303954
304581
312352
314026
332865
348359
355046
355201
359059
361497
361544
367512
384308
392823
393269
421233
423161
425757
425870
426503
432553
435496
439601
442229
445656
451529
467915
468354
476421
480800
489405
491410
500917
502218
513502
523971
563791
566443
566530
567188
573021
589673
592793
598381
609917
633639
639181
648732
665933
673489
686542
691113
691535
692801
699004
701138
702138
703349
706101
712604
728429
732910
738587
739492
747963
748488
765672
779492
792089
794888
796398
813054
813524
827292
850527
859882
871635
882081
889890
901369
902536
903564
905372
913148
915378
947746
948305
950589
973869
981507
982391
983821
985171
985341
996295
998529
1001859
1003726
1014337
1027225
1042129
1056062
1060301
1071463
1072089
1074208
1082228
1083614
1085538
1088174
1097657
1101899
1106279
1115238
1125387
1129730
1133915
1139543
1148348
1151338
1155606
1192565
1217079
1220544
1223213
1226089
1238291
1252713
1254108
1260402
1269691
1290319
1303642
1319353
1346182
1347659
1355027
1355146
1367221
1370897
1373472
1382171
1388460
1394587
1401776
1402063
1405686
1411299
1417294
1427138
1450039
1452709
1454311
1466669
1468985
1469437
1469848
1474992
1480781
1481817
1481879
1500152
1521572
1532143
1534709
1535187
1537667
1559693
1560721
1566308
1568888
1580413
1591567
1593148
1594362
1601381
1606533
1607355
1608222
1619645
1628396
1630069
1633248
1640371
1644225
1656970
1659215
1660860
1670092
1677419
1678314
1689463
1691199
1695842
1697361
1697618
1710624
1712248
1713501
1717076
1725880
1736845
1741609
1744790
1765360
1768162
1785110
1786646
1787776
1794591
1795819
1807344
1812994
1814951
1823376
1825021
1827664
1831635
1852764
1855057
1864339
1868146
1874101
1877887
1882044
1896606
1906758
1920322
1929829
1934294
1948392
1958939
1965067
1969331
1984082
1986261
1997130
2012360
2022683
2028678
2045201
2054805
2080024
2082511
2094940
2102259
2103641
2103936
2104403
2135650
2139487
2142742
2143011
2146500
2149067
2157107
2158304
2161536
2164254
2170920
2172825
2175492
2175747
2184176
2190059
2195625
2198177
2206118
2207382
2229608
2232497
2238002
2238025
2272465
2280842
2281744
2295310
2299847
2307217
2331111
2333765
2335834
2340865
2343359
2343385
2348657
2350940
2353148
2358687
2374434
2374441
2382260
2383242
2390042
2399177
2403068
2423583
2435817
2436145
2450406
2451602
2457658
2462597
2474110
2485380
2491309
2497192
2506907
2511392
2511429
2511928
2519651
2526119
2537841
2538389
2572090
2574885
2578260
2584147
2593101
2615075
2624998
2636853
2658848
2664024
2666174
2670042
2678004
2686328
2688414
2691728
2718759
2731067
2737335
2737813
2768880
2781999
2789873
2791914
2792766
2819259
2824289
2825869
2831857
2850804
2860258
2871015
2873872
2877206
2881898
2884778
2886012
2887870
2888153
2893691
2919024
2922825
2927442
2932919
2937601
2944213
2944218
2954846
2956670
2967162
2969450
2974319
3004805
3004847
3006814
3010583
3013329
3015216
3034290
3051443
3061946
3069188
3070826
3078422
3083079
3099089
3116537
3124065
3125225
3143354
3143962
3157185
3162905
3163537
3176975
3179447
3179654
3184135
3193626
3198303
3224910
3233556
3250668
3256611
3268370
3269235
3270623
3291615
3292090
3293649
3294020
3294431
3297075
3299341
3303243
3315685
3330729
3339682
3340278
3348497
3348908
3350429
3357764
3361732
3362881
3365739
3369005
3376730
3393434
3406401
3406422
3418324
3423545
3431456
3441707
3441976
3446653
3451703
3454686
3461308
3470624
3491418
3493356
3509572
3518546
3520254
3523538
3530672
3535792
3536289
3544448
3553069
3554195
3574125
3574483
3591531
3591596
3601214
3603796
3607491
3615957
3618792
3620042
3645776
3647037
3648859
3651125
3651184
3677669
3685921
3698619
3699420
3713740
3719273
3724096
3724303
3725957
3726524
3741252
3745782
3757115
3809422
3813035
3816797
3819531
3828542
3840949
3844581
3861932
3866011
3875610
3879232
3884566
3888985
3901026
3928074
3929602
3945126
3959760
3961161
3962008
3967606
3994062
3999504
4014223
4020877
4039112
4040567
4041020
4042748
4069431
4082242
4110642
4111738
4112745
4138498
4138718
4140122
4144499
4145838
4153307
4155324
4157613
4158409
4161190
4162047
4169690
4173424
4174518
4203730
4203987
4204931
4208518
4210922
4211259
4219765
4221147
4240921
4243919
4248833
4267283
4269188
4278853
4287927
4289808
4290573
4291258
4293859
4298070
4316340
4320571
4339505
4353677
4356643
4362467
4362656
4381490
4410732
4418699
4423494
4435760
4441532
4444108
4453305
4469786
4469941
4496221
4499055
4505865
4510784
4520122
4523174
4525575
4527208
4533790
4542403
4545142
4563718
4566301
4569625
4572484
4575832
4582676
4602577
4602586
4606322
4618309
4624514
4630137
4654061
4655857
4665290
4668354
4691533
4698559
4704114
4708856
4720466
4721010
4724594
4728123
4741646
4743495
4744192
4744708
4763510
4763807
4772289
4775646
4785736
4786124
4792837
4795809
4802114
4812077
4829658
4832037
4844513
4846997
4847172
4847875
4849158
4858038
4873113
4937927
4944481
4945832
4950943
4954497
4963013
4967740
4986233
5007136
5018500
5023625
5033734
5040007
5054166
5059616
5074387
5078957
5080486
5086578
5115149
5115295
5120157
5134182
5135157
5135729
5139351
5150187
5153204
5164366
5177780
5184013
5193787
5201334
5205050
5211584
5218090
5223588
5233677
5235208
5246450
5251855
5257983
5263468
5275516
5310467
5322737
5326995
5330766
5333548
5339714
5342180
5345073
5373068
5375331
5387930
5391445
5393127
5398135
5410701
5421552
5436522
5439172
5450055
5453776
5459369
5483423
5485604
5488142
5495457
5505762
5510226
5522538
5526922
5532935
5535294
5549160
5551386
5554349
5556321
5557115
5575493
5578493
5588863
5597412
5603092
5612145
5638269
5642257
5646400
5652657
5660434
5664523
5666220
5666969
5672862
5675393
5679112
5694463
5698558
5703075
5721636
5733000
5750511
5750839
5760781
5774853
5775160
5784300
5797159
5822368
5848601
5849012
5853408
5858645
5869775
5869975
5873771
5889921
5891379
5905109
5908729
5909436
5909470
5925183
5925315
5930043
5934287
5946296
5949784
5951280
5952870
5954859
5967449
5971405
5979657
5994105
5994716
5995923
6005244
6024674
6045560
6060643
6063064
6069120
6086556
6093128
6100470
6105618
6114752
6121935
6139051
6148120
6153408
6155805
6157876
6161604
6179016
6188499
6206461
6221376
6230401
6243686
6250746
6251218
6260850
6278783
6279133
6297317
6302946
6304389
6320878
6321338
6322955
6324408
6330035
6331454
6334836
6336506
6346514
6346900
6353310
6354266
6355485
6364390
6377021
6390085
6404297
6405092
6408810
6416394
6426705
6428559
6435216
6435246
6441896
6445965
6451349
6453227
6474674
6485975
6505303
6506723
6511344
6536497
6542875
6550059
6551397
6555184
6555557
6555868
6557481
6559440
6585192
6589366
6589925
6592530
6596559
6627684
6628434
6636967
6643497
6676710
6682262
6698200
6701695
6711390
6722225
6732057
6733130
6737788
6739643
6742467
6744148
6774855
6784443
6787189
6800324
6800525
6805076
6834240
6845991
6848382
6851996
6852387
6858334
6864811
6867058
6868255
6884173
6888189
6890727
6900589
6903445
6905706
6906464
6908506
6920444
6930401
6946094
6957078
6961154
6977038
6982690
6992641
6995016
6996480
7021480
7031154
7032933
7050123
7051243
7052312
7074941
7080068
7111599
7111955
7123309
7126480
7135672
7140719
7141176
7152856
7154629
7154699
7168718
7172104
7183819
7186286
7194686
7199935
7228854
7237042
7238570
7270242
7280162
7283634
7292805
7297639
7310002
7321148
7337604
7338999
7346711
7349489
7350778
7370648
7371825
7372753
7382346
7383183
7393389
7400461
7400859
7403527
7411379
7419885
7433066
7438455
7440274
7442150
7443478
7453665
7458682
7461964
7464007
7470265
7490327
7500353
7519121
7520856
7526714
7535247
7548247
7549259
7557943
7573325
7575111
7580152
7585085
7587805
7612285
7616874
7617691
7622996
7626833
7629852
7636562
7637420
7639660
7641259
7648292
7648718
7655109
7657726
7664856
7674137
7675930
7682566
7682778
7687222
7693135
7702657
7712828
7736450
7757879
7758859
7764076
7764899
7774826
7775528
7784069
7786193
7799607
7806221
7808217
7809721
7810869
7811204
7816301
7817257
7822921
7823785
7836859
7843663
7868070
7868698
7878657
7884217
7898008
7905533
7911528
7920288
7922922
7929792
7929988
7943351
7944418
7947788
7958109
7962392
7964116
7969517
7975914
7976789
7983716
8005909
8007750
8012761
8032114
8034662
8039771
8045800
8047049
8049157
8068541
8074136
8076890
8086381
8090613
8117735
8122753
8136505
8138843
8142875
8144846
8146022
8146030
8157075
8175189
8180490
8184029
8192169
8199532
8207262
8209983
8217422
8229672
8239518
8259050
8264154
8268522
8282453
8290486
8290618
8293116
8294661
8301023
8309357
8312555
8315782
8322554
8330265
8332203
8335814
8359883
8374715
8375267
8392722
8393085
8397959
8413474
8419672
8435864
8443884
8445934
8453862
8454679
8455837
8458119
8464738
8481604
8484842
8492183
8500043
8500113
8512560
8520230
8523588
8535555
8550362
8550804
8551128
8563384
8570905
8576328
8580996
8585170
8588014
8593656
8599755
8601641
8609230
8613583
8622471
8622807
8626243
8627019
8633475
8633491
8643685
8650218
8655159
8657986
8658638
8660293
8674186
8691150
8697994
8700552
8719961
8725740
8727594
8727903
8752967
8753082
8769381
8811973
8818409
8838639
8842519
8863593
8873344
8876404
8881632
8883643
8902775
8903275
8914135
8916174
8926072
8930679
8935284
8937849
8943806
8951108
8972232
9001585
9014480
9024796
9041551
9049702
9062832
9068637
9075335
9076186
9077920
9087012
9092614
9093256
9094443
9110656
9140073
9145944
9148886
9153605
9173645
9174115
9193298
9197178
9204998
9213366
9221336
9226014
9228945
9240514
9259928
9269285
9270686
9272189
9280287
9281873
9288851
9291511
9302566
9307706
9309581
9321450
9324764
9325524
9338489
9344084
9358913
9371255
9387611
9387732
9388962
9391589
9394434
9394762
9413404
9424481
9444954
9445158
9452323
9468343
9470269
9476686
9481937
9482101
9486809
9490226
9498735
9512189
9524338
9524552
9535124
9536970
9541636
9572422
9589692
9596119
9604774
9608260
9610147
9610301
9622543
9664030
9671056
9674061
9711151
9711700
9721956
9726012
9737801
9737976
9761144
9771524
9776779
9778798
9784062
9799239
9800143
9802273
9802514
9820152
9820930
9824272
9825151
9826704
9837757
9851417
9854608
9860634
9861316
9864255
9876066
9906876
9907456
9927423
9928706
9942365
9957970
9964062
9964292
9973516
9996744
9996915
10005129
10013564
10015383
10018044
10021339
10022560
10031640
10036273
10045671
10049881
10054831
10061296
10069390
10072830
10074733
10083034
10085260
10088704
10096128
10097540
10099016
10101991
10112831
10122024
10122992
10132039
10157793
10171744
10172971
10184526
10188283
10198082
10199353
10204241
10222679
10239442
10246030
10250815
10251730
10271242
10278361
10285453
10299057
10302332
10313520
10322499
10324202
10337167
10345871
10352927
10354101
10374427
10376652
10403736
10412670
10414101
10416976
10435151
10452252
10466791
10470637
10471268
10484570
10496340
10499458
10504521
10507581
10514812
10534248
10545599
10548234
10556288
10567381
10572172
10573614
10578546
10590931
10602121
10605076
10615581
10618138
10619536
10627483
10628578
10634114
10637376
10638332
10645440
10655577
10661617
10661930
10665774
10667359
10675332
10677819
10698676
10704037
10707689
10708618
10709069
10713340
10725694
10731688
10732465
10743192
10750751
10755980
10760700
10771929
10778118
10784180
10784990
10795858
10797525
10814698
10853058
10858563
10862168
10862758
10888528
10892384
10894049
10902020
10902365
10911558
10917179
10930197
10930638
10942470
10946668
10951610
10956871
10956880
10993535
10995000
10999247
11004985
11009295
11012643
11017409
11025065
11028319
11046421
11047086
11059384
11061377
11062651
11095536
11095982
11119352
11128293
11131246
11137593
11139640
11140809
11141404
11141509
11148955
11165402
11174987
11175498
11176741
11178306
11189333
11194831
11195649
11197861
11206165
11206515
11217738
11219028
11225854
11244639
11256275
11259202
11277562
11288213
11317718
11321251
11327005
11333004
11337432
11346284
11350431
11354100
11378739
11380286
11389017
11391752
11395584
11409368
11420944
11443211
11463081
11489319
11493859
11495145
11501793
11514686
11524755
11536884
11544121
11545284
11566482
11581425
11589195
11592013
11597830
11598193
11602035
11608028
11609459
11622326
11623975
11643908
11647308
11663758
11664743
11669193
11676022
11677274
11685820
11687586
11689960
11706338
11723421
11733648
11737545
11739255
11740439
11742350
11761679
11762025
11768208
11769464
11770633
11776876
11780100
11781050
11781580
11781741
11798496
11799197
11800138
11807194
11808064
11814778
11828061
11833111
11840181
11843624
11847306
11862364
11866185
11872690
11873375
11873490
11873678
11889655
11909177
11915082
11919320
11924056
11925252
11930213
11932857
11932893
11934507
11939792
11946338
11956361
11962105
11972541
11980160
11985854
11993237
11996196
12007875
12012089
12019177
12020089
12023959
12024315
12029312
12049517
12059763
12059930
12065701
12067387
12084359
12100758
12107711
12121662
12129630
12131102
12139747
12141958
12148267
12148609
12149366
12153584
12157843
12164099
12167672
12168151
12184668
12191466
12194084
12196304
12199741
12201710
12212225
12214623
12217518
12218241
12218559
12221372
12222213
12238415
12243395
12244899
12248265
12253341
12266952
12276185
12302322
12311923
12317727
12323515
12355915
12356569
12368975
12369838
12376674
12384163
12384603
12409052
12419513
12427828
12449007
12461049
12496481
12544447
12549875
12559165
12576319
12589294
12597975
12600062
12612148
12635564
12636525
12649722
12650050
12651756
12661462
12666025
12669984
12676624
12682725
12706728
12722637
12730058
12730066
12734720
12748453
12763830
12774520
12776494
12777828
12778548
12780823
12781923
12791007
12794438
12804527
12814047
12817727
12819179
12819246
12822005
12826107
12827731
12829900
12834380
12841816
12849017
12855601
12859309
12860143
12860202
12872990
12876613
12882622
12888619
12890220
12890444
12895487
12902482
12910430
12913610
12916250
12931208
12936515
12941440
12945644
12949264
12958790
12964597
12989561
12989922
12991877
13001505
13006531
13006653
13010661
13012822
13022794
13030847
13038151
13073957
13076633
13077479
13091261
13092827
13093219
13109957
13111837
13114320
13114334
13125338
13127255
13130861
13131677
13132520
13145565
13153157
13155305
13163256
13172980
13176520
13196084
13202231
13203643
13208055
13213917
13214282
13219788
13242200
13244107
13245778
13261640
13273328
13274664
13281078
13309696
13316690
13320757
13327974
13336343
13338778
13343630
13360681
13377101
13379711
13384180
13405354
13416331
13422984
13436990
13441555
13447086
13469287
13470566
13504771
13515087
13519810
13552053
13555848
13566773
13567116
13579471
13580568
13583565
13595930
13597373
13634176
13636105
13641743
13645538
13645753
13649100
13662842
13671746
13680204
13694713
13699081
13699248
13701708
13714253
13722730
13730768
13752009
13756461
13763562
13776156
13781002
13782809
13787071
13791150
13798940
13799139
13800270
13807449
13825481
13832325
13833133
13842659
13848429
13852204
13856098
13862526
13885297
13898552
13899288
13907931
13916639
13933569
13933759
13942112
13959555
13979162
13979914
13980820
13982489
13988312
13992965
13999693
14009058
14013718
14035601
14037737
14039028
14045385
14045736
14047812
14056553
14060846
14070717
14075069
14090366
14098651
14116603
14120571
14122854
14154629
14163232
14164465
14167913
14173647
14179120
14185155
14187789
14199917
14199965
14229830
14231431
14237852
14238154
14241185
14252131
14254401
14254748
14269598
14271688
14281117
14294026
14295035
14303993
14305905
14307624
14308907
14316309
14317173
14317420
14320533
14321192
14328776
14339811
14359260
14363121
14364576
14369096
14383643
14385032
14387572
14393906
14395300
14396529
14410200
14412165
14416938
14446746
14454494
14456376
14466056
14467406
14472773
14485306
14486280
14490193
14540769
14540772
14549014
14558207
14559243
14562235
14568835
14579875
14589936
14592569
14602350
14613999
14621370
14623360
14632367
14639697
14644980
14646317
14649290
14656573
14662567
14690248
14703176
14708467
14712330
14721419
14729207
14732606
14755294
14759253
14764254
14767432
14791636
14797601
14814503
14821463
14827019
14827304
14838583
14852685
14856770
14863229
14878903
14892062
14897985
14899098
14906552
14909338
14912671
14931250
14934580
14938978
14941337
14944083
14963911
14968919
14970418
14974782
14977405
14986882
14989453
14995530
14998739
15011930
15028543
15029434
15045044
15071073
15077561
15100282
15104052
15126150
15132556
15140699
15146660
15156417
15160567
15163090
15166193
15166673
15180302
15181726
15182768
15185611
15202764
15205563
15212622
15227189
15238377
15239776
15248115
15248126
15253379
15256944
15271592
15279249
15282129
15284167
15294960
15296707
15305338
15307608
15309449
15312607
15327928
15336687
15340408
15376114
15377545
15377580
15380061
15381371
15429333
15443788
15454208
15458359
15461776
15468835
15471535
15472088
15474542
15490943
15505342
15517903
15521241
15527542
15535732
15536442
15538912
15539702
15541747
15546361
15561482
15562710
15562760
15565082
15573362
15576843
15576859
15595142
15596306
15604230
15612103
15613977
15616319
15627138
15628520
15631359
15632516
15635153
15637406
15638688
15644499
15650545
15663781
15668913
15670120
15681243
15681569
15688094
15693992
15694324
15696003
15699306
15709998
15722709
15723689
15723826
15724643
15727381
15732499
15732683
15749924
15754152
15754244
15755604
15760183
15761164
15765272
15766758
15773270
15777456
15793212
15803973
15816122
15816720
15820215
15825608
15827819
15839941
15853253
15854243
15868439
15869638
15885198
15891534
15902207
15902276
15911106
15913587
15928959
15929043
15939390
15956358
15962034
15970336
15977718
15980620
15981391
15986946
15999018
16000320
16001133
16002260
16011575
16012542
16022657
16031951
16043049
16047615
16049344
16061333
16063169
16086682
16105551
16115635
16120511
16121629
16134556
16145897
16160984
16170060
16198266
16199002
16206926
16207801
16224415
16230566
16244429
16256499
16261815
16262821
16284484
16322129
16324564
16341614
16343197
16348539
16351819
16360585
16391938
16393159
16398229
16400510
16401512
16402818
16406657
16417890
16439497
16440574
16470567
16478588
16482646
16485626
16489015
16497668
16498062
16503114
16505211
16508471
16512998
16516391
16518430
16522429
16525463
16540346
16544926
16563804
16580459
16590032
16594688
16605723
16606714
16607110
16607311
16607596
16628203
16631069
16633405
16635405
16640264
16641498
16659192
16668184
16691948
16696869
16697711
16702766
16710663
16737822
16744091
16748104
16759200
16774764
16775745
16783545
16792648
16794191
16831155
16831475
16833884
16840493
16848697
16848818
16852015
16859201
16871524
16878741
16905428
16923473
16936759
16941970
16951803
16957962
16965974
16968867
16978605
16979756
16991391
16991432
16996203
17010011
17012550
17013370
17019371
17020172
17045881
17054750
17060789
17061792
17071158
17072702
17089779
17090553
17097491
17100639
17107017
17124958
17130420
17132040
17148935
17160963
17179394
17185235
17189889
17191581
17206092
17207052
17215980
17217525
17221622
17224646
17229134
17232328
17236530
17243230
17253807
17259370
17265630
17266447
17269981
17270803
17285905
17288361
17291422
17293124
17304946
17316622
17323753
17327430
17333819
17334619
17335790
17343286
17345309
17348580
17356227
17361073
17372438
17379227
17397204
17398597
17399185
17404580
17417549
17427024
17435417
17439872
17444581
17448499
17449226
17459592
17464190
17464243
17466444
17514135
17528595
17530197
17535047
17540985
17550061
17561895
17567578
17576799
17578960
17590773
17593852
17597709
17601710
17614030
17614053
17628733
17632046
17632595
17643707
17653811
17666403
17669459
17678305
17688617
17697411
17706078
17708270
17713380
17714643
17719563
17721560
17724338
17728953
17737377
17752704
17753489
17757036
17767246
17768256
17768318
17769914
17779367
17789361
17791035
17794405
17799458
17805626
17807392
17807542
17834021
17838423
17838756
17843341
17858623
17861037
17863363
17865019
17869109
17895252
17896477
17901201
17903081
17907488
17908256
17924522
17932086
17936432
17947172
17949115
17950036
17952834
17956529
17965591
17970868
17971279
17979535
17988061
18019708
18037351
18040831
18041293
18041945
18047097
18047457
18049123
18049812
18050265
18081078
18083248
18085742
18096981
18099557
18103980
18104852
18107617
18112575
18120449
18128211
18130598
18151520
18164697
18183300
18195272
18195791
18215245
18218304
18220187
18220476
18237562
18243478
18254002
18271161
18287713
18293426
18296756
18297868
18299926
18302201
18316063
18320773
18321236
18345991
18346309
18360452
18369511
18369768
18375771
18391658
18393211
18399943
18410270
18420060
18420616
18426888
18437485
18441473
18445297
18450472
18451018
18454698
18473231
18478002
18481231
18482378
18489905
18492419
18504553
18521413
18524785
18537581
18538971
18543903
18549936
18563208
18570429
18610883
18620119
18621202
18625317
18630499
18630511
18654548
18662711
18665114
18672550
18684688
18688171
18690344
18697792
18698493
18699405
18720368
18728280
18730050
18731357
18731712
18733671
18746207
18754789
18755324
18757665
18760677
18776632
18780286
18801006
18824758
18875877
18893661
18920820
18924620
18927016
18928360
18929027
18933459
18938735
18942053
18953528
18957666
18964080
18968915
18968971
18976351
18986664
18996654
18996897
19011214
19019962
19030204
19030386
19031721
19033859
19036697
19049123
19049334
19068781
19075038
19083818
19083970
19086427
19086735
19090347
19099253
19104814
19105552
19113115
19122720
19137611
19143445
19155457
19164733
19169528
19170034
19181961
19198239
19245922
19247239
19257424
19261300
19270060
19274205
19277475
19277483
19278546
19282559
19294032
19296030
19298764
19299211
19325043
19339750
19342221
19350097
19351255
19352673
19353434
19354534
19367236
19370990
19374798
19387804
19392456
19441873
19448159
19450601
19484578
19490115
19513627
19546070
19549376
19550358
19565931
19574299
19574636
19586567
19592207
19594232
19597196
19624964
19629028
19648559
19657964
19660104
19664388
19682477
19689867
19696956
19702969
19713092
19722994
19728393
19730862
19733835
19740254
19742904
19743089
19745332
19770916
19771786
19775124
19775705
19793534
19798636
19802513
19816389
19822213
19825671
19830270
19836102
19840247
19840431
19846083
19855283
19856262
19858369
19870999
19872730
19882094
19894776
19896538
19904797
19905518
19922165
19927731
19928861
19936178
19941145
19942522
19945932
19951558
19960097
19962717
19962759
19964253
19965150
19983592
19986564
19991206
20025772
20029188
20030960
20037788
20045416
20065855
20071021
20079300
20083796
20086372
20086568
20089871
20093173
20140230
20144210
20152276
20154777
20158554
20164268
20169032
20172417
20175103
20182152
20206770
20210401
20215930
20216100
20223417
20231974
20234929
20235462
20242314
20244555
20255475
20259353
20279611
20285148
20285217
20297792
20312270
20349033
20365976
20366590
20372663
20374588
20394765
20408882
20421364
20422979
20429221
20429768
20433516
20441682
20456702
20461160
20461994
20464490
20466745
20469033
20476457
20480703
20501461
20507077
20509539
20509941
20517868
20518420
20518847
20520816
20520975
20528913
20533672
20541888
20544800
20553980
20555556
20557799
20560356
20565601
20571692
20579610
20589817
20593931
20603034
20619171
20619891
20627041
20630574
20636802
20638601
20639644
20645804
20645859
20656015
20658554
20658890
20658978
20663951
20669339
20694296
20697840
20697985
20715729
20734156
20748232
20748435
20756131
20757122
20765422
20775235
20782953
20787418
20794464
20805502
20813159
20820224
20820816
20822249
20828572
20835634
20838087
20848347
20852469
20860557
20866642
20874443
20875256
20884833
20891421
20892529
20914126
20915975
20916368
20921236
20922290
20925579
20949881
20953468
20955360
20969427
20979885
20985986
20992877
20992945
20999303
21001203
21009422
21010404
21012609
21013718
21035249
21035973
21042379
21046876
21047058
21052296
21072976
21075818
21087451
21094818
21099411
21120421
21129678
21141851
21153991
21159037
21167943
21171731
21179211
21182856
21203595
21206348
21206942
21208803
21210173
21210263
21216388
21226745
21246008
21248039
21251681
21284399
21284807
21287465
21298011
21315023
21333701
21336067
21341404
21344411
21345898
21373631
21430034
21431771
21440521
21455838
21462132
21463401
21473313
21486170
21489375
21490349
21492374
21494188
21496873
21497924
21505302
21513619
21541924
21542219
21550349
21561959
21568391
21572424
21584558
21587959
21590951
21597868
21607450
21613307
21614074
21628346
21636945
21641658
21650549
21653722
21654912
21656901
21662686
21662968
21664667
21669450
21674605
21679640
21686478
21709303
21719164
21719345
21732093
21752888
21776550
21776810
21785595
21788005
21794298
21796586
21801335
21805997
21815158
21820548
21840361
21844291
21861724
21904414
21906620
21908429
21919759
21922845
21944442
21944958
21978810
21988973
22004186
22007048
22032976
22036356
22040576
22041290
22042163
22042949
22045508
22048089
22084870
22085717
22087532
22104195
22116123
22122836
22125770
22132433
22144749
22154573
22162190
22167701
22167935
22187926
22193275
22203239
22208404
22235485
22242929
22243728
22244081
22248195
22260163
22263559
22283566
22296649
22303852
22306427
22317027
22332997
22337460
22338816
22350239
22356587
22364963
22371060
22373354
22377769
22379414
22380293
22398518
22426386
22438099
22439904
22454540
22458803
22478233
22490234
22499169
22502049
22515882
22518066
22523103
22524947
22528721
22539973
22543509
22548537
22565595
22573633
22583853
22600901
22606277
22607612
22609882
22624391
22629021
22637622
22648790
22670018
22672889
22674402
22674510
22675621
22687600
22688185
22701266
22708499
22712822
22715177
22726248
22730912
22742473
22754250
22755167
22770260
22783745
22803247
22804011
22805445
22821644
22823319
22840169
22853469
22854500
22859213
22860564
22863346
22875725
22885669
22886180
22896303
22897754
22902105
22911305
22915523
22925735
22934824
22935445
22941120
22944937
22968038
22972926
22978995
22995526
22996186
22998355
23011564
23012026
23024805
23037511
23052661
23088180
23096899
23137120
23141959
23144790
23152531
23163423
23163947
23165222
23168678
23170071
23175309
23177588
23181869
23190892
23193618
23197978
23205803
23208642
23216578
23225161
23229347
23238393
23241687
23246038
23246369
23249968
23263460
23288227
23289438
23293978
23295440
23298645
23299438
23308784
23317659
23325995
23328139
23329155
23340107
23341071
23344372
23347300
23349849
23350572
23362165
23363366
23365972
23376890
23393998
23394652
23395034
23395102
23403269
23409558
23411902
23416151
23422106
23425736
23426755
23432983
23474084
23474255
23480533
23480753
23485948
23494347
23496236
23505618
23505928
23531001
23534787
23551498
23558954
23572365
23576223
23578513
23582384
23588289
23588554
23595992
23596446
23605265
23609574
23612328
23613564
23624781
23625613
23636150
23640693
23649144
23652622
23656957
23661787
23671310
23684284
23694458
23708361
23725969
23743837
23745647
23754143
23755531
23759456
23767188
23769303
23788473
23789118
23796575
23798716
23804309
23809328
23826462
23843301
23853281
23856303
23858298
23863318
23874823
23886882
23899822
23912960
23922434
23927314
23940315
23943713
23947958
23960237
23960384
23969984
23978306
23985188
23989857
23992273
23997367
23998040
24003128
24042333
24056137
24059246
24079891
24095865
24100406
24103382
24106836
24110075
24110603
24111800
24144439
24160775
24165266
24192686
24198653
24203030
24208096
24208656
24214681
24217418
24225552
24225764
24225900
24240396
24247695
24249113
24252006
24279591
24280980
24302648
24310793
24315230
24317068
24320777
24321118
24325300
24326514
24328490
24330113
24338971
24347817
24350506
24366718
24370071
24379009
24385896
24405306
24420694
24421010
24421358
24437235
24438603
24439305
24440069
24442662
24444974
24456840
24465194
24470129
24477996
24495694
24496800
24502168
24513635
24514422
24520579
24524339
24533894
24541705
24542005
24543868
24550329
24556666
24562771
24565286
24573341
24578359
24582806
24597658
24605771
24612187
24616206
24617296
24623434
24623533
24629566
24633469
24635547
24655884
24660782
24673342
24675620
24680947
24693628
24693767
24694167
24697993
24727270
24756384
24763149
24773461
24776929
24778110
24778825
24793769
24814908
24819177
24826873
24840156
24850463
24854453
24869851
24883743
24886726
24923806
24929659
24942952
24950419
24971886
24975089
24992145
24992276
24997658
25001190
25007539
25019579
25028550
25030427
25067515
25072996
25078046
25081317
25089927
25095814
25097264
25097658
25099370
25114043
25138445
25146219
25152655
25153466
25155637
25166805
25172133
25173840
25180342
25182032
25202471
25233863
25237689
25240938
25241363
25253432
25258145
25273221
25295123
25316118
25316425
25318958
25325385
25327859
25338187
25343555
25349968
25355021
25373683
25382012
25384168
25387303
25398223
25413847
25413893
25414277
25417149
25429745
25433501
25434362
25443355
25464506
25481454
25507838
25511878
25524438
25530965
25535498
25542602
25544296
25548374
25548734
25555361
25559697
25563403
25564537
25564541
25567193
25568850
25569887
25589290
25589970
25592217
25600593
25603573
25616700
25632517
25634655
25635941
25639156
25649487
25651999
25664655
25673990
25676000
25680676
25683176
25684018
25685006
25707095
25716937
25719895
25726561
25736622
25741774
25752693
25754218
25764029
25769231
25773564
25776590
25790240
25792344
25800668
25800780
25813201
25820223
25835744
25835866
25842406
25852075
25867910
25886192
25891816
25896313
25897557
25910908
25911101
25913224
25913868
25914925
25927014
25940800
25951152
25956973
25965286
25968092
25968153
25971696
25995217
25997612
26004622
26006684
26019241
26021078
26032467
26035113
26039066
26043365
26047887
26056856
26067048
26075981
26112053
26113678
26120567
26123077
26136023
26146605
26172679
26176045
26182018
26190597
26195992
26198638
26206072
26215491
26220022
26222508
26240252
26244445
26255663
26258720
26258764
26263211
26264741
26304726
26306322
26306746
26306914
26315585
26323382
26328788
26342367
26342606
26346493
26353814
26358530
26367823
26369951
26378073
26394817
26395162
26397178
26464045
26467441
26467539
26469349
26480650
26481973
26492287
26492334
26526796
26541681
26551123
26551465
26558172
26558843
26571128
26573344
26603002
26607686
26609933
26624883
26628085
26632162
26638465
26640892
26657478
26661675
26663132
26664875
26670303
26671797
26704026
26716742
26717900
26727644
26735009
26735373
26735865
26743002
26751240
26756208
26756943
26763342
26766660
26771693
26771927
26780438
26791364
26791425
26798395
26806665
26807863
26810550
26817508
26822901
26829717
26842366
26844583
26847234
26884608
26900000
26907207
26913250
26916482
26933516
26947959
26949960
27000667
27010184
27022044
27025658
27032818
27042605
27089174
27094778
27103197
27108055
27108495
27111925
27122830
27132169
27146751
27163283
27163587
27171737
27172717
27178377
27185914
27187296
27190393
27196381
27212942
27225810
27229116
27231294
27242538
27245688
27249244
27255464
27262626
27264154
27273708
27280167
27281005
27298926
27308738
27309953
27310725
27313308
27327791
27353524
27357910
27362396
27362503
27362774
27365180
27375369
27375789
27377020
27382656
27384361
27391740
27396292
27399726
27416389
27422340
27428082
27439775
27444206
27452160
27477958
27507863
27508055
27520860
27521709
27525201
27529086
27532719
27535888
27556143
27582114
27590034
27599447
27599494
27599606
27604564
27608814
27613492
27633030
27636487
27643206
27655357
27657555
27679600
27687584
27689703
27697414
27715275
27719288
27733442
27736024
27745995
27749997
27750485
27755739
27767513
27767897
27769209
27775446
27787577
27811270
27811513
27815263
27820168
27836615
27840373
27848617
27848621
27858206
27879840
27903446
27907194
27907578
27918163
27921783
27930278
27932854
27934324
27934491
27943297
27949477
27952477
27952795
27954204
27966150
27971167
27983800
27990560
27991025
27996886
28006821
28017209
28036461
28042073
28050806
28053433
28072623
28079161
28092722
28099718
28121589
28123689
28124231
28132702
28141517
28149419
28152648
28167913
28172170
28173219
28202211
28203804
28204975
28208563
28213683
28223334
28230807
28239920
28254254
28255391
28259215
28267514
28267522
28277290
28277298
28281233
28284360
28293139
28299979
28305238
28306023
28318391
28319442
28335855
28338233
28347060
28349003
28352077
28355227
28378495
28392235
28394270
28401861
28426464
28428795
28461931
28464291
28473297
28480211
28485599
28488242
28488525
28498391
28508843
28512720
28512860
28521958
28522297
28524201
28528035
28533287
28544373
28548026
28553779
28563061
28574567
28580868
28583250
28597264
28605772
28606842
28607711
28614459
28615665
28628440
28630211
28630904
28632218
28633674
28635947
28637837
28638199
28639833
28643092
28645678
28653479
28657033
28667118
28676688
28678822
28712766
28712811
28735561
28739339
28755509
28766132
28786278
28804175
28820220
28825941
28828971
28848774
28877527
28878078
28887033
28898859
28901960
28903812
28905344
28916218
28926856
28929811
28941059
28951353
28956743
28972791
28973992
28982409
28982624
28990975
29005949
29012962
29021460
29022080
29028176
29045578
29045599
29049019
29059208
29062470
29064260
29064980
29069257
29074585
29078988
29087295
29087355
29088575
29091328
29107402
29109684
29111415
29120463
29124653
29126962
29133517
29160614
29165628
29175020
29177199
29179047
29183874
29187883
29201751
29202950
29219407
29223712
29224912
29240127
29247055
29255702
29265048
29265271
29267966
29268876
29272945
29285038
29304453
29324939
29331521
29332904
29352820
29352898
29356593
29369344
29376176
29376663
29379725
29384899
29388791
29397996
29404596
29404960
29408855
29414350
29428080
29430328
29434454
29436448
29440824
29463939
29482377
29491211
29492974
29493776
29519254
29533707
29534784
29547602
29550433
29556087
29556394
29577161
29581887
29590320
29595807
29597527
29598446
29599334
29608118
29614230
29616632
29641068
29655022
29669133
29676743
29683260
29689015
29695614
29706490
29708435
29712588
29723720
29727716
29730162
29736531
29738084
29750857
29753720
29777774
29784702
29786930
29790009
29802636
29822151
29823574
29831903
29832673
29839213
29839480
29844338
29848421
29858507
29872711
29873066
29891220
29892222
29893686
29897752
29906911
29914127
29918239
29921200
29921845
29922905
29928936
29931307
29931425
29947356
29955636
29968569
29970425
29978251
29983753
29995556
30000844
30007918
30012393
30016227
30020830
30022290
30025843
30033074
30034835
30053354
30061119
30066528
30072187
30103316
30150741
30154191
30156485
30157045
30162614
30171676
30196258
30196268
30201595
30204000
30208274
30213687
30221928
30223995
30225955
30264435
30271251
30275478
30275749
30286406
30294299
30323821
30330471
30340163
30340241
30344501
30355270
30360053
30369245
30372488
30378094
30378756
30388169
30410326
30417522
30417917
30418876
30422854
30422931
30424837
30425172
30438433
30441939
30442891
30447064
30448230
30456444
30461212
30462103
30464332
30472923
30479434
30481706
30482040
30521259
30522569
30537755
30542209
30543823
30546064
30547156
30550773
30557195
30561447
30569299
30572345
30595706
30601659
30610712
30616765
30618379
30628589
30629835
30632921
30639113
30653984
30654618
30665330
30665445
30671257
30675384
30675934
30693700
30697609
30727218
30732957
30737498
30749287
30754795
30756000
30756650
30757685
30759042
30760604
30760881
30763429
30769244
30770873
30772705
30783736
30786558
30789883
30798059
30801567
30803448
30819709
30827412
30847531
30852354
30856253
30862320
30895429
30904235
30915682
30918367
30926769
30939827
30947556
30952017
30952255
30953070
30959041
30959679
30960857
30965263
30970299
30976393
30976526
30980575
30994851
30998636
31022960
31025150
31047717
31069298
31075959
31093450
31102914
31108772
31111607
31115333
31117337
31125122
31128910
31132860
31137075
31137808
31139801
31156063
31159918
31164934
31168607
31172726
31178951
31190658
31191090
31195787
31200797
31204761
31206587
31227801
31233830
31242670
31248012
31263678
31272505
31273171
31273773
31303724
31305356
31305423
31313862
31315096
31316955
31323241
31328557
31343747
31345607
31370935
31373194
31403874
31406215
31426143
31429185
31440779
31453097
31462377
31470906
31488458
31494628
31587434
31590729
31602551
31612313
31618735
31626479
31626531
31631705
31636630
31637311
31644314
31648570
31651674
31653336
31657524
31662319
31662335
31667130
31683941
31685955
31699689
31715022
31716872
31720541
31743874
31744992
31753162
31766358
31779607
31782326
31794980
31796491
31799408
31800123
31803784
31812357
31815091
31815439
31827015
31835951
31841363
31841876
31845895
31857130
31858388
31861578
31873211
31876042
31879401
31881115
31883210
31884350
31910460
31915467
31919791
31929551
31957453
31960526
31962278
31963099
31964689
31973229
31976527
31987615
31995376
31997000
31999034
32002403
32017852
32019375
32022836
32056174
32057788
32061207
32086865
32088695
32105339
32113086
32118085
32130595
32136196
32140533
32182566
32192548
32197668
32201448
32212677
32240485
32244369
32247797
32252246
32253990
32257421
32258568
32261396
32282683
32291425
32296543
32303046
32303079
32311103
32316883
32319045
32326869
32337120
32337627
32342595
32350227
32352991
32363960
32373119
32375307
32376000
32392681
32410194
32410231
32410810
32415986
32430806
32449565
32460375
32482395
32487658
32489861
32493589
32497855
32503044
32525591
32531193
32531598
32544199
32555662
32560691
32578131
32581595
32587443
32591964
32593117
32598474
32608863
32615869
32633712
32641641
32652775
32659278
32660722
32662940
32663666
32672429
32678937
32679774
32684944
32693391
32701739
32721820
32737095
32739173
32748619
32764571
32765778
32775277
32778175
32782070
32790512
32798085
32801327
32805093
32832137
32837731
32845181
32846545
32857339
32859278
32865691
32875150
32877778
32886324
32891248
32903170
32912720
32918033
32921542
32930753
32936769
32941476
32951454
32967067
32968697
32998530
32999285
33002062
33004090
33004648
33019638
33040917
33041633
33042008
33045036
33048697
33052676
33052951
33055543
33056469
33063390
33069661
33070075
33080486
33086117
33092325
33107446
33113755
33130302
33147636
33149361
33160735
33170315
33186126
33192421
33195880
33204898
33210735
33224005
33224150
33233693
33247162
33249932
33258895
33277823
33278160
33285232
33291676
33293042
33299912
33302913
33307192
33309034
33310851
33314349
33336032
33347335
33357237
33364601
33369309
33371514
33376229
33376749
33382012
33384668
33387302
33389431
33395636
33396413
33397830
33407561
33421776
33428497
33431900
33444192
33456386
33473471
33474646
33477333
33487541
33498389
33501532
33508186
33523803
33527727
33532906
33537124
33541288
33545204
33546084
33565828
33580552
33582036
33593842
33595115
33606054
33619291
33629908
33632546
33633959
33638733
33672668
33673123
33683043
33685916
33699037
33699898
33705749
33707172
33710738
33712206
33712728
33717532
33719512
33728672
33731724
33733033
33740286
33762235
33770711
33776908
33789158
33802582
33817581
33819669
33826475
33834623
33839086
33844912
33868101
33868278
33883475
33905080
33913703
33929670
33930535
33951342
33958785
33967259
33969250
33974751
33979769
33981695
33982701
33984075
34002866
34016639
34018805
34037383
34052626
34056770
34058569
34062884
34083018
34084153
34088109
34091130
34101091
34106171
34125272
34149976
34156034
34168747
34174115
34182925
34195758
34198400
34210098
34233473
34234274
34250019
34252984
34254976
34258359
34264277
34267815
34268687
34271599
34271911
34276757
34277793
34283895
34285477
34303170
34319221
34326528
34338676
34339419
34359492
34367583
34376624
34380207
34380420
34383579
34402294
34409978
34435719
34445610
34456350
34459052
34465731
34471938
34483939
34484644
34487427
34500111
34501302
34516993
34524946
34527831
34532093
34543768
34545109
34548760
34550299
34558756
34562173
34567762
34572699
34573827
34580755
34594582
34627704
34648456
34650282
34652502
34655502
34656507
34669348
34669604
34672034
34672303
34674906
34693742
34722689
34734241
34734823
34736568
34755502
34763661
34766382
34783150
34784218
34786246
34799084
34809919
34811359
34827251
34850268
34850288
34852018
34883291
34887596
34905337
34915465
34919679
34925410
34935067
34942515
34950169
34952811
34965232
34967816
34973221
34976526
34984710
34990253
34999188
34999640
35001971
35007915
35013160
35015206
35026125
35039357
35060100
35069538
35070594
35076276
35077989
35078769
35085039
35085362
35098872
35098884
35104545
35111996
35125113
35127852
35131477
35132949
35143950
35162597
35170840
35194327
35197260
35201221
35210751
35213050
35214270
35218175
35219821
35229580
35240373
35271914
35273623
35281975
35282212
35283385
35295828
35296689
35299311
35303175
35310486
35314929
35329661
35339592
35344807
35358172
35367761
35367838
35370520
35378396
35379489
35384629
35385362
35400238
35409601
35412421
35436383
35441926
35449719
35453040
35453055
35457141
35462053
35489169
35492757
35519935
35524447
35526658
35542909
35570075
35581829
35589694
35599497
35600436
35610134
35610388
35616428
35616739
35618180
35624386
35625944
35633454
35649139
35650501
35652305
35656096
35661111
35686732
35698909
35706812
35709967
35714711
35717950
35729004
35747817
35767871
35785365
35796768
35797749
35802582
35813711
35814090
35832539
35832960
35845648
35850030
35850341
35850877
35875474
35879726
35882308
35884328
35889710
35891904
35896076
35902272
35918558
35935025
35938646
35939305
35944532
35962932
35966012
35966375
35974325
35975207
35976277
35977759
35986531
35990781
36019094
36020784
36022960
36050419
36056383
36068373
36070081
36089438
36092719
36096383
36097968
36118237
36122737
36130248
36131847
36148293
36152047
36169864
36173706
36190096
36197212
36209715
36216891
36243459
36246152
36254775
36260787
36261450
36262640
36264129
36276235
36281381
36284521
36291174
36293327
36295983
36296423
36310415
36319459
36322100
36326742
36332582
36335562
36336468
36348968
36355111
36357691
36361522
36364741
36374073
36380683
36399652
36423869
36425988
36438424
36439934
36452650
36458060
36476010
36477559
36493377
36494194
36497886
36521070
36554598
36561849
36565118
36574235
36596211
36597573
36600517
36602917
36612925
36630715
36630921
36637895
36650226
36650675
36657507
36657932
36670019
36683670
36692164
36695870
36696629
36701814
36718869
36738411
36739025
36749436
36759148
36767052
36768526
36792090
36793458
36798601
36799871
36802183
36815431
36816209
36819595
36822914
36830431
36832444
36832887
36834452
36839288
36841903
36849174
36861352
36868827
36871215
36875283
36886901
36896432
36897315
36898043
36923386
36923867
36931038
36945015
36945547
36948179
36949177
36966894
36976449
36980337
36981080
36981956
36988233
36992949
36996811
37000371
37005616
37006861
37021968
37027452
37029460
37030429
37046977
37050446
37063548
37074117
37075957
37084233
37090425
37093884
37099333
37110513
37137873
37143205
37143700
37143836
37150236
37161607
37161874
37169224
37169647
37182097
37197353
37198810
37201404
37205670
37214453
37234416
37234659
37235998
37241858
37249953
37258799
37265982
37269248
37283944
37286300
37294170
37300125
37312122
37312908
37322914
37340970
37349466
37357689
37364034
37364035
37381851
37385247
37386096
37394379
37396667
37399221
37408033
37441591
37446349
37482167
37484892
37485533
37486079
37491348
37497653
37499337
37509623
37509727
37525970
37544356
37548592
37561885
37563890
37564964
37567286
37578707
37606714
37610952
37615252
37627808
37629446
37630188
37630511
37648022
37654089
37656795
37664170
37667664
37669612
37685755
37688613
37692686
37706449
37719414
37725354
37740426
37745541
37745982
37754395
37756557
37762074
37786850
37803357
37804251
37808558
37811585
37812755
37821254
37833723
37853252
37857664
37859615
37861678
37861819
37868205
37874112
37875263
37889416
37912720
37924186
37930785
37936475
37944601
37947160
37952234
37961359
37968369
37977440
37999300
37999420
38012172
38014973
38023122
38031273
38033017
38040460
38042010
38048701
38055769
38058795
38067357
38084295
38089740
38100283
38108439
38114751
38119089
38138510
38168197
38178174
38181337
38200587
38206059
38211482
38215665
38225759
38232850
38239177
38240455
38243002
38244026
38245925
38248263
38249994
38261894
38280366
38281802
38289040
38290183
38295434
38295865
38297656
38301278
38301714
38309962
38320680
38328308
38328939
38330217
38336550
38338346
38339911
38343860
38362199
38368378
38368805
38370094
38374726
38386393
38390669
38390825
38392642
38408610
38417758
38420646
38420943
38428561
38432400
38432720
38445756
38462440
38472704
38473164
38494967
38496752
38498380
38499053
38501327
38501875
38507821
38510724
38511983
38515464
38521257
38528691
38531990
38534763
38571313
38582221
38585965
38622184
38639204
38644209
38645188
38648944
38656253
38667369
38671011
38671168
38677060
38686123
38687267
38688170
38699599
38721693
38722332
38730365
38737371
38745124
38753030
38757058
38761105
38773826
38777573
38779387
38780037
38800932
38814557
38837163
38855326
38861768
38866889
38882127
38898536
38903872
38906510
38907437
38907852
38910417
38916990
38923545
38926109
38947830
38951571
38964355
38974809
38974848
38975361
38988005
38996225
38998147
39009124
39022430
39029924
39031411
39043531
39045712
39057089
39058461
39059333
39061673
39062322
39063176
39071219
39073410
39094890
39098673
39116841
39118617
39138171
39139981
39156770
39159873
39162737
39164994
39172643
39174191
39188523
39189990
39194172
39195839
39196592
39199526
39230596
39235875
39239686
39241219
39259612
39270362
39275231
39279507
39279533
39280981
39290397
39303435
39310359
39320069
39320986
39330639
39338434
39348793
39351515
39361074
39371192
39377374
39396805
39404181
39409468
39424903
39458291
39461388
39465828
39478168
39479355
39495000
39505066
39508465
39510003
39518367
39529916
39562584
39563237
39564669
39565827
39567340
39573066
39577144
39589873
39602141
39605351
39605957
39613630
39619135
39627278
39641985
39648560
39650836
39659754
39663601
39700919
39707029
39717130
39718694
39740049
39742727
39744586
39747639
39748276
39754859
39758584
39764512
39766069
39796076
39816208
39826911
39834852
39857426
39866387
39877775
39889241
39903612
39903717
39905535
39909252
39918912
39919103
39923043
39923485
39925397
39934566
39937086
39942224
39946405
39960175
39968511
39981842
39985189
39990665
39994325
39995471
39995858
39997700
40001563
40007319
40010578
40023175
40038908
40055164
40061433
40072577
40075172
40080245
40087654
40104286
40114406
40115315
40121020
40123393
40125768
40127854
40142772
40154935
40157481
40170071
40183364
40193355
40198159
40207671
40208463
40218355
40221266
40227544
40228338
40231397
40233390
40239247
40241045
40253523
40261772
40265040
40265846
40278995
40279560
40287679
40292728
40301577
40309869
40311278
40313103
40319398
40324502
40324580
40330327
40335573
40348550
40349761
40365078
40367022
40372195
40375060
40383312
40384305
40399628
40401090
40415028
40419837
40439059
40443452
40444062
40445447
40464682
40466960
40483051
40486468
40499120
40499834
40500649
40501595
40502908
40509733
40513173
40527876
40528017
40528801
40545836
40546065
40546207
40551124
40552792
40552969
40555615
40574640
40579195
40580865
40583846
40592454
40594628
40595246
40603515
40610712
40617977
40619861
40620169
40624155
40627346
40629988
40631096
40649232
40661114
40675930
40682625
40687444
40690781
40707735
40709713
40711277
40729391
40748195
40757572
40765258
40770280
40776070
40778882
40786108
40786709
40798888
40802317
40810030
40829164
40833294
40834897
40836075
40836199
40843658
40843793
40844902
40852967
40858020
40859935
40860146
40870470
40895794
40895867
40899861
40902727
40913156
40914779
40920730
40922961
40924773
40925543
40941764
40950857
40961244
40966896
40968736
40969806
40971973
40979352
40985765
40988368
40994008
40996865
40997362
41010194
41014522
41024290
41030837
41043379
41046186
41048789
41051588
41054277
41055058
41059787
41065381
41068827
41074880
41075479
41076921
41096459
41112766
41124352
41140580
41143425
41151519
41155786
41160972
41163825
41166103
41186643
41187640
41200597
41207146
41213721
41226083
41241687
41246084
41258782
41266513
41278285
41283106
41286104
41294991
41310938
41319674
41350349
41355332
41388421
41398825
41406464
41411018
41411269
41422357
41424078
41429235
41435333
41439970
41443564
41444684
41454778
41476078
41476507
41480671
41500565
41500884
41510323
41511401
41512810
41515717
41518559
41519718
41545275
41557158
41563851
41565879
41571715
41588317
41588452
41603632
41619462
41622248
41628966
41629947
41637294
41638680
41647323
41651531
41654188
41671919
41673812
41680162
41682294
41691959
41704792
41723922
41725461
41725785
41737766
41746462
41759593
41760389
41775632
41798092
41802331
41805209
41805298
41807876
41818218
41834707
41836865
41840591
41840930
41875446
41875860
41877573
41879884
41880884
41887515
41897782
41903313
41904607
41912807
41915358
41919952
41929555
41931916
41934874
41939088
41957440
41965413
41965976
41982164
41993182
42009395
42011829
42014527
42019561
42022016
42034660
42041121
42049970
42054073
42058589
42070522
42105774
42108325
42117337
42118142
42122994
42124230
42124512
42134673
42140950
42142361
42146510
42146783
42159517
42159963
42161212
42165465
42165477
42167430
42210512
42223062
42226474
42229299
42231260
42231333
42234627
42242869
42249930
42264612
42267440
42271355
42272927
42280860
42288442
42293672
42298044
42303644
42304726
42313838
42321738
42321840
42322480
42323296
42347176
42355632
42359517
42360040
42361277
42370945
42371481
42377487
42385980
42388034
42392405
42395520
42401885
42409675
42415939
42416787
42426095
42428969
42443452
42444357
42449434
42449651
42461344
42470381
42479089
42482546
42483549
42536482
42538409
42541180
42568358
42584319
42585582
42601190
42601614
42619543
42634504
42643181
42646525
42654052
42664910
42668729
42684631
42690620
42692993
42695769
42713933
42723539
42727599
42727618
42733489
42740180
42740622
42744580
42770916
42772788
42782716
42789096
42795618
42805198
42820903
42827239
42836581
42845080
42851895
42860129
42869209
42870162
42874093
42875584
42885508
42895223
42897052
42907457
42912536
42924511
42949872
42956325
42978973
42983551
42987068
43007884
43016625
43022774
43025779
43030578
43038134
43043357
43049401
43053716
43060928
43070040
43078563
43081023
43081035
43107530
43108645
43123811
43123903
43132865
43150369
43157497
43160662
43178931
43192499
43195251
43209197
43214601
43216336
43217221
43221553
43222975
43244257
43250362
43257044
43262254
43268050
43275552
43288854
43292979
43304749
43311642
43349906
43362099
43371977
43376003
43381491
43406370
43407814
43409386
43415172
43415474
43416108
43452742
43460832
43486739
43505888
43523217
43523829
43532409
43548346
43558870
43576183
43581372
43581624
43585133
43590382
43595942
43615892
43619601
43639006
43650798
43651247
43661587
43662502
43666967
43667986
43669795
43680149
43680587
43682831
43686285
43694009
43695355
43696966
43715759
43723614
43740824
43742262
43744150
43750728
43752875
43759818
43765440
43767790
43773316
43774730
43795045
43811273
43815496
43826392
43831194
43859583
43868830
43872970
43877058
43886606
43887163
43899705
43903818
43937082
43939158
43946356
43947790
43964381
43973507
43975024
43995502
43996723
43997478
44000261
44003535
44006350
44010549
44011196
44021577
44031685
44032433
44034323
44044508
44049040
44053767
44059043
44062770
44064887
44107043
44107974
44109492
44113297
44121643
44125751
44136137
44138275
44144712
44145592
44148276
44154783
44162862
44171997
44173599
44176882
44178651
44185096
44193022
44194849
44209679
44218623
44221720
44224424
44253295
44258726
44260700
44267072
44270874
44273340
44278016
44286620
44294918
44296125
44306888
44308574
44327298
44328201
44338319
44345298
44357112
44358930
44372283
44378736
44379430
44382756
44386325
44390651
44407077
44414371
44425033
44430085
44459655
44467284
44471165
44483082
44518877
44521429
44533628
44535817
44554807
44567757
44570363
44582498
44589181
44600915
44601660
44613058
44623967
44625738
44635132
44636628
44647424
44649151
44678328
44685456
44696269
44699376
44701692
44704018
44704467
44714256
44724982
44725504
44728998
44737849
44743248
44746618
44749911
44749988
44763964
44791417
44806727
44814636
44838147
44852071
44862334
44867416
44874461
44875534
44881811
44890067
44900685
44913143
44916623
44923434
44932996
44942805
44943192
44959300
44959523
44969108
44980672
44983859
44985026
44985577
44996265
45013109
45018230
45029448
45046063
45058035
45059806
45082265
45086251
45100955
45104821
45110145
45112753
45113496
45119420
45141694
45157404
45163264
45164623
45171896
45180571
45180736
45184093
45187202
45188549
45188724
45198176
45206875
45209568
45212258
45214120
45214363
45218319
45237827
45247123
45250243
45255283
45261475
45271961
45274908
45278722
45305819
45308814
45310209
45327234
45328124
45328568
45330249
45332008
45341923
45349702
45357528
45378861
45390544
45404873
45409464
45412818
45420440
45433361
45445920
45457428
45462869
45484137
45492574
45495670
45502974
45503417
45520689
45524866
45527219
45545952
45551184
45570638
45572524
45572740
45599165
45604237
45605899
45609757
45612302
45616155
45627623
45628623
45644059
45655299
45655755
45658089
45668205
45668920
45681171
45682413
45705769
45710165
45710393
45714562
45716711
45738527
45741830
45741908
45751034
45754051
45758531
45766069
45783200
45792523
45793891
45797818
45808046
45818431
45820482
45851533
45857523
45860376
45863068
45871158
45871452
45876669
45886495
45889976
45904702
45915072
45922998
45932576
45934851
45938953
45941850
45952468
45961090
45971928
45978175
45979670
45984933
45989017
45992092
45995542
46003970
46004182
46007428
46008244
46020834
46028555
46053435
46054929
46057699
46064275
46079412
46085375
46090752
46091244
46096172
46099862
46103511
46109991
46110800
46111077
46125513
46130368
46144153
46153041
46156216
46163336
46179058
46179777
46188406
46192753
46202292
46264487
46270510
46274184
46277196
46278311
46290962
46291785
46310300
46312407
46333479
46344100
46364972
46372116
46374667
46383593
46384514
46388203
46392389
46400622
46401689
46411054
46412728
46415834
46416367
46418279
46447136
46460527
46477085
46480998
46481079
46481255
46482501
46499933
46515559
46522933
46529068
46533157
46534064
46559107
46579434
46591818
46597194
46605430
46605839
46611612
46621301
46631675
46642564
46643040
46656190
46659797
46667608
46668861
46669417
46672239
46673187
46675652
46678016
46684408
46686801
46696906
46702154
46702174
46706396
46708175
46713809
46715496
46728002
46731352
46736869
46742357
46749171
46787122
46818480
46822875
46831206
46835688
46841850
46851850
46859310
46875783
46899726
46901258
46912781
46925548
46926631
46939157
46947366
46962403
46963177
46979421
46982241
46985381
46986136
47002862
47015959
47023113
47039166
47045720
47051381
47052123
47069441
47080928
47082792
47088028
47100244
47101660
47112555
47120321
47123810
47133697
47134803
47135705
47136095
47145688
47161179
47162860
47163378
47165439
47166980
47184509
47188054
47193741
47197767
47198418
47230965
47241068
47258996
47266282
47270101
47270188
47272790
47273275
47276006
47285594
47298893
47301562
47302917
47325308
47337557
47340030
47361500
47377799
47391091
47392939
47411324
47411501
47418090
47419841
47420358
47421112
47421852
47437255
47446585
47453224
47461003
47473278
47474649
47482898
47485226
47492231
47508062
47514186
47515624
47518387
47527849
47537426
47541013
47545727
47552929
47562558
47562832
47568038
47577618
47589971
47594588
47596174
47600354
47605699
47609061
47619166
47632340
47639168
47642331
47658487
47658773
47682054
47689402
47697442
47704006
47716351
47720781
47723172
47724151
47724225
47729677
47732179
47745815
47746443
47757027
47757386
47757619
47773665
47775421
47782389
47783428
47792411
47804894
47806238
47831743
47872940
47876587
47879325
47890951
47897906
47902206
47903697
47945043
47950379
47963147
47963911
47969934
47975247
47984499
48005989
48015076
48018833
48028512
48034506
48038354
48046303
48049990
48064894
48069160
48079453
48083061
48085631
48088099
48098915
48111750
48138231
48143440
48153885
48157059
48166660
48169336
48188340
48190482
48193239
48194979
48201640
48214344
48218909
48223300
48224321
48224832
48230365
48232273
48233418
48235811
48253653
48261908
48276508
48276577
48278126
48291428
48310439
48316675
48319032
48324433
48325406
48326181
48327226
48333680
48354245
48364707
48368119
48375700
48384773
48392693
48394269
48401451
48405091
48406618
48411579
48411768
48415297
48432643
48440294
48445308
48447529
48462803
48464434
48468486
48470307
48476757
48481590
48482380
48489469
48490116
48494149
48510641
48518297
48520385
48520688
48534549
48536130
48536949
48537861
48546127
48547011
48571862
48588250
48588407
48597127
48599400
48602912
48604744
48613436
48619096
48621817
48623198
48644876
48649398
48653123
48663492
48666873
48674031
48677404
48680482
48683524
48691341
48692583
48693866
48707489
48709907
48711806
48724869
48726542
48728455
48738513
48743455
48744402
48766731
48776117
48810147
48832207
48834994
48837923
48848089
48849999
48850542
48858447
48861760
48862530
48867902
48873896
48875792
48886260
48890933
48894517
48898437
48901629
48916130
48918628
48938198
48947197
48947827
48952774
48965362
48965959
48967565
48969261
48972019
49001482
49018364
49022021
49022775
49032767
49033435
49038558
49080457
49080907
49081923
49083930
49098286
49099791
49124017
49129727
49145901
49153459
49170361
49173588
49173750
49173962
49175322
49193171
49196583
49198507
49198795
49205483
49210045
49214146
49217520
49218969
49235609
49238009
49242493
49248571
49248654
49250484
49255992
49271341
49272431
49273929
49289128
49291314
49293843
49309902
49324218
49328886
49337040
49355277
49355956
49374157
49377112
49379074
49384076
49408005
49418006
49439294
49441252
49449528
49457438
49459293
49461414
49462508
49465606
49487725
49517488
49526091
49526283
49532704
49541894
49545776
49560075
49560132
49564800
49568279
49583656
49585595
49597150
49599000
49602649
49608398
49612177
49613025
49621202
49632659
49633817
49646517
49663457
49678442
49687388
49695262
49696123
49699356
49710668
49747988
49757263
49768584
49772324
49775696
49782433
49784200
49789321
49800604
49806671
49811065
49818357
49834189
49839925
49845046
49860222
49862388
49867406
49874655
49887305
49891091
49918743
49931121
49931961
49937907
49943981
49952099
49953712
49958013
49961422
49966471
49979545
49985011
49993981
49995675
50009819
50016156
50019841
50020674
50032990
50034903
50038674
50038843
50039100
50042492
50051301
50062938
50110069
50128218
50133375
50134901
50139025
50152963
50156002
50159547
50167056
50168018
50180313
50184275
50191390
50191815
50197778
50197806
50212670
50219211
50221056
50222151
50223994
50224401
50225327
50230780
50235878
50249607
50250186
50251654
50251712
50270340
50270383
50279456
50298212
50309878
50321404
50322878
50327791
50339958
50353444
50355650
50359558
50364745
50368621
50383376
50385706
50388349
50390711
50395470
50397047
50397061
50399956
50418849
50420165
50428253
50430082
50432892
50440146
50444059
50454214
50480976
50481203
50503774
50504224
50514133
50524815
50537041
50537086
50547118
50575573
50583392
50601997
50605076
50617548
50618880
50633720
50638494
50641618
50642617
50646608
50647183
50648411
50650237
50661801
50674397
50685616
50686225
50693295
50698873
50705303
50706743
50710246
50711662
50714079
50720381
50725993
50732497
50737352
50745675
50752499
50777339
50781668
50787909
50791204
50791750
50804473
50830606
50840439
50852227
50856513
50861113
50868741
50883515
50883824
50891401
50898492
50902098
50904480
50932812
50934512
50938002
50948019
50950917
50955442
50962889
50966337
50975612
51009057
51030762
51031497
51036417
51041347
51045062
51045868
51051726
51059717
51060903
51061112
51083602
51101455
51110491
51112301
51115746
51120404
51131272
51133592
51136175
51139983
51152348
51152702
51194691
51203647
51205999
51212939
51212973
51216691
51221488
51225111
51242428
51248520
51258351
51271231
51277802
51279664
51292162
51293556
51302634
51304618
51307837
51324683
51346380
51359544
51366572
51371832
51379830
51382917
51388489
51395684
51397505
51405179
51412411
51416747
51418888
51427861
51428590
51440741
51446955
51451335
51454234
51455835
51459366
51463651
51470868
51476479
51509926
51510382
51511761
51512621
51520894
51527150
51527565
51529137
51533880
51567922
51599588
51616853
51625725
51629104
51639586
51644445
51646906
51659288
51660788
51671090
51673188
51685350
51693322
51732787
51743025
51755609
51759492
51760145
51777816
51779566
51784564
51785689
51796576
51803052
51819258
51822842
51824137
51836219
51841484
51847862
51851125
51857376
51867292
51872220
51883910
51896214
51903135
51905927
51911819
51917309
51919919
51945835
51946607
51948648
51959026
51968650
51968660
51969931
51971041
51973400
51984394
52003135
52007117
52022137
52034488
52034905
52042574
52044313
52066274
52069141
52072196
52076032
52093230
52093886
52106332
52106868
52130670
52136102
52138198
52138700
52140001
52159267
52174375
52197607
52206475
52215029
52215342
52220240
52232401
52233555
52240228
52263336
52270240
52275067
52282892
52284089
52288332
52289309
52290691
52299417
52299843
52302576
52317872
52323482
52344652
52347593
52347761
52361817
52363246
52369109
52371432
52372581
52376401
52379015
52383604
52397730
52399436
52400912
52414151
52415222
52426314
52444783
52445027
52445279
52458965
52459998
52461138
52465690
52471308
52480943
52496646
52501748
52508712
52521434
52530851
52533234
52533581
52557888
52561507
52566998
52575876
52586577
52594045
52599897
52626131
52629413
52650798
52655744
52659305
52680780
52687750
52688964
52704724
52714124
52719299
52719617
52720199
52730162
52738581
52738711
52743141
52744325
52755473
52770559
52773936
52781296
52798207
52799029
52805207
52813862
52819637
52819694
52821687
52844436
52844654
52855810
52859620
52867325
52891306
52894383
52897695
52916563
52944205
52949167
52949744
52952661
52960510
52960840
52962770
52973987
52977186
52981314
52996099
53001215
53007028
53022545
53036194
53041800
53062232
53062778
53064612
53074702
53075408
53079364
53080577
53084789
53089850
53137295
53137405
53147053
53147332
53152371
53157991
53158024
53162515
53176316
53184296
53187569
53187863
53200164
53211949
53222767
53224171
53236090
53238588
53241842
53242867
53249481
53256871
53278615
53287841
53293272
53295908
53296448
53300007
53302212
53322134
53331324
53332751
53337027
53342695
53352211
53356056
53366579
53368292
53369644
53373055
53374797
53387016
53388457
53404312
53409691
53413327
53418339
53432496
53437636
53437730
53445204
53445301
53450396
53450603
53455522
53456811
53463581
53467660
53468425
53469767
53469876
53489374
53494997
53495444
53502278
53508356
53511474
53523219
53525348
53528400
53546324
53557461
53561908
53562246
53562516
53567941
53568571
53574655
53597336
53599565
53600436
53605816
53607014
53608269
53633858
53640098
53645981
53657030
53657137
53657592
53660254
53660405
53661603
53662295
53669951
53674424
53676459
53702562
53721466
53725792
53728808
53736278
53790172
53805621
53820437
53822173
53850978
53869342
53871915
53874770
53876910
53904725
53907654
53916861
53918795
53926562
53937126
53940486
53949523
53959146
53959879
53960799
53962323
53963203
53966284
53968856
53973715
53974796
53986341
54001559
54004686
54004891
54008738
54012913
54017534
54038066
54043382
54062105
54064778
54065270
54079530
54096279
54098553
54107957
54110781
54113361
54114334
54115060
54117948
54121358
54132637
54148234
54163497
54168178
54189385
54190750
54192321
54194415
54205588
54205664
54214236
54230213
54237986
54240147
54259072
54264158
54269020
54284432
54291223
54291597
54296421
54326074
54337624
54350865
54356744
54393381
54397727
54402580
54403524
54403730
54424418
54424635
54425727
54429354
54436835
54437158
54467439
54467864
54468345
54468722
54472407
54504232
54517493
54518433
54520329
54522835
54540872
54541935
54554885
54555294
54559974
54562965
54564004
54579100
54580802
54580986
54587704
54597590
54603511
54603866
54605493
54623247
54623366
54626248
54637235
54642007
54646362
54648206
54650976
54654115
54658779
54680860
54687417
54695098
54701046
54718765
54732528
54740869
54758127
54768857
54769796
54776941
54783222
54791838
54798192
54798600
54807537
54816010
54832058
54836706
54849250
54851250
54859628
54860088
54860558
54865226
54869359
54878651
54879369
54883973
54892501
54907690
54909072
54914299
54927459
54927904
54930140
54933495
54935727
54936010
54943282
54945769
54953254
54960133
54973416
54974660
54977230
54984639
55002150
55015288
55015526
55016247
55026488
55033997
55036470
55052860
55063840
55068600
55070745
55070852
55084303
55087931
55092811
55109795
55117558
55118871
55139811
55147771
55157532
55174226
55175326
55177762
55179486
55185671
55193057
55205415
55207978
55221609
55226990
55231624
55234524
55237272
55244845
55249697
55257015
55261177
55264108
55268660
55273852
55274097
55277350
55284033
55286041
55312274
55323777
55340486
55346700
55352700
55363836
55385967
55397472
55398302
55402095
55418504
55421895
55429966
55444745
55446503
55452271
55455593
55461298
55462709
55465191
55469434
55470585
55471187
55476202
55482090
55520790
55521139
55526370
55537054
55544447
55552468
55561631
55569543
55575653
55581570
55585872
55600128
55603915
55605170
55611949
55626743
55634484
55635665
55647272
55653860
55658784
55661253
55685758
55699587
55707120
55709922
55710773
55713819
55724060
55733931
55734896
55738841
55740945
55741649
55754548
55755205
55758958
55766546
55766883
55767237
55775415
55807930
55815940
55816183
55820908
55835550
55837924
55841809
55849985
55852967
55854186
55854750
55858286
55863429
55863943
55867308
55870793
55875973
55901041
55913300
55916819
55920409
55920461
55935370
55937723
55957377
55957997
55968492
55972519
55972780
55977416
55982462
55985950
55988253
55991995
55996791
55997071
56014639
56019001
56025953
56028008
56034796
56036290
56049769
56056521
56069074
56083473
56084512
56095812
56099078
56106160
56108097
56118886
56132526
56136000
56144844
56153003
56154302
56161130
56161898
56162430
56162980
56163590
56175429
56175860
56185855
56199124
56212793
56214765
56229257
56234657
56240463
56248083
56251147
56256006
56265978
56267781
56269869
56271717
56292149
56293938
56318536
56342906
56360178
56374597
56388746
56393110
56395903
56398233
56419784
56421072
56425818
56427440
56435627
56447989
56448108
56464767
56471458
56490023
56497456
56501706
56520005
56522132
56529284
56529869
56546384
56550116
56552947
56576428
56580407
56586757
56590360
56590680
56594979
56601409
56611216
56612237
56617931
56619858
56635474
56641462
56644329
56653641
56657938
56664127
56665172
56674032
56677108
56679755
56685367
56706528
56707241
56709261
56710488
56721194
56721265
56734789
56756306
56756670
56759816
56769346
56777896
56790111
56797399
56804935
56806370
56808787
56810755
56812295
56812899
56828721
56843889
56859129
56872614
56874642
56892971
56902195
56905835
56914719
56917775
56920353
56930743
56934296
56945092
56949344
56958002
56963213
56974463
56978586
56984148
57008632
57021878
57034478
57038417
57039015
57040024
57053885
57062877
57069828
57086244
57095104
57099027
57103418
57112017
57113450
57116730
57120339
57149915
57154868
57177327
57191331
57196615
57204386
57209378
57210994
57224638
57232148
57243887
57256690
57265191
57277950
57284908
57287067
57290890
57291129
57293789
57304595
57306928
57323452
57336729
57343546
57375431
57388961
57389727
57395866
57398881
57399885
57401750
57408360
57419158
57419661
57420786
57422007
57435960
57439446
57441377
57448022
57460330
57467935
57470857
57471945
57474555
57482327
57482948
57483083
57489882
57497047
57507657
57516126
57522770
57534485
57539305
57542013
57546690
57552020
57553104
57562615
57563882
57575621
57576272
57588710
57592910
57598172
57598988
57603483
57606238
57614541
57622347
57627547
57643176
57646892
57648604
57655242
57656319
57658243
57661151
57663892
57676067
57709146
57721623
57733125
57734557
57735408
57736666
57736706
57742193
57743355
57753662
57755295
57759177
57771360
57783597
57785925
57802196
57802337
57814688
57818282
57820118
57821458
57828956
57836454
57841177
57843301
57850965
57855958
57865414
57890673
57903809
57906805
57912412
57913068
57919773
57959874
57963217
57965954
57977493
57983886
58008406
58008747
58013597
58036608
58045964
58047441
58095459
58097293
58105102
58108479
58115134
58116318
58128070
58135246
58138541
58142836
58150783
58164998
58165859
58168327
58170440
58175515
58185642
58186817
58189678
58201867
58221103
58223333
58234561
58237615
58246366
58251655
58254489
58258409
58274324
58278261
58280665
58291414
58318171
58325317
58329667
58332265
58348757
58360353
58369549
58372702
58377052
58383401
58391229
58393607
58395065
58405047
58405056
58409301
58440201
58440211
58456749
58460237
58474686
58474689
58476561
58486773
58493237
58502114
58504361
58513063
58521454
58529595
58541426
58541587
58545580
58548179
58560556
58564260
58607878
58615793
58616705
58617183
58621977
58623149
58624284
58629926
58647755
58654261
58655021
58667896
58673118
58674760
58686984
58697806
58712073
58730760
58732934
58733241
58736271
58758151
58761624
58764361
58799989
58808772
58813885
58824015
58841466
58854286
58884071
58885706
58893489
58896050
58898678
58898896
58899506
58918818
58921737
58939087
58947520
58951834
58953573
58962154
58968222
58968907
58970516
58976565
58979618
58987108
58993809
58998733
59001490
59004003
59008538
59017738
59019574
59021805
59024555
59029081
59031242
59031842
59033614
59045360
59049724
59051795
59066332
59073806
59077366
59078322
59085352
59088250
59092020
59093745
59100863
59120535
59126474
59135416
59155357
59168333
59171015
59177557
59179211
59204947
59210494
59241646
59244465
59259008
59260206
59260746
59261669
59264307
59265553
59277765
59308071
59309636
59315397
59316734
59320023
59328459
59334651
59336131
59339493
59351578
59362765
59366735
59367087
59379269
59383764
59386111
59388844
59407469
59412453
59412863
59420418
59422894
59423282
59437443
59438597
59458720
59464314
59466571
59471853
59472086
59475686
59477271
59498659
59500353
59511299
59524978
59528155
59540955
59541975
59549156
59549476
59574102
59577580
59578856
59607341
59609668
59611650
59617168
59619656
59621238
59639080
59645842
59662827
59667998
59668009
59678279
59686368
59701042
59701066
59712658
59713348
59714353
59720757
59742308
59747101
59752981
59755089
59762690
59765060
59767466
59771018
59787527
59824769
59832134
59862298
59863397
59863833
59879845
59880106
59880592
59883492
59884893
59887681
59892440
59904311
59914404
59915072
59915502
59924483
59941554
59942607
59943982
59945797
59953344
59963030
59977399
59993912
59995039
60002418
60005124
60008039
60016679
60032788
60032870
60034565
60035068
60039634
60055392
60066182
60068399
60075164
60081135
60100787
60105797
60106526
60142382
60144559
60145417
60155993
60161809
60164210
60176333
60184271
60193704
60200556
60204155
60204236
60218129
60226918
60235003
60243890
60246683
60251942
60253730
60255193
60263919
60270183
60273337
60280779
60282236
60286701
60310900
60312174
60321696
60323957
60334665
60338253
60349480
60352530
60364071
60365780
60372131
60383578
60385589
60394166
60396008
60400501
60406302
60410675
60411532
60416431
60417618
60418919
60424264
60431007
60434587
60457648
60460321
60466909
60479893
60495710
60500165
60500825
60501513
60505159
60515444
60524604
60539947
60556746
60558247
60562240
60565145
60597111
60609085
60611005
60612044
60614048
60614553
60616651
60621871
60622971
60623311
60627298
60635635
60641427
60649695
60651458
60652760
60657339
60659873
60668465
60670208
60684941
60688328
60688568
60701914
60709442
60711239
60712448
60714532
60717230
60717664
60723252
60724433
60725965
60726744
60730946
60737930
60755819
60766911
60779500
60790725
60791916
60806411
60817845
60820337
60827356
60834146
60842653
60842826
60844663
60847960
60852994
60859658
60868586
60869431
60876023
60899091
60905170
60905472
60912553
60914708
60916662
60925033
60938451
60946375
60954711
60963967
61001097
61012367
61013526
61021968
61025783
61030043
61033725
61040837
61042237
61064243
61069821
61087124
61101831
61108197
61117608
61130189
61132743
61177631
61178558
61181071
61189858
61205626
61211151
61212372
61215397
61217364
61217761
61225057
61248706
61260447
61266749
61273905
61277242
61282393
61284523
61300427
61300618
61304011
61309316
61316819
61320382
61329870
61340731
61357073
61367685
61373698
61376825
61377108
61377628
61377751
61393470
61396208
61403575
61434790
61439767
61447392
61453244
61454447
61465482
61471042
61482042
61489426
61491951
61506504
61522598
61523328
61535416
61539447
61548751
61567588
61584321
61586648
61590929
61594230
61606998
61608172
61611671
61623111
61623501
61634182
61650044
61653704
61663282
61674130
61685911
61696301
61702814
61706535
61710180
61730410
61739650
61743685
61747014
61756451
61757933
61760285
61767595
61775563
61776764
61781734
61785385
61788574
61789838
61792066
61792364
61799881
61800741
61805416
61809922
61810075
61810962
61813114
61822968
61845029
61851063
61872240
61875612
61878352
61890299
61895368
61895451
61899894
61901708
61909602
61911318
61911544
61921858
61925149
61929764
61932038
61935511
61935641
61936846
61947029
61965843
61982326
62001085
62010501
62012543
62012635
62017029
62026053
62026955
62032601
62032721
62034652
62061860
62073850
62087913
62096118
62099733
62121062
62125300
62125648
62128751
62140579
62142370
62147854
62158345
62160790
62162979
62177382
62182497
62185536
62198092
62199788
62218079
62248739
62257752
62259859
62271955
62273068
62279312
62281784
62282500
62283744
62296187
62321155
62330346
62356728
62358178
62361845
62362892
62369488
62401200
62403859
62406899
62408654
62419568
62426066
62433961
62440302
62441239
62456638
62463465
62481344
62483374
62485395
62487728
62503191
62517204
62523719
62554351
62559512
62561231
62562114
62562292
62568266
62580573
62584493
62595971
62617359
62620847
62634179
62635930
62637848
62646974
62647641
62667171
62674697
62675616
62681538
62683998
62699361
62702403
62706011
62706420
62716617
62728309
62733107
62737137
62739655
62742810
62749450
62771566
62775298
62785888
62786870
62788998
62793796
62807005
62807789
62814970
62825994
62829198
62831590
62834298
62865013
62865461
62882670
62883287
62887501
62888250
62902176
62905430
62914860
62917110
62917803
62933650
62936331
62938631
62952872
62958252
62962038
62963589
62985722
62988419
62989884
63000913
63001974
63010218
63015582
63030617
63040690
63044637
63048279
63062254
63064728
63065612
63079503
63093464
63110461
63119180
63128365
63139906
63140509
63147937
63161717
63173922
63175661
63177423
63179827
63184264
63194116
63202507
63206988
63213854
63214775
63225802
63231258
63231477
63244324
63274522
63280696
63285221
63287223
63287422
63291564
63299956
63300088
63326435
63329835
63340452
63347272
63355125
63355679
63361512
63365136
63368214
63374925
63378530
63379873
63387428
63392920
63404938
63405258
63408604
63419243
63432995
63435515
63438037
63445870
63452648
63453007
63453718
63456902
63458810
63497717
63499007
63504577
63508976
63522584
63523454
63527776
63529594
63530546
63536297
63546989
63549418
63566605
63572882
63583476
63593528
63606641
63614100
63616970
63627009
63627135
63640681
63647530
63661413
63662412
63665001
63671515
63694172
63698982
63725958
63730377
63732399
63752956
63753254
63758258
63765134
63774092
63775883
63791669
63797402
63805648
63822939
63824699
63832955
63843710
63844609
63856709
63857193
63866199
63868727
63874643
63876712
63888182
63897134
63902833
63919497
63920015
63933037
63942869
63943699
63951821
63955682
63963974
63988490
64009046
64013121
64026917
64039014
64048758
64060876
64071546
64080026
64080628
64082898
64083223
64084216
64086520
64094013
64095848
64101796
64102620
64108170
64114967
64124451
64124589
64137161
64150279
64184533
64187162
64198310
64207345
64241030
64249227
64252021
64265534
64265977
64302806
64315724
64317483
64336475
64340169
64355643
64362671
64371803
64404313
64416710
64423272
64442841
64452788
64454203
64465511
64477804
64480157
64482337
64483481
64501427
64502547
64505449
64507400
64530610
64533526
64547028
64552321
64553055
64572566
64581299
64582951
64590565
64593538
64593645
64637002
64666184
64673172
64673725
64681249
64682233
64684274
64685017
64688937
64696442
64696956
64697366
64705398
64708209
64721682
64721881
64724165
64737559
64741700
64760162
64763738
64775161
64778636
64788566
64791031
64803178
64807377
64809988
64814693
64830780
64834324
64847449
64871134
64872191
64872519
64904778
64905334
64912019
64913336
64914812
64918305
64919736
64921401
64927089
64931371
64934811
64940189
64965997
64982185
65005185
65005226
65007047
65008569
65014293
65018048
65023471
65029391
65035786
65060765
65061391
65091208
65102951
65107975
65127208
65129819
65133765
65150477
65152373
65173735
65188506
65205221
65207980
65208583
65221838
65236944
65244631
65252218
65257446
65263671
65269334
65292900
65298693
65303677
65319445
65353346
65354672
65363167
65365435
65369039
65383603
65385184
65392158
65392181
65401992
65402178
65402923
65402934
65407410
65427121
65441379
65447434
65451589
65455338
65462054
65466852
65469935
65476300
65479012
65479195
65492943
65498950
65510839
65536839
65556533
65565575
65566252
65567524
65578191
65600282
65619050
65644538
65653478
65663470
65684513
65688162
65693898
65694023
65703155
65703376
65703739
65711240
65720939
65722148
65755249
65771291
65775054
65781049
65832708
65833387
65844676
65848841
65849348
65854998
65857762
65858504
65876066
65882187
65883302
65886016
65889181
65895406
65905934
65906076
65913111
65916280
65935678
65943925
65960175
65970244
65976096
65980211
65982581
65985177
65987544
65988895
65995694
65996524
65996920
66002188
66006752
66013469
66023048
66043581
66052573
66061600
66062573
66063741
66077305
66097969
66101732
66130107
66142125
66144615
66160790
66162495
66166465
66168547
66175578
66176825
66183001
66184036
66202425
66208686
66210830
66222699
66225577
66226544
66231567
66231821
66233582
66244678
66245012
66249676
66270953
66272971
66275700
66289065
66295420
66305268
66311185
66312547
66316473
66318128
66325420
66329329
66339536
66345148
66350719
66355364
66365883
66373965
66378382
66379058
66380632
66395508
66395894
66401209
66403443
66422788
66449126
66459460
66480017
66487213
66499183
66506524
66513049
66530662
66530702
66540018
66558303
66559386
66568628
66580003
66582243
66583478
66585566
66590650
66601986
66632340
66642201
66659569
66665247
66670034
66671714
66675716
66682768
66700209
66706753
66711038
66720391
66728819
66730588
66739412
66740577
66780439
66782922
66794908
66816807
66822578
66837709
66849593
66862053
66873579
66914276
66918384
66928472
66930742
66934795
66936470
66937431
66949938
66952688
66961652
66965781
66973507
66983174
66987994
66989727
66993807
67008194
67020440
67043951
67049737
67054300
67059570
67062749
67063301
67071252
67071722
67074873
67084095
67095977
67104903
67109984
67114076
67129678
67133048
67137152
67140266
67144019
67160978
67163931
67164890
67168017
67183170
67186896
67200161
67206556
67214066
67216153
67223016
67228617
67231680
67238953
67240687
67243449
67247529
67262595
67262684
67274809
67282054
67286467
67292297
67298426
67300587
67303256
67312452
67312994
67328866
67331061
67336911
67338998
67340881
67352840
67366520
67374244
67375416
67382600
67389182
67391280
67399669
67408287
67431953
67442352
67450443
67457979
67461749
67462436
67485953
67486475
67489192
67489198
67494573
67498904
67501163
67502690
67504189
67509554
67513904
67513990
67516230
67518009
67543890
67554006
67558055
67562619
67566610
67590942
67606793
67615259
67622212
67625376
67631022
67635018
67644335
67646077
67647587
67650155
67652852
67658445
67672845
67676655
67701147
67701197
67708286
67715586
67720484
67744250
67752250
67755819
67761288
67763688
67769916
67829740
67836830
67842392
67850676
67859866
67860590
67867396
67880592
67936477
67937786
67954234
67965576
67972227
67976736
67981630
67982795
67989946
67991766
68002582
68004667
68005354
68026194
68042110
68043768
68053449
68053477
68069548
68069909
68073762
68074441
68083783
68116536
68120104
68123244
68138902
68139420
68156208
68161607
68168110
68171278
68176494
68177270
68178068
68204256
68208996
68224988
68230317
68237137
68268487
68271151
68322797
68322878
68324430
68329030
68335218
68336671
68338786
68343608
68359588
68370047
68377421
68384134
68389921
68390125
68399572
68399645
68412123
68412961
68414087
68420266
68422720
68427250
68436141
68442025
68453132
68453779
68464261
68464473
68480091
68484285
68492753
68507405
68511777
68513764
68514368
68515422
68516506
68517327
68519231
68520665
68529324
68532587
68544192
68554647
68557405
68560200
68574080
68589124
68592613
68600743
68603491
68637520
68643844
68648363
68660313
68660346
68678691
68683830
68684655
68687154
68695919
68707271
68708028
68710575
68732177
68748232
68749529
68750045
68752675
68756006
68770151
68773918
68785223
68788281
68788966
68790729
68796334
68816565
68819306
68823650
68825738
68832423
68836094
68846648
68855711
68857818
68866620
68871580
68893478
68899573
68908130
68921128
68931273
68931978
68933033
68957036
68958467
68959147
68959429
68970334
68973378
68977505
68980378
68981279
68981781
68982069
68984800
68991647
69004633
69009903
69020398
69029423
69040831
69044663
69053178
69054068
69074509
69083028
69098696
69104985
69107031
69107668
69117797
69118841
69134722
69155335
69179540
69180687
69186818
69220551
69225299
69229081
69237106
69240306
69241467
69242726
69246673
69260690
69272193
69289697
69307860
69314628
69317329
69348726
69359343
69363996
69382295
69382649
69390902
69401202
69406672
69415210
69419240
69427937
69429414
69431424
69431762
69471116
69474455
69476065
69483974
69502064
69502411
69503593
69513897
69524327
69533849
69550511
69566391
69569198
69577066
69578963
69592361
69600557
69601610
69610736
69615210
69617300
69618393
69620330
69628268
69628556
69643950
69651619
69668042
69679206
69681468
69682598
69684210
69685371
69689321
69703316
69705893
69711609
69716306
69724680
69731996
69740944
69742902
69745223
69745901
69751785
69784719
69800376
69809680
69813687
69824192
69825642
69828499
69845412
69868078
69875175
69878806
69889541
69894867
69898999
69920000
69924571
69926623
69928346
69930289
69933197
69945749
69956424
69958353
69960341
69967719
69968334
69969185
69970489
69972179
69984803
69992557
69998377
70005108
70007477
70015089
70028208
70028292
70032529
70041174
70042902
70044787
70065489
70079273
70087825
70090528
70090787
70091086
70102349
70106550
70121871
70128235
70130997
70147687
70147753
70167566
70168168
70171831
70180214
70196109
70210627
70212408
70217332
70219224
70229437
70232281
70232598
70239316
70250247
70263849
70284556
70291020
70300654
70303271
70307001
70311800
70312089
70318723
70338394
70340763
70351484
70356942
70365377
70367401
70378439
70379611
70385169
70402580
70406399
70408610
70417885
70422293
70426068
70431213
70432054
70439680
70448734
70488444
70489583
70493556
70504075
70510913
70516599
70523004
70524847
70534243
70537613
70543263
70552214
70555898
70567271
70571413
70582215
70584784
70591031
70595186
70601391
70602208
70611260
70615500
70622891
70635128
70639757
70639882
70643956
70646296
70670618
70690522
70709874
70715630
70715771
70728073
70739708
70747067
70753570
70759298
70782299
70799581
70799839
70812756
70815748
70815809
70824328
70825812
70841454
70863484
70866970
70882394
70895237
70901962
70902336
70904939
70910118
70916115
70916259
70917675
70927094
70947815
70957023
70967330
70988398
70991288
70994521
71007835
71020916
71032529
71041659
71046456
71047817
71048378
71050581
71058668
71066133
71068742
71069623
71072140
71075661
71081640
71092792
71096494
71105664
71120146
71134068
71138712
71144070
71152861
71159879
71181953
71185272
71199304
71202903
71204681
71206258
71215672
71219128
71228339
71233355
71239254
71244163
71249928
71253248
71255019
71255683
71265184
71277599
71280353
71281562
71285093
71295609
71308300
71308338
71311253
71317627
71329985
71332454
71359593
71361903
71366480
71373356
71377139
71390163
71408350
71419359
71421516
71423305
71423383
71428484
71438099
71440760
71457924
71458897
71462563
71468713
71469161
71472299
71483247
71483405
71484616
71487721
71489729
71494759
71500022
71508659
71509820
71519628
71536937
71543025
71543826
71547331
71548893
71553578
71555233
71562011
71570648
71573990
71586849
71589926
71595673
71597856
71600244
71606367
71606985
71621447
71623724
71623869
71626418
71630355
71632403
71648283
71650114
71658115
71658433
71659826
71660150
71663777
71696972
71702730
71704166
71720679
71724032
71740257
71747554
71778617
71783247
71802363
71810252
71829667
71831122
71831209
71843916
71845486
71845840
71864611
71868667
71878393
71881120
71884300
71892678
71909700
71909703
71920796
71922144
71926114
71948518
71949646
71952649
71960538
71969770
71976307
71988524
71993953
71994292
71995640
72001394
72006972
72029358
72037728
72039356
72041344
72056247
72058810
72061577
72081885
72089555
72091968
72096638
72097364
72097554
72111385
72114659
72116842
72127033
72134847
72144616
72154605
72166618
72185315
72189563
72194684
72203038
72213570
72249003
72257395
72262739
72267939
72287243
72291492
72299534
72305319
72307115
72315697
72316948
72317653
72321457
72324991
72332850
72349405
72389600
72407742
72420546
72423018
72433359
72438696
72456858
72459729
72460595
72464197
72467439
72471488
72490724
72491285
72496652
72510008
72513879
72517672
72527364
72527732
72530482
72536697
72546372
72553731
72562672
72582395
72582449
72595598
72605037
72610706
72621628
72659515
72661170
72664572
72668329
72670781
72684523
72685210
72690945
72695536
72702842
72704505
72707458
72709646
72714005
72717690
72722995
72738898
72739271
72740059
72746708
72776892
72813380
72819181
72826148
72854952
72864147
72876244
72879561
72888434
72905425
72906330
72919598
72925269
72958428
72964802
72990937
72994084
73003105
73005103
73011474
73018173
73035797
73036050
73037587
73072524
73095085
73121463
73146104
73160640
73164267
73164508
73165185
73172725
73217560
73222326
73237379
73238337
73255478
73265742
73267002
73267175
73270885
73273864
73275007
73292230
73293497
73301297
73316273
73324513
73330208
73347971
73352010
73354203
73372807
73374827
73376216
73386285
73386760
73391909
73411545
73424031
73425022
73427813
73432063
73432659
73436513
73439881
73441694
73446174
73450380
73451033
73453265
73458186
73459394
73464428
73466800
73466917
73469895
73469926
73471174
73472173
73475094
73486690
73492314
73498341
73499664
73505136
73508250
73511698
73511735
73513243
73515362
73517504
73521568
73523715
73535604
73547908
73550764
73554226
73557515
73557727
73559916
73570655
73590709
73590755
73603674
73610034
73612451
73616954
73617487
73624427
73630159
73633526
73655102
73657826
73659094
73663687
73666026
73684008
73685785
73695732
73698529
73701017
73706281
73707542
73709514
73715668
73717144
73720126
73723792
73729055
73734582
73740072
73743572
73762557
73781531
73783241
73783321
73788834
73790949
73796541
73797402
73809805
73810519
73836224
73836839
73841880
73848156
73851498
73852177
73855268
73868694
73873914
73883757
73907329
73909577
73916050
73917719
73918464
73919303
73920877
73934256
73935070
73939281
73941208
73943032
73952993
73954583
73962328
73980201
73982941
73986093
73993602
74001671
74015642
74017751
74021371
74025662
74049625
74051236
74064164
74067344
74070018
74076626
74080628
74104072
74117682
74120089
74122225
74127494
74130066
74137436
74138781
74150856
74153149
74182455
74190786
74196490
74205973
74214441
74220140
74248868
74257827
74262136
74268502
74271031
74276903
74285584
74294493
74296056
74327960
74328530
74337745
74345660
74359229
74360771
74364333
74371801
74377020
74395163
74399406
74408794
74409172
74426065
74438441
74467237
74485991
74505914
74521227
74530587
74534041
74541631
74547075
74551248
74575086
74584782
74585327
74599111
74609091
74611143
74619171
74623968
74625867
74625880
74645740
74645852
74649545
74657537
74666059
74674538
74677848
74704876
74709075
74709984
74729568
74751624
74759977
74769015
74777249
74778619
74780231
74780458
74782615
74791649
74802339
74804882
74806648
74828356
74841056
74844273
74858765
74867249
74882091
74900278
74900503
74903062
74903755
74904759
74906231
74917434
74920322
74960487
74961864
74962950
74963264
74968088
74974299
74977863
74983085
74988046
74993168
74999194
