For an array with 10000 items set in ascending order, it took 0.619102979 seconds to sort the array using the bubble sort algorithm.

Below is the array after having been sorted by the algorithm: 
17185
25081
32620
48034
48334
55321
76031
79942
83404
107027
121675
128274
139268
139307
150777
159518
166245
166606
175346
177017
179032
180970
183454
222511
224073
232966
235141
239129
247388
254704
257098
275868
304901
310127
312139
325469
335459
348001
357655
364879
368012
372698
388517
390576
396031
402895
406313
408107
421127
421979
422883
431295
440414
442463
445645
459420
463749
474232
486675
488946
499690
507880
518608
529729
530219
532077
534902
538737
543317
553137
553621
564287
564564
567746
570577
579698
583192
583355
589197
599772
601263
603173
605882
611216
612674
622356
626195
629834
634465
635816
637637
639896
643978
656796
659072
664293
666539
671249
673352
684556
689614
692296
711181
730283
731931
732074
732784
754858
762856
763331
769132
769555
772848
783725
785664
789221
797754
806596
808438
820388
828303
834716
837386
839901
845619
846628
847263
853817
854651
855809
858369
888430
901850
917837
923604
925730
939894
941586
945386
950427
954046
962118
963471
977267
990158
1007747
1020249
1026206
1029464
1032004
1041880
1053441
1065569
1071379
1075189
1115454
1119187
1126029
1126435
1130733
1137512
1138580
1143056
1143745
1145399
1151694
1153918
1160713
1160713
1162317
1162757
1174892
1178513
1182117
1214133
1229929
1235090
1246084
1257866
1276862
1284415
1285669
1286597
1297896
1298020
1304847
1313760
1319048
1320836
1320939
1339992
1357573
1365193
1387263
1387926
1404145
1412484
1413937
1418801
1420416
1425299
1427321
1429274
1441130
1447618
1464220
1481140
1492219
1501779
1505036
1505148
1506799
1517657
1519510
1524710
1525814
1546769
1561896
1574565
1582247
1585712
1592116
1592908
1602688
1607211
1609979
1626226
1626932
1630673
1662497
1665898
1667150
1700027
1700091
1730101
1736128
1737398
1749393
1755821
1763831
1765073
1765472
1766987
1767097
1770949
1790369
1791215
1794786
1803714
1811034
1815016
1859737
1862270
1869765
1883254
1886823
1891549
1892661
1896721
1899250
1900732
1906935
1915619
1922573
1938026
1943821
1945160
1964508
1971092
1973999
1978411
1993913
2007856
2009584
2016482
2017989
2042035
2042598
2046985
2060731
2070394
2079298
2085839
2088242
2093367
2102076
2106368
2113713
2129721
2138614
2143970
2146145
2162174
2174140
2177065
2177281
2177610
2189337
2192948
2199091
2212786
2215691
2223153
2237162
2237499
2245721
2245974
2253100
2257687
2258110
2268171
2269758
2282709
2287052
2298496
2301583
2302457
2328203
2365676
2375386
2376918
2378805
2379171
2386710
2396066
2397377
2402068
2446256
2458449
2476454
2481130
2490791
2507071
2508479
2513174
2522637
2525688
2552193
2560994
2568297
2572304
2575562
2581411
2590832
2593257
2628058
2631457
2641106
2646848
2651228
2656291
2656877
2664559
2685147
2692096
2694656
2695662
2704077
2713044
2718989
2730658
2762153
2764959
2801863
2810229
2811665
2816893
2824680
2838283
2846189
2867301
2867538
2867932
2887991
2889220
2902321
2918728
2919235
2919628
2921893
2938455
2949968
2952586
2953363
2954149
2963371
2972332
2980595
2983395
2985659
2991557
3005423
3007994
3008773
3012831
3019362
3019491
3021451
3023959
3029855
3040979
3044624
3058592
3059265
3066950
3071073
3078777
3083364
3085811
3108418
3116395
3120236
3126415
3152908
3161827
3171783
3181123
3181507
3182429
3189294
3189927
3191191
3191347
3201825
3205525
3245060
3248481
3260167
3271026
3293491
3301837
3302191
3319116
3359223
3364153
3364682
3366583
3367557
3375010
3376359
3378007
3378539
3379051
3384588
3384960
3385138
3389294
3390880
3399851
3405796
3419884
3426844
3432148
3439902
3447169
3449309
3452364
3459040
3459350
3459482
3464003
3484821
3485248
3495497
3500197
3500725
3503344
3505668
3506936
3507728
3510370
3511114
3521170
3531656
3535119
3549158
3550951
3568379
3569368
3577661
3583536
3594607
3595377
3604260
3627943
3648426
3653484
3656242
3676569
3681194
3682871
3691448
3696231
3706013
3710450
3733909
3735289
3739467
3749842
3768139
3770858
3776336
3779769
3783318
3788107
3802184
3807535
3810436
3829492
3846530
3848771
3858404
3869148
3872727
3872840
3876377
3880030
3894555
3894888
3908109
3908737
3918112
3919979
3923543
3926864
3932223
3936543
3944314
3954159
3955062
3958968
3969093
3972075
3974170
3987597
3988859
3991386
4008941
4055765
4062755
4064344
4066652
4070876
4075148
4094571
4117587
4122505
4157664
4160373
4161015
4181509
4185275
4189271
4195829
4197317
4228129
4233840
4246633
4250394
4250665
4290046
4298181
4314091
4315884
4318004
4318667
4319231
4326483
4328274
4332635
4346999
4350784
4368803
4378397
4380948
4388650
4393758
4394815
4405680
4415402
4415697
4427399
4433023
4444459
4455643
4469560
4472885
4484393
4494737
4511894
4513039
4515867
4521830
4533413
4533636
4534238
4536345
4551865
4553550
4560324
4565741
4571942
4572474
4581329
4582063
4582857
4612934
4613409
4628342
4630984
4639872
4644450
4645808
4656492
4670972
4683928
4692233
4713444
4715460
4718847
4727654
4748987
4755201
4757172
4758520
4775338
4778369
4785695
4787867
4793030
4804797
4807961
4811808
4813915
4813984
4820375
4836723
4838007
4839577
4842642
4856560
4858768
4871104
4874712
4911774
4912867
4919950
4941894
4943890
4952072
4953237
4961196
4963622
4983945
4986569
4999808
5009089
5023249
5042048
5044906
5059869
5060645
5075994
5080073
5085252
5086915
5107903
5117872
5122701
5129819
5138974
5140247
5143601
5149866
5155529
5155590
5156913
5165447
5174136
5175295
5177140
5180552
5181345
5206212
5207234
5232268
5235440
5245320
5246536
5255926
5256485
5261718
5271417
5275853
5278287
5288596
5310061
5321211
5323874
5324149
5324237
5331367
5340988
5344818
5357159
5361161
5363878
5372585
5390642
5418445
5419109
5420000
5443495
5446128
5451342
5453147
5464286
5466170
5466955
5477617
5479544
5491514
5505957
5509023
5517788
5519459
5519610
5520238
5522336
5530293
5531724
5569642
5579064
5594189
5598652
5602482
5602783
5612280
5620754
5627264
5627466
5636476
5636964
5637327
5647253
5659291
5662663
5679947
5680704
5685523
5690283
5704574
5716602
5727260
5728841
5735611
5742799
5748879
5752858
5761366
5776231
5778844
5793824
5794490
5799624
5801528
5825631
5839424
5841282
5856434
5860880
5883125
5884423
5900232
5903521
5903605
5906122
5908965
5927713
5929451
5929535
5938173
5963913
5966059
5967635
5970040
5979717
5992629
5995312
6012292
6013417
6016962
6017661
6019307
6025775
6030457
6032230
6041997
6042046
6045782
6061763
6061795
6065596
6066856
6072928
6073634
6074736
6080025
6080532
6080649
6080765
6084410
6087141
6097517
6101059
6103033
6115926
6123773
6131044
6142224
6144790
6165095
6165972
6168412
6176033
6181881
6190835
6208909
6210041
6215835
6221269
6231305
6237316
6242478
6248818
6261635
6263919
6264622
6265104
6279982
6281904
6297142
6344661
6345132
6346186
6352391
6354909
6367068
6378923
6401164
6422873
6437746
6439476
6442044
6442299
6454787
6471141
6483223
6495186
6496215
6500153
6506862
6508394
6510129
6511339
6521175
6529253
6529821
6536336
6541350
6543652
6557575
6559218
6561710
6566649
6570673
6572121
6573229
6579594
6581986
6584337
6586607
6604446
6607152
6619265
6638740
6639521
6648779
6656169
6656581
6657180
6665414
6666455
6673228
6675934
6686918
6739104
6739309
6744696
6744863
6747449
6748082
6792615
6792975
6797233
6799100
6800502
6803105
6814261
6816970
6822168
6829050
6846541
6847326
6849972
6859687
6865616
6865741
6867077
6870555
6874448
6892933
6915305
6924681
6926002
6926423
6926841
6930066
6943439
6949621
6961586
6966256
6967773
6979040
6994670
6997737
7010012
7015523
7019596
7024247
7028632
7028640
7040086
7043334
7064904
7067311
7070608
7087689
7089825
7090051
7091554
7105481
7107479
7114624
7119903
7128265
7129557
7137724
7141323
7146950
7150156
7159194
7165533
7176834
7178556
7181867
7189104
7201563
7204140
7219961
7227451
7229899
7230357
7235029
7237280
7243708
7245807
7250206
7251680
7280937
7282237
7331478
7333796
7340551
7344281
7348047
7362185
7362264
7377013
7382778
7386989
7411681
7413778
7425249
7428352
7428432
7434033
7458675
7462382
7464883
7481600
7488082
7494750
7522122
7527140
7529353
7530966
7542812
7552672
7557810
7573410
7581761
7585217
7587344
7595073
7595470
7613350
7618118
7650370
7651496
7651914
7653971
7663927
7665460
7684553
7688048
7692381
7716983
7717581
7718221
7745013
7765579
7767448
7771932
7772691
7790840
7793244
7797498
7799959
7807666
7810669
7813139
7817474
7818473
7823654
7825585
7834471
7836559
7836703
7843889
7844620
7849630
7851854
7869958
7873349
7880557
7884176
7889922
7900482
7911266
7935922
7936009
7940859
7941171
7952996
7956337
7966529
7977265
7990874
7996897
8003071
8005983
8008442
8014691
8017126
8027433
8032207
8044189
8057668
8063449
8067775
8086718
8091143
8093160
8095269
8096736
8103320
8129229
8137025
8139875
8148682
8151755
8152812
8158281
8161122
8173142
8173752
8174911
8191438
8193067
8204862
8212060
8220444
8220831
8235224
8240477
8240700
8252656
8260800
8260968
8264627
8270382
8275232
8275529
8275884
8278355
8278918
8286846
8292850
8294121
8306009
8312577
8317094
8325275
8329358
8330399
8342716
8343884
8353577
8367007
8376697
8378028
8382289
8405812
8421174
8436073
8459946
8470458
8480605
8482201
8489521
8491779
8494634
8496382
8501007
8530419
8543821
8547091
8554378
8556176
8560896
8561972
8583134
8591217
8644955
8647102
8653401
8659057
8659969
8666859
8668993
8673061
8676708
8679342
8680613
8687206
8687609
8695213
8699148
8722331
8727898
8739879
8750462
8755172
8764008
8766021
8794415
8797934
8798124
8803840
8813099
8814202
8819314
8824873
8837234
8840945
8854419
8865089
8874298
8876507
8877039
8883443
8889162
8892088
8893307
8902558
8910467
8911022
8918972
8924440
8927924
8928861
8931568
8933392
8937023
8953322
8957783
8959153
8963143
8984137
8987006
8999820
9015769
9017983
9023630
9042361
9043277
9047002
9047644
9052455
9060073
9061090
9061870
9065042
9067387
9068726
9079419
9090013
9098625
9101609
9108702
9112927
9128714
9129818
9136489
9139085
9147723
9164817
9187627
9188540
9191480
9213824
9222672
9236893
9245670
9261204
9271178
9275558
9284734
9287033
9288698
9289484
9299399
9304191
9305823
9310178
9322382
9343908
9345994
9347156
9383913
9387707
9387949
9388372
9392724
9393449
9404194
9408977
9418088
9420354
9434176
9443297
9449868
9453720
9461100
9468949
9481833
9486128
9494727
9495528
9506279
9511613
9518009
9524320
9526387
9541878
9549420
9552740
9554051
9558262
9575138
9579144
9584992
9585794
9586637
9590025
9592396
9593133
9593283
9599474
9602035
9607112
9624291
9633996
9644501
9644576
9654020
9676670
9683871
9690842
9691861
9692641
9698259
9699233
9729539
9732816
9736372
9761540
9809742
9810484
9813002
9826079
9860883
9870295
9881838
9883973
9889651
9890898
9894897
9906916
9908745
9917197
9924307
9934765
9940569
9945743
9951068
9957974
9963957
9966245
9985670
9985868
9992548
9997355
10002819
10003670
10004072
10044469
10047101
10047123
10050807
10054247
10063851
10079446
10080600
10090423
10094814
10105702
10124428
10125190
10128815
10130720
10137349
10165403
10178528
10180306
10209228
10213345
10216362
10218037
10232814
10242893
10246847
10251655
10298130
10301554
10303845
10304226
10322729
10346492
10346575
10352974
10357911
10370003
10370115
10370833
10380418
10393026
10398936
10401750
10402693
10418341
10422789
10428295
10431733
10441257
10443512
10446089
10472818
10476880
10493107
10498922
10500807
10508446
10521414
10523476
10529143
10535773
10554206
10556469
10579616
10580883
10585827
10595780
10596256
10601434
10607116
10609101
10620841
10621073
10639539
10643020
10670073
10672388
10675926
10676356
10676373
10679227
10680553
10704523
10706900
10707077
10724555
10743136
10751612
10770089
10781537
10786390
10787384
10796508
10797412
10797562
10806510
10814880
10815567
10822487
10828398
10834933
10838540
10857758
10865151
10873787
10875248
10901876
10910961
10937938
10942614
10946191
10954918
10964010
10970524
10982331
10982710
10993975
11002153
11003477
11008495
11010645
11018056
11071653
11081489
11083941
11100123
11108885
11139104
11150152
11150822
11173757
11182053
11186550
11191074
11192305
11199153
11210926
11227671
11235279
11257559
11269514
11270141
11272945
11297709
11308430
11319631
11331883
11354543
11355350
11355557
11361096
11375191
11391488
11405038
11405922
11423771
11435430
11435504
11446781
11447887
11448193
11468557
11471269
11473693
11483774
11488800
11490947
11504617
11518006
11519687
11526468
11540463
11559594
11561646
11581855
11587023
11602075
11626149
11628002
11629809
11630484
11641125
11662009
11662370
11665343
11688330
11694570
11698674
11701224
11707064
11715055
11728237
11729060
11730174
11734384
11735889
11747663
11751114
11752004
11752027
11753184
11765764
11767629
11769892
11770663
11771224
11784361
11789012
11789954
11791074
11800140
11821246
11821440
11822929
11833984
11839185
11841715
11849399
11862763
11871706
11873370
11876252
11883658
11897352
11912650
11912734
11922577
11934166
11937150
11938781
11943563
11945582
11948742
11953322
11957170
11992096
12000771
12003433
12006854
12009594
12010226
12022682
12024939
12027754
12033838
12036258
12039279
12039412
12057719
12061031
12063880
12072864
12080155
12084919
12109022
12117140
12118075
12126471
12127573
12128355
12156255
12161705
12167440
12170476
12170745
12172610
12183125
12201933
12203177
12203393
12206205
12228905
12231856
12235236
12240519
12247638
12251145
12253325
12265912
12266243
12271694
12277435
12288686
12296488
12328135
12332677
12338984
12346565
12349491
12360762
12367220
12381829
12389571
12393506
12395257
12404505
12411830
12443388
12453061
12460126
12461045
12472272
12472893
12480032
12481470
12497764
12505759
12521360
12553709
12560408
12577303
12583201
12601547
12605546
12609277
12623884
12625167
12625233
12634883
12635580
12637413
12644898
12645819
12646239
12653465
12658990
12660281
12668727
12681247
12695828
12700568
12704324
12705167
12717094
12725293
12739005
12765950
12769722
12778115
12792331
12793924
12814539
12816451
12819213
12823523
12825026
12844883
12855103
12855664
12867385
12876902
12880260
12883131
12900628
12907207
12911222
12920768
12922150
12922904
12930222
12938591
12948907
12950500
12960637
12971357
12974819
12976337
12976831
12982242
12990869
13008455
13014316
13024994
13029542
13037277
13040141
13043218
13051178
13056113
13057636
13067434
13076644
13092043
13102148
13103056
13118750
13119048
13119485
13125997
13128279
13146447
13154450
13156876
13172830
13183451
13192604
13193532
13205658
13211789
13225405
13228964
13231191
13245938
13262730
13273293
13284960
13287871
13315377
13336478
13337693
13342101
13348539
13348621
13351919
13375418
13386662
13388467
13388831
13393484
13427229
13435288
13435298
13439044
13455862
13468144
13468210
13480836
13489335
13493927
13495604
13496950
13498475
13512812
13521688
13526549
13530550
13531433
13547020
13554608
13555740
13562939
13573972
13577904
13588390
13596143
13604891
13606447
13608044
13608937
13614034
13622843
13625106
13631379
13632097
13644437
13645748
13651155
13652802
13653806
13656617
13661939
13675602
13681392
13687652
13709119
13711015
13715137
13718125
13746894
13756656
13763330
13771027
13774680
13775594
13776268
13776422
13787094
13788598
13803888
13806075
13809701
13811924
13813667
13814437
13829885
13831656
13831721
13848820
13852764
13857172
13858971
13867213
13871480
13874819
13889426
13892270
13895347
13895590
13898630
13910359
13911930
13928389
13934921
13945022
13951355
13956207
13958178
13962445
13971586
13974634
13975112
13979147
13981734
13985130
13985338
13986179
13989293
14008959
14014266
14017050
14059284
14069792
14087397
14122788
14128192
14128741
14132333
14163858
14172347
14173559
14174644
14184623
14187682
14206979
14207457
14216420
14226031
14233263
14233592
14236962
14263718
14265293
14279778
14288409
14299465
14303393
14312678
14313333
14315382
14336424
14338994
14346609
14355749
14358371
14366469
14371811
14372771
14375785
14381595
14390572
14394256
14397770
14402773
14404544
14412003
14413497
14416190
14420536
14429504
14453789
14455664
14457277
14457750
14461690
14466162
14467606
14482212
14489736
14498091
14504439
14518209
14519088
14520849
14525500
14530735
14532297
14534943
14536400
14559775
14559916
14582787
14586863
14598351
14601563
14602230
14604250
14617077
14627439
14639461
14649522
14654898
14655889
14661229
14664130
14666587
14677368
14693715
14696891
14706043
14709122
14714845
14722980
14729566
14729762
14730154
14739719
14757966
14758429
14762646
14766813
14782659
14783362
14784619
14795185
14796589
14799887
14812706
14814014
14819319
14820680
14823353
14833589
14835528
14842269
14842986
14846099
14853911
14864570
14871063
14872557
14876592
14877704
14879079
14885313
14897433
14908951
14917080
14923225
14926937
14936337
14947555
14958019
14958378
14958551
14960211
14964676
14967683
14987686
14999862
15018350
15027860
15034277
15038225
15041007
15055119
15055897
15056240
15059953
15072034
15090333
15100814
15109519
15113425
15113437
15117576
15120358
15132712
15141603
15145124
15145810
15156588
15168557
15174267
15183829
15189601
15207624
15207676
15214996
15265150
15268331
15272993
15276605
15280620
15282532
15285900
15292205
15297028
15298666
15306378
15316307
15316630
15326267
15330595
15334132
15336370
15336471
15346474
15346934
15352457
15355603
15362084
15364666
15365498
15369332
15370532
15374957
15392595
15398763
15412155
15416578
15417084
15418209
15419556
15427397
15430088
15440046
15443100
15451924
15452846
15459725
15462830
15485807
15487999
15496765
15503634
15506089
15507660
15518366
15526131
15535278
15549799
15554414
15562455
15563084
15567891
15574268
15588612
15597208
15597577
15604287
15615892
15634893
15638870
15639230
15661254
15670658
15687376
15688717
15700631
15712103
15712169
15713642
15731981
15747358
15751392
15761090
15765358
15769489
15770485
15780645
15787771
15789525
15813613
15813987
15831179
15832767
15834924
15840671
15851943
15860018
15864738
15865386
15866838
15867530
15870976
15875244
15909883
15934335
15943910
15945129
15954026
15954677
15957571
15961584
15963594
15964918
15967460
15997923
16001885
16012729
16023484
16041563
16053155
16063039
16069314
16081883
16087033
16090314
16103957
16115835
16118274
16140480
16144576
16162586
16163250
16165894
16170291
16171295
16189924
16195385
16204307
16212604
16231844
16272619
16274088
16282365
16282685
16283708
16295888
16301886
16314508
16315618
16320080
16323275
16328468
16332296
16342701
16361962
16362112
16367154
16367680
16382469
16389721
16391661
16396627
16441145
16444758
16460544
16462680
16473676
16478567
16489182
16493867
16495387
16521741
16522995
16535999
16537805
16546367
16550481
16557928
16564094
16572777
16573178
16578905
16579606
16582699
16597960
16604831
16611656
16620702
16623564
16625367
16630370
16631313
16645817
16655015
16658672
16659592
16667444
16668414
16670337
16682845
16690756
16693013
16711924
16746430
16758995
16764661
16767049
16775008
16786431
16790432
16792651
16805120
16805464
16805544
16812831
16818806
16844970
16847768
16875826
16882407
16891453
16892115
16904830
16914756
16919258
16921467
16932734
16933647
16945318
16948260
16958843
16959087
16966705
16972916
16973280
16983036
16989492
16994902
17015600
17026437
17038048
17040770
17045986
17059472
17061950
17063720
17063890
17073651
17082681
17089863
17092219
17107259
17114108
17114683
17129364
17133493
17141612
17162217
17164203
17165873
17179465
17192379
17195467
17195918
17198214
17210883
17222559
17224742
17239375
17258839
17259705
17263303
17265327
17292032
17294659
17298889
17315518
17344213
17344940
17366672
17389940
17390629
17390993
17451367
17478399
17478911
17499500
17513936
17520461
17521927
17523544
17524575
17531133
17536999
17541482
17550001
17551487
17563152
17565811
17574637
17580437
17582091
17590229
17594422
17598972
17607349
17608960
17611016
17613591
17614942
17620344
17625742
17630893
17637578
17646061
17646990
17648625
17650610
17652360
17656446
17660446
17663616
17665114
17670928
17679290
17681404
17685332
17709299
17716450
17716475
17717897
17721481
17733945
17748395
17748491
17750911
17752759
17760754
17763762
17764215
17775638
17786377
17796889
17817541
17817730
17820129
17821446
17824851
17838837
17847279
17853310
17879848
17901786
17908553
17915595
17920227
17925136
17926362
17934013
17934818
17938476
17952914
17962026
17963589
17977098
17985150
17991515
17995192
17996475
18007498
18008131
18008425
18024559
18025901
18025943
18031536
18038229
18040821
18046058
18056876
18058677
18064777
18076340
18088106
18092846
18096997
18100095
18105192
18112843
18122237
18123378
18130112
18135829
18138957
18149008
18170232
18188431
18192685
18198940
18203278
18218796
18219153
18220062
18232515
18233454
18234057
18236233
18249081
18249365
18255090
18258232
18258341
18283673
18284803
18286580
18292814
18313700
18317710
18325719
18326955
18335295
18336978
18341063
18345461
18354275
18358569
18378232
18380805
18384607
18392917
18403774
18409045
18416649
18435410
18444860
18450392
18450952
18477837
18482327
18484353
18490165
18492399
18492932
18520307
18528389
18556018
18562869
18572682
18573729
18576500
18577389
18579408
18583146
18589732
18596978
18605769
18611810
18618648
18625181
18633302
18639173
18640319
18642928
18646335
18647360
18649958
18654503
18657613
18658303
18661434
18662973
18668480
18695863
18703145
18713064
18724846
18727020
18730694
18733941
18735244
18736723
18738469
18743764
18750972
18771729
18779342
18788784
18792389
18794197
18800337
18801012
18807589
18809787
18818524
18824108
18824154
18828183
18832482
18842857
18859014
18865156
18867945
18875093
18878704
18883442
18903766
18912539
18916243
18926956
18931415
18954385
18954518
18960598
18970473
18980086
18990883
18999847
19003301
19006103
19010475
19019259
19025409
19029539
19042137
19061715
19062624
19064381
19068418
19090177
19094061
19103384
19105963
19113393
19118207
19118404
19118593
19159515
19174861
19183576
19214711
19234029
19241296
19241567
19243396
19250370
19252984
19254413
19275089
19282446
19282742
19286133
19292867
19306163
19309685
19313068
19313207
19319311
19328667
19335310
19338794
19339816
19343921
19353154
19367269
19371710
19386194
19387480
19412589
19425865
19426101
19436908
19437277
19439848
19441169
19451789
19463572
19465532
19465918
19466369
19473375
19475257
19489788
19497543
19498609
19503901
19506917
19514688
19515870
19517248
19517427
19531617
19532777
19541182
19543883
19568269
19569446
19575517
19586787
19586933
19587933
19589915
19597450
19619700
19623775
19635537
19639555
19641880
19643379
19649576
19651845
19653132
19654691
19657920
19675346
19675622
19679095
19680002
19681811
19687995
19690289
19697088
19703087
19708037
19732081
19733596
19740421
19763628
19779872
19796966
19816998
19817527
19839610
19840887
19855777
19863888
19870235
19876244
19879611
19882223
19897002
19900568
19901841
19906648
19915797
19921890
19925414
19930041
19934569
19952476
19959832
19961635
19965652
19970279
19991746
20017594
20020435
20051542
20058167
20058890
20059348
20060300
20087343
20089393
20104519
20111811
20116426
20138410
20143500
20144465
20144839
20156902
20169876
20180833
20193801
20211469
20229717
20233932
20243047
20248888
20251419
20254990
20258564
20273207
20274520
20276416
20278636
20282535
20288967
20309016
20321001
20321763
20325810
20327510
20336144
20341247
20364894
20365471
20366937
20366991
20371168
20377127
20378964
20393234
20396348
20430062
20434567
20452042
20454962
20462068
20467075
20475400
20479063
20482603
20486069
20492268
20503621
20520281
20522503
20526446
20529624
20535277
20536824
20537211
20548526
20559818
20566808
20580118
20589241
20591484
20591734
20594641
20610137
20648675
20652447
20657137
20658740
20665866
20680172
20685732
20691068
20715655
20725399
20729741
20733516
20734413
20735510
20751934
20752525
20757603
20759344
20771250
20774170
20790146
20791528
20797187
20830082
20835114
20851798
20852208
20855400
20884524
20891547
20942803
20948848
20970337
20979418
20981074
20983987
20987480
20990041
20990089
20992774
20994733
21003335
21013661
21020703
21024896
21025277
21026210
21036962
21044744
21044953
21050906
21054757
21084913
21122116
21127833
21133539
21146394
21177341
21178306
21179066
21179962
21196623
21198030
21202756
21211823
21239145
21244887
21270508
21270837
21271906
21275499
21278679
21298653
21304869
21310679
21311043
21318561
21327284
21331749
21333887
21341695
21358233
21375516
21377215
21379320
21392271
21412057
21413655
21418862
21419615
21423076
21428668
21432961
21435368
21452747
21460947
21468464
21471163
21478749
21480063
21498115
21502440
21503165
21520280
21533542
21545033
21569987
21570448
21582001
21589546
21590498
21590794
21591129
21594343
21597288
21610357
21616929
21637239
21639344
21659803
21663400
21671414
21672444
21674009
21676705
21676968
21690203
21695005
21696291
21714330
21720605
21727139
21728933
21735021
21755325
21756303
21764800
21769119
21772109
21775242
21778602
21785677
21787624
21789911
21793472
21800561
21804977
21810670
21812314
21829105
21834800
21836680
21857021
21858031
21870253
21871409
21903164
21918131
21920838
21932249
21933659
21937527
21948529
21956768
21957460
21964883
21973608
21979655
21986951
22017523
22022732
22032795
22042767
22075955
22076398
22087776
22092289
22099532
22100066
22109268
22136043
22136725
22145597
22149020
22149789
22152389
22153734
22174830
22180495
22201032
22210654
22212989
22220849
22225794
22232944
22237509
22238790
22239754
22254718
22254861
22262553
22270112
22279948
22280205
22299923
22302374
22324919
22331044
22332091
22332426
22333746
22344595
22355302
22358871
22360504
22368279
22371194
22390231
22394288
22397886
22414959
22418238
22422230
22445886
22446211
22447334
22451384
22456510
22470088
22479117
22484188
22487747
22488444
22490921
22498073
22501047
22505276
22507729
22512788
22518876
22520497
22530593
22532547
22540578
22542151
22547113
22548758
22549206
22550914
22566601
22580115
22580710
22601970
22607603
22614689
22617017
22655883
22672221
22672822
22673342
22688192
22696802
22703450
22705549
22709879
22715792
22742878
22751842
22769331
22769599
22769962
22777485
22785111
22787579
22789617
22790728
22793198
22801103
22804881
22810016
22810484
22816361
22835300
22835721
22836834
22840307
22840827
22845621
22850510
22851770
22866428
22870061
22888552
22934104
22935614
22943803
22945479
22946231
22947253
22948282
22948373
22956444
22960162
22965044
22967410
22981408
22983255
22983360
22998371
23000393
23012777
23016996
23021781
23027337
23028399
23031854
23034245
23035355
23039948
23053076
23078100
23095234
23108142
23111573
23120920
23134043
23151073
23155738
23157377
23165173
23178017
23198842
23203412
23203825
23210209
23212350
23218300
23239443
23242603
23246441
23268668
23281857
23289946
23291969
23302236
23304397
23306129
23315143
23318055
23323020
23329735
23340775
23359164
23362502
23364058
23373674
23380659
23382248
23385722
23394807
23400563
23408422
23409041
23413225
23414995
23416292
23419192
23420371
23420698
23434452
23436498
23440918
23449824
23456243
23467977
23477310
23481451
23486074
23499248
23513579
23517786
23535558
23537803
23538058
23542457
23546784
23559763
23571108
23575747
23576279
23579575
23588895
23600699
23602636
23605693
23610442
23616094
23618789
23619930
23625842
23655708
23663783
23680321
23685631
23685824
23690026
23691585
23691719
23693305
23693528
23693915
23697594
23697889
23702485
23722932
23735506
23735595
23736410
23758022
23778022
23789010
23795969
23804001
23807009
23809099
23810035
23811604
23821680
23826373
23829434
23830747
23837768
23845275
23847946
23848243
23865874
23872721
23880306
23882067
23890830
23891900
23919268
23926702
23936637
23944971
23956250
23966978
23974001
23984991
23995360
23998111
24008723
24023472
24027434
24043478
24052094
24065056
24078985
24084350
24091612
24101247
24117712
24126042
24127224
24129582
24133878
24142467
24143721
24166877
24169869
24169905
24183138
24192290
24200162
24225607
24228869
24231619
24240913
24241036
24243936
24257451
24262664
24265470
24267758
24275838
24282932
24284980
24290881
24293876
24294670
24307307
24309708
24312399
24316661
24317597
24319696
24321070
24343398
24344992
24345886
24347148
24368183
24378439
24385712
24389298
24405824
24414377
24416467
24429373
24429462
24432759
24437821
24465247
24468267
24475766
24481444
24481784
24483016
24488208
24488883
24494480
24498567
24516497
24516655
24520031
24536611
24538767
24550535
24558618
24569826
24571425
24587089
24595779
24598016
24598043
24601815
24607733
24608644
24617830
24618399
24621047
24625742
24629354
24630742
24635353
24638091
24643324
24648089
24653704
24661151
24662340
24667727
24672997
24679892
24692215
24695625
24696171
24722766
24728075
24746362
24749824
24757501
24782935
24788332
24794787
24795058
24797007
24799326
24799407
24806508
24812656
24816231
24820596
24836991
24838095
24861359
24868106
24869527
24873992
24897597
24899401
24902801
24904203
24916629
24919808
24931889
24951681
24962637
24967458
24969965
24979171
24986166
25005101
25016317
25034838
25047893
25057925
25063211
25071379
25074944
25086296
25089074
25096919
25097026
25100588
25104197
25106695
25108526
25117432
25118547
25121866
25124082
25127651
25127907
25138080
25145673
25148855
25151602
25155685
25163804
25171671
25188389
25190306
25207808
25216626
25249340
25253321
25256333
25256697
25268166
25272237
25274761
25291009
25292539
25296186
25300488
25311236
25318153
25318510
25334558
25348863
25350732
25359888
25370235
25375236
25386231
25389092
25410284
25414150
25426009
25427559
25434518
25440510
25445705
25447611
25452398
25455691
25458665
25469006
25471744
25520910
25525938
25526734
25529998
25546073
25554862
25558016
25559350
25573321
25574393
25575313
25589438
25591882
25597680
25600462
25614717
25618231
25623677
25628174
25639313
25651790
25655868
25656620
25667951
25670747
25671476
25697035
25697442
25717564
25725991
25737189
25742863
25746703
25748361
25749793
25769988
25770268
25770867
25784216
25792680
25793628
25802523
25807766
25812605
25834355
25836219
25840619
25841139
25841830
25841983
25848839
25854436
25860278
25877020
25879739
25892041
25897388
25912439
25915243
25917950
25920288
25920783
25935035
25936876
25952351
25968751
25976270
25987113
25996850
26001471
26003726
26006825
26008869
26017377
26027580
26044135
26048579
26051436
26065668
26072375
26092250
26099334
26100069
26112336
26123452
26141749
26143869
26144248
26145106
26150227
26159293
26169512
26198861
26203280
26204888
26221651
26233407
26236961
26239577
26240731
26240868
26250518
26252347
26256858
26265818
26301953
26311943
26317282
26322954
26325122
26336256
26337090
26343029
26355157
26358833
26358924
26379455
26382115
26384086
26412880
26426564
26431944
26432170
26432563
26460548
26461347
26462905
26487691
26488085
26488346
26518002
26528138
26536104
26574074
26581956
26593283
26596619
26599116
26627945
26636186
26637342
26644306
26646249
26649089
26655426
26656007
26664673
26667478
26706491
26708539
26712881
26723215
26725491
26729366
26741852
26755641
26758474
26765242
26777453
26802438
26805391
26805574
26807219
26809257
26815965
26829904
26841049
26847741
26856736
26864001
26864192
26876749
26879295
26883766
26885611
26890289
26907067
26927531
26927581
26936620
26939081
26944999
26946820
26950828
26961766
26962403
26963173
26972712
26972849
26977107
27012198
27016770
27023757
27026661
27034546
27036416
27038436
27050481
27063440
27076777
27084022
27093313
27106369
27109796
27121464
27124773
27127186
27128581
27128640
27130056
27133991
27136561
27150229
27165554
27176862
27179120
27190398
27206353
27209043
27215789
27218977
27219525
27232934
27237441
27238699
27259547
27260248
27265716
27265959
27270867
27278978
27283538
27291726
27303460
27309260
27321680
27334430
27351948
27354228
27354584
27359362
27365707
27366606
27375240
27411620
27411808
27414725
27419006
27423747
27435184
27455721
27460699
27461122
27462310
27495856
27506986
27509523
27524391
27526012
27548574
27557615
27575807
27595396
27598112
27603842
27604848
27608647
27618060
27618705
27618777
27627596
27630776
27643833
27644919
27647007
27660814
27676764
27681210
27686464
27693048
27696637
27699628
27707305
27713672
27714586
27718014
27722786
27722955
27724540
27727795
27739254
27743657
27748133
27749135
27753730
27761702
27764012
27775856
27777969
27782962
27805154
27809084
27809392
27824451
27836548
27838286
27843636
27844490
27847207
27849592
27858214
27859199
27867243
27868654
27872073
27881480
27881583
27898742
27903257
27915295
27944962
27952377
27957511
27961959
27968991
27970219
27977193
27990834
27991672
27999783
28002144
28020565
28028949
28034254
28042640
28043639
28045290
28053623
28056074
28073649
28073847
28073980
28100888
28104039
28105055
28109227
28111735
28113099
28115334
28116107
28137782
28137876
28143309
28144511
28159126
28162242
28176928
28177554
28179887
28191906
28199111
28206161
28210884
28213596
28213814
28223646
28234476
28236036
28239393
28258715
28265131
28274788
28284931
28299907
28303569
28312024
28321467
28324285
28337029
28345936
28346560
28362482
28368852
28374282
28375238
28375668
28383168
28394192
28411900
28418978
28430408
28436342
28445022
28467475
28467610
28476811
28485504
28489721
28496405
28503581
28506636
28517111
28523201
28525829
28542216
28547012
28557048
28560203
28565828
28586081
28595512
28599881
28609809
28614157
28627700
28635381
28637840
28640479
28641389
28654609
28655861
28660752
28661158
28686987
28691090
28702387
28709214
28739204
28739470
28745810
28746133
28766349
28769026
28773647
28786004
28787575
28804189
28804301
28805914
28820698
28830949
28847076
28848500
28858409
28863363
28865058
28866036
28869655
28870368
28882115
28882204
28887991
28898727
28899478
28912968
28915181
28922479
28930875
28931471
28938113
28953118
28953458
28959073
28971059
28973940
28983072
29002475
29003184
29029317
29046646
29065524
29071631
29073760
29081590
29083402
29100843
29101482
29125295
29132240
29152463
29165233
29177438
29180467
29182035
29190998
29203705
29209473
29236559
29238226
29274593
29281472
29281500
29286780
29326851
29326871
29335331
29337014
29345069
29345236
29350863
29351310
29355334
29365905
29369024
29373318
29383199
29388965
29393507
29394961
29396483
29402986
29405086
29418369
29440063
29454022
29454773
29454845
29455386
29461044
29463800
29469652
29470695
29472559
29475086
29475158
29486305
29501193
29504698
29534736
29537816
29538492
29543024
29555717
29567497
29572643
29576588
29578414
29593248
29605503
29609335
29610655
29618157
29659846
29664037
29668464
29679297
29691418
29692419
29698154
29702985
29704647
29716553
29722415
29722759
29735420
29740966
29742779
29743766
29749502
29758781
29762774
29771659
29778393
29784831
29798917
29802197
29806668
29841705
29852460
29860248
29862737
29881001
29884220
29887891
29900083
29907676
29910580
29917430
29930964
29939132
29943771
29948982
29964336
29968133
29976050
29987899
29988223
29993855
30002363
30003853
30007377
30012024
30013963
30015307
30019878
30032076
30052001
30055251
30057010
30072562
30076736
30086344
30088345
30098306
30101812
30104859
30108770
30110103
30110188
30113819
30120085
30120695
30125470
30148719
30151614
30151723
30153425
30159726
30161014
30163584
30167493
30183320
30186030
30189844
30217241
30223894
30228173
30230276
30232355
30234670
30243352
30245777
30254559
30259809
30263287
30270863
30274903
30275491
30280380
30294858
30299560
30300174
30305769
30309932
30314685
30318668
30319186
30320758
30321524
30323992
30327091
30327719
30332304
30332852
30339186
30353025
30367665
30373808
30381469
30425762
30431425
30451076
30458962
30466330
30477488
30486380
30492224
30496042
30503281
30504294
30508820
30520909
30526512
30537529
30540342
30548462
30552443
30563348
30570184
30573205
30584413
30592604
30594992
30595893
30622228
30629175
30642309
30646899
30652149
30673324
30677143
30687011
30690995
30693764
30698548
30707792
30714231
30716912
30726203
30729539
30730347
30743076
30750423
30753690
30754805
30756883
30764089
30788050
30810458
30810811
30815709
30831982
30834081
30845470
30851560
30854476
30856531
30862024
30865551
30868859
30881360
30889092
30892629
30895723
30917481
30919199
30920879
30931009
30941755
30941926
30953353
30954593
30956037
30959962
30961522
30963113
30963364
30974891
30979124
30980780
31000448
31001046
31003022
31004398
31013890
31023840
31036517
31038225
31061224
31075282
31085989
31110344
31129124
31148755
31154193
31154219
31156636
31158606
31163164
31164558
31164614
31174960
31177488
31179115
31181277
31182390
31183541
31186577
31191273
31200362
31201385
31204002
31212211
31212885
31213206
31215322
31228348
31230488
31233712
31238675
31269110
31270019
31277460
31277504
31293040
31294245
31302349
31316906
31321316
31329030
31342848
31345486
31366695
31370570
31371946
31372465
31374186
31377402
31382292
31427503
31436420
31446812
31449064
31449596
31470321
31472692
31483617
31485028
31486701
31488886
31492818
31502810
31510267
31534827
31535775
31542180
31548460
31549386
31552953
31553934
31566163
31567136
31574482
31587666
31597177
31598702
31599316
31601380
31605553
31608778
31612105
31628948
31631662
31650143
31658489
31660222
31668664
31672034
31675913
31688140
31707944
31719046
31731465
31738546
31752152
31760409
31761289
31767869
31769655
31790917
31791600
31798916
31804606
31819207
31822951
31838182
31840800
31845898
31851243
31860259
31864993
31877882
31878235
31884257
31884333
31885190
31892128
31893628
31901493
31905429
31909049
31910467
31923593
31944892
31951130
31953435
31977968
31988127
32017144
32026797
32034246
32042999
32060358
32060883
32067705
32071764
32085546
32085989
32100915
32113040
32115030
32125219
32125650
32130037
32137805
32141443
32144353
32160738
32164727
32167819
32179488
32180652
32181530
32185405
32205127
32212118
32214486
32225730
32228210
32234544
32282766
32284040
32306740
32310270
32320793
32322823
32323145
32329645
32331239
32333154
32346462
32351365
32353365
32356798
32358274
32369785
32371661
32399397
32415898
32418828
32437785
32439577
32443693
32446686
32447900
32449468
32452932
32453206
32456860
32460152
32465842
32468832
32476596
32509345
32512416
32513101
32530971
32532183
32538075
32539115
32539434
32547520
32548607
32553978
32555597
32561479
32564210
32569707
32571309
32580834
32586730
32587125
32591580
32598770
32599509
32601989
32603187
32605179
32612856
32613879
32618700
32621065
32631368
32632936
32635336
32635383
32637445
32660705
32666405
32681441
32689981
32699298
32700915
32712268
32716632
32733878
32740647
32742936
32745457
32749042
32779315
32790844
32791975
32798255
32805639
32807902
32808441
32811627
32821174
32826973
32831080
32834825
32847088
32847645
32849604
32850442
32860842
32862132
32867592
32869869
32876651
32890478
32891686
32895338
32911930
32912629
32913291
32914668
32915952
32918308
32919615
32929960
32933725
32944120
32945749
32955233
32960178
32960192
32976053
32987084
32988739
32990562
32993752
32995229
32997130
33003798
33034831
33037058
33042607
33048700
33053387
33062490
33065210
33070862
33071304
33074545
33075277
33081922
33101043
33133220
33133638
33141314
33164446
33165469
33169070
33199213
33205830
33214217
33218881
33228274
33239745
33243392
33247525
33251532
33255472
33256721
33268313
33277639
33280984
33284990
33285720
33294809
33322720
33333898
33334090
33335739
33340570
33342770
33374128
33377646
33386117
33388955
33404959
33404961
33412354
33417397
33417825
33437486
33449584
33466575
33470268
33471729
33479001
33486920
33490571
33501514
33509604
33524647
33532164
33543689
33546271
33547344
33548976
33550311
33557261
33560104
33586334
33587079
33598480
33598894
33606472
33611458
33613869
33616171
33622261
33635723
33637892
33644171
33646136
33647670
33656125
33658918
33661668
33664588
33668275
33681264
33682371
33695433
33699515
33708259
33723652
33732069
33742568
33743511
33748627
33773828
33783354
33786348
33789346
33790577
33790810
33818275
33818967
33824739
33827254
33835494
33839906
33847478
33847673
33855328
33859391
33865484
33871751
33877649
33882149
33892053
33904490
33915101
33916844
33922527
33944743
33952468
33962436
33966530
33967064
33977519
33978796
33981920
33993052
33995298
33996305
33997865
33999158
34013528
34047291
34055147
34058054
34063812
34098886
34103124
34107296
34109882
34115295
34135580
34136553
34138737
34149884
34151233
34161923
34162537
34184104
34190011
34190728
34191796
34197739
34204277
34206454
34212681
34215141
34227724
34235973
34237378
34246464
34255251
34269087
34283508
34290368
34308453
34310486
34318115
34321006
34322542
34333484
34336134
34338648
34338983
34346466
34348725
34397094
34412721
34430631
34440793
34446563
34458699
34466607
34482628
34492055
34503192
34508728
34514695
34522053
34528379
34531061
34552048
34558734
34561728
34571767
34578846
34595675
34597894
34614636
34633042
34633182
34646305
34651035
34652824
34654015
34666241
34671626
34675594
34676192
34679141
34690880
34691736
34694324
34705946
34713810
34720168
34730838
34744005
34749713
34750208
34754136
34763476
34764661
34771232
34776641
34781955
34787009
34827146
34831451
34834738
34836420
34838858
34842489
34842960
34849449
34869362
34870300
34876707
34878682
34890214
34912110
34916399
34966730
34971108
34981031
34981499
34989461
34990785
35001690
35026033
35034716
35045061
35060624
35075140
35077627
35103016
35103341
35112747
35132426
35133823
35136409
35153545
35157659
35158096
35179195
35184240
35185433
35185869
35187920
35196164
35204428
35209519
35213539
35224739
35241637
35242305
35252567
35253216
35269211
35269856
35271479
35275063
35278957
35289104
35293645
35302906
35308800
35316614
35320335
35323430
35331235
35341680
35343608
35348992
35356536
35369202
35370129
35371944
35379055
35384860
35390982
35408509
35411164
35413478
35416372
35416914
35420074
35447812
35468770
35473691
35479911
35482109
35502802
35518066
35538904
35539918
35543518
35549302
35552594
35563901
35580335
35582805
35603084
35610938
35644234
35655408
35660665
35661805
35665150
35665340
35669968
35671972
35681338
35683351
35694525
35696699
35715297
35717928
35721615
35722640
35727796
35737268
35748680
35756126
35785478
35786139
35786578
35789964
35791670
35800676
35804890
35819133
35831396
35833251
35845420
35849494
35861341
35862892
35867878
35868963
35877970
35879600
35880899
35890374
35892768
35894775
35907212
35911556
35914856
35919506
35920119
35920211
35920967
35931182
35931438
35942866
35949621
35949872
35954448
35961458
35965688
35976925
35977467
35977807
35997160
36010829
36033113
36047828
36051944
36066354
36066523
36067963
36070121
36070636
36080599
36082128
36096432
36111557
36112425
36112953
36128336
36134923
36135889
36137742
36139856
36142744
36151032
36152942
36155368
36165250
36168121
36180577
36183969
36193004
36207672
36211738
36215036
36218325
36256429
36259134
36259484
36273063
36285989
36287838
36288202
36289041
36298275
36300888
36301832
36302362
36302365
36303057
36303878
36304326
36308990
36316284
36316658
36324837
36329855
36335893
36337462
36339700
36359501
36365525
36372281
36377379
36387075
36394627
36395186
36400040
36401843
36420125
36421762
36425020
36433990
36441418
36443737
36445774
36451105
36460270
36461200
36467965
36471692
36480006
36483475
36501883
36505178
36507296
36507346
36511707
36513346
36526628
36531369
36535605
36541694
36548613
36550930
36566163
36575355
36585138
36595187
36599048
36607902
36612740
36624047
36629351
36631977
36636911
36637563
36640566
36646241
36649532
36652318
36662258
36691276
36699043
36710605
36722894
36733248
36736921
36744041
36746012
36748003
36769036
36772297
36772297
36774252
36781722
36781917
36790246
36793151
36793573
36810449
36817369
36830142
36832079
36834790
36839997
36847096
36856658
36866266
36866463
36887206
36890400
36893340
36895180
36898450
36903901
36903906
36914569
36933111
36944031
36958892
36962086
36967559
36984805
36992905
36997878
36998424
37002397
37015016
37021094
37027520
37029835
37040794
37042076
37049874
37061974
37065581
37067383
37067662
37081868
37086859
37086962
37092541
37092624
37099822
37104807
37121267
37121652
37160986
37182975
37184683
37185124
37191530
37196756
37199246
37223812
37227415
37229743
37230339
37270128
37273327
37276078
37293183
37303575
37327915
37328755
37330187
37354137
37356474
37369279
37375081
37376568
37383978
37388186
37392779
37394431
37402689
37408473
37422623
37424241
37431236
37431702
37431718
37450658
37451894
37478321
37481518
37488464
37488897
37490996
37493368
37499247
37500001
37503082
37503156
37510656
37518032
37522195
37526011
37532125
37534512
37558268
37561927
37570323
37592621
37608333
37615591
37623441
37634451
37634861
37636884
37675023
37680397
37684906
37691372
37692478
37703786
37708875
37711490
37716486
37732938
37733929
37741879
37744460
37759833
37770961
37787987
37789323
37808174
37808851
37810435
37815145
37832012
37841495
37844614
37845123
37850083
37859640
37892731
37904186
37904556
37907009
37932066
37933407
37948000
37956274
37958861
37965547
37970376
37972551
37978182
37992639
38016849
38021562
38028985
38035857
38043767
38054730
38056477
38057321
38093658
38094849
38095167
38108228
38113862
38127166
38130718
38134577
38139359
38150948
38154800
38155730
38167683
38177575
38178149
38179158
38188532
38195822
38213118
38217543
38224146
38237320
38247624
38253126
38253369
38254902
38299508
38303665
38307370
38308575
38323218
38323548
38345294
38360235
38370936
38379063
38398618
38399114
38409704
38422663
38435253
38447914
38455354
38459991
38471365
38473798
38475992
38482935
38489119
38493018
38504682
38514492
38519611
38542352
38565057
38572711
38588201
38592898
38602994
38615856
38619836
38625382
38637436
38638423
38642380
38656451
38657052
38658205
38660431
38667629
38675575
38679152
38686570
38686958
38689410
38699784
38702110
38706802
38731243
38732721
38737130
38748628
38768234
38775260
38776821
38782491
38784676
38792940
38799296
38819266
38821169
38828265
38838491
38843026
38846020
38847282
38859544
38872084
38875167
38879950
38881822
38886553
38886780
38894625
38895198
38898991
38901368
38902465
38903049
38907208
38907476
38951222
38961591
38963267
38971762
38972855
38978691
38983284
38984761
38992184
38996942
39012156
39020058
39023881
39027269
39033726
39036650
39059882
39062210
39063016
39063046
39069326
39071166
39078925
39081206
39084393
39088411
39090304
39099732
39101853
39102672
39103396
39110235
39110831
39120381
39121052
39122896
39128731
39130515
39134715
39143469
39150944
39156735
39164694
39187094
39189039
39209989
39214227
39226006
39237064
39243513
39248584
39272793
39273572
39279916
39287835
39290958
39293985
39310165
39313429
39318350
39318451
39334385
39338187
39346290
39349509
39367551
39384666
39388271
39392246
39394067
39403717
39404487
39408972
39409352
39418464
39418558
39421721
39426891
39429568
39431025
39432492
39443114
39451970
39452588
39458969
39462543
39463781
39463820
39467227
39478181
39485048
39489351
39495368
39496147
39499237
39511789
39515715
39523174
39523591
39534713
39535189
39536488
39537770
39540628
39546893
39548582
39552614
39553264
39554436
39562676
39563883
39566028
39568764
39583721
39586599
39589520
39592693
39596990
39600929
39605020
39609033
39610628
39642449
39651215
39655202
39659951
39660307
39660365
39660665
39671646
39681233
39702377
39705353
39715679
39716329
39723458
39742644
39745682
39754938
39759985
39765345
39765606
39765991
39768589
39785679
39795239
39811864
39818427
39827382
39840745
39855233
39866961
39868215
39873598
39895835
39899253
39905749
39912514
39929523
39954472
39957984
39973467
39979968
39984607
39987435
39990769
39991239
39996023
40022266
40049261
40053564
40063584
40064929
40069882
40079343
40095044
40096167
40108321
40116279
40122078
40132878
40138995
40141829
40145401
40146966
40163994
40164684
40165739
40171313
40172917
40186042
40197470
40199441
40205129
40218801
40222900
40226245
40233581
40252083
40259088
40260537
40264919
40275563
40293347
40294210
40317731
40321809
40323122
40341749
40354465
40354504
40361738
40370907
40373416
40378479
40378737
40378938
40382409
40384912
40408256
40414019
40426531
40439175
40439308
40441688
40444629
40466154
40486566
40500540
40508020
40510068
40511233
40522837
40560685
40575774
40584203
40588109
40610706
40617923
40619122
40623590
40626676
40633449
40635958
40636915
40660789
40667256
40671966
40692293
40700081
40713492
40715872
40719818
40727299
40737010
40752232
40758030
40765967
40781572
40781914
40790861
40791265
40802816
40813319
40815442
40819332
40825579
40829099
40832524
40839019
40847943
40848004
40854410
40871425
40890660
40899677
40902755
40904635
40909043
40914996
40926268
40927271
40939275
40943422
40953086
40954559
40955623
40959153
40965265
40969116
40969719
40972164
40976737
40989918
40994586
40997348
40999764
41014100
41036294
41045640
41046859
41048078
41060488
41060762
41061585
41077511
41078078
41085099
41085451
41090247
41093169
41094331
41094880
41102104
41121452
41140631
41159003
41169010
41190318
41190583
41211256
41218910
41224811
41225167
41242868
41247605
41254859
41255912
41263305
41264599
41275485
41278989
41284708
41305025
41305046
41308786
41309973
41310619
41313640
41314741
41326505
41350392
41364693
41378416
41395380
41398891
41404276
41407653
41411935
41417046
41435751
41439285
41448293
41452080
41457856
41464385
41467733
41468226
41483110
41483945
41487212
41501938
41505076
41513100
41537675
41539462
41553182
41562373
41584573
41590474
41599024
41635154
41642793
41647855
41674258
41674862
41675649
41683464
41685983
41689382
41703223
41706299
41709690
41710500
41723982
41728598
41734114
41740049
41740806
41745740
41748270
41749479
41761764
41783380
41795718
41806700
41813243
41815453
41838759
41838996
41840686
41842645
41849517
41867574
41877975
41887584
41888588
41890458
41900100
41901700
41902158
41908163
41909741
41920434
41932825
41937326
41937941
41952345
41952442
41955366
41959595
41963918
41964080
41964476
41969448
41978964
42008933
42021000
42025985
42027398
42047653
42067044
42080026
42080788
42094766
42097014
42107855
42122539
42139765
42140070
42142112
42151369
42154149
42173792
42192901
42199535
42207836
42208000
42223442
42245526
42259441
42261579
42277669
42278506
42289912
42291432
42295856
42297127
42297394
42309329
42309910
42315112
42318878
42326088
42329160
42338019
42341757
42345778
42365047
42367958
42368498
42373292
42374303
42383731
42384281
42385634
42394072
42397336
42398153
42399021
42436026
42447267
42447932
42452049
42468250
42472121
42477251
42478669
42487339
42492956
42496074
42509888
42514303
42520082
42526392
42528236
42533596
42538418
42538845
42539151
42540048
42552564
42568172
42579165
42583834
42585279
42588476
42599842
42622769
42634874
42636642
42662071
42665889
42668678
42673185
42686975
42696281
42704452
42708027
42732065
42733791
42736620
42745372
42750544
42753288
42761891
42775004
42779007
42782111
42786643
42798114
42821056
42825386
42838301
42849163
42850138
42853121
42855490
42877250
42910007
42910929
42918434
42928187
42947927
42948761
42949512
42953922
42961144
42963977
42981251
42992390
43020932
43026241
43026407
43039658
43068627
43110651
43117056
43117994
43118211
43118239
43119999
43131940
43137677
43153462
43155780
43190325
43204328
43204333
43216455
43220770
43221021
43230325
43238949
43243258
43249215
43266417
43275568
43276923
43284441
43284568
43294430
43302727
43313761
43319892
43326867
43355075
43359921
43362426
43377183
43385390
43391642
43398222
43401614
43405992
43425303
43429356
43429365
43453235
43457154
43477569
43496392
43500489
43505305
43521330
43524964
43527229
43533512
43558551
43558699
43565878
43569805
43571094
43575955
43586040
43588795
43622538
43628563
43634650
43651877
43658596
43670108
43670904
43678084
43680072
43680518
43682754
43686744
43707110
43718940
43730431
43732447
43740459
43767278
43780724
43784024
43786521
43806432
43811688
43827928
43831547
43836535
43843931
43847786
43852482
43865471
43868052
43871038
43895686
43898805
43902795
43924349
43925200
43928385
43938109
43943264
43957361
43958777
43968809
43969918
43987519
43991062
44021678
44022624
44025836
44028414
44034301
44037638
44040554
44042055
44043367
44051381
44056863
44059284
44063783
44063808
44065426
44084852
44099817
44103954
44122663
44123192
44124326
44129072
44135481
44141008
44155662
44157312
44157403
44169915
44171758
44178974
44185323
44193614
44196203
44202232
44212231
44212319
44215783
44226488
44231384
44235696
44247729
44250529
44251037
44258751
44274783
44289567
44307757
44308049
44318554
44326551
44336613
44337744
44346026
44349532
44357549
44357710
44368719
44385171
44388188
44390202
44393850
44394690
44403373
44404560
44412811
44417034
44425931
44435496
44436887
44446676
44447790
44473224
44481404
44492057
44492843
44534546
44539264
44545248
44548453
44559781
44568706
44573554
44576678
44608093
44613405
44635109
44636341
44640447
44657835
44663285
44669736
44678996
44686207
44691300
44693746
44702086
44706987
44723255
44727139
44734443
44736617
44747019
44751636
44759702
44761073
44765955
44773398
44775626
44777030
44777096
44778028
44782181
44784172
44790672
44796112
44798590
44802468
44816604
44819584
44831570
44838470
44840763
44843334
44847564
44857782
44874954
44880075
44891735
44894741
44909831
44936337
44937506
44944802
44946668
44951940
44962561
44962567
44986156
44997331
45006063
45023103
45040394
45040905
45055456
45069988
45082933
45099407
45120491
45127281
45132407
45133209
45134586
45136118
45136732
45138931
45146123
45155631
45158923
45177763
45179469
45191418
45208675
45210120
45215468
45238845
45242029
45260566
45271503
45285864
45298621
45309364
45314094
45321867
45322998
45334978
45341904
45350422
45352009
45374527
45378631
45380276
45382121
45382998
45389874
45391236
45394326
45395185
45399885
45400955
45403351
45412914
45413874
45414067
45414819
45415756
45421335
45429163
45432900
45443328
45444457
45447612
45448154
45450055
45458256
45472815
45474210
45480023
45492295
45497911
45511725
45516734
45540264
45541134
45548580
45549923
45556415
45561646
45576249
45584353
45587342
45587462
45598361
45605419
45608266
45628735
45634931
45637985
45639070
45659737
45665603
45688591
45689732
45693999
45695650
45700155
45719278
45728325
45729431
45732223
45736880
45749107
45753134
45763142
45782244
45824032
45825151
45835072
45836540
45851135
45851416
45852893
45855172
45868422
45872172
45874657
45888670
45893089
45918055
45919183
45919433
45921119
45925239
45930876
45947427
45995675
45996168
46010350
46010601
46024695
46049152
46057400
46066299
46066589
46075657
46084363
46097736
46100492
46101793
46107516
46125713
46128081
46135152
46142718
46145859
46159810
46163392
46163465
46167616
46174738
46182731
46184154
46197359
46210321
46216613
46217581
46220204
46226370
46250252
46251421
46265157
46303261
46314356
46331855
46353643
46375447
46376750
46377700
46393908
46394723
46398203
46399054
46409730
46413279
46432797
46443869
46449368
46476448
46497413
46516828
46522551
46523193
46537444
46539600
46540229
46546112
46562227
46566935
46575940
46584347
46586300
46590166
46594778
46599079
46609096
46610262
46617861
46626311
46628822
46633871
46635307
46641082
46645048
46653501
46659930
46664719
46665184
46672048
46680237
46682339
46683832
46689947
46718594
46719938
46721421
46736884
46743333
46765486
46767744
46772066
46788492
46799830
46815028
46823747
46845228
46862797
46887042
46890495
46891811
46908401
46922478
46924343
46932061
46934782
46934881
46949895
46950790
46953707
46969493
46981873
46982208
46984930
47004444
47006162
47008192
47028506
47029682
47031257
47037392
47050892
47057832
47073601
47074411
47080323
47080462
47084104
47109491
47111253
47115488
47116290
47116902
47132349
47132571
47141547
47166850
47175622
47176455
47181134
47188328
47193387
47215431
47217113
47218083
47220264
47224938
47226854
47226880
47235338
47237169
47246945
47278668
47279688
47290520
47312750
47318301
47333905
47336373
47353883
47355181
47356582
47360836
47361594
47367957
47372445
47405017
47411154
47412078
47419907
47448300
47453395
47458542
47464614
47470594
47472791
47480696
47496109
47505863
47508641
47510146
47541682
47542154
47545345
47547619
47557653
47560991
47569632
47570288
47571491
47592143
47592319
47594262
47608658
47609545
47611126
47626542
47630161
47636941
47638190
47662593
47668802
47670080
47689059
47694726
47717014
47717594
47729829
47731315
47757706
47779020
47795154
47796426
47797910
47802306
47805824
47808970
47812014
47817955
47820861
47842899
47844100
47852403
47866088
47881603
47889122
47893845
47896597
47936865
47940183
47950056
47962329
47962783
47969181
47973950
48016467
48035091
48039972
48059381
48060674
48068766
48069762
48085618
48090793
48092366
48108618
48128774
48137291
48149119
48152150
48157170
48161767
48182067
48191271
48198406
48205925
48219209
48219926
48224759
48228606
48231703
48244216
48249179
48251735
48260178
48286672
48288143
48301357
48340345
48354230
48379531
48390290
48406006
48417478
48438965
48463392
48482858
48500159
48500254
48505094
48519190
48519956
48523049
48552334
48556666
48567186
48573906
48582283
48584363
48594006
48594891
48603350
48641917
48646124
48658781
48659857
48662587
48669104
48673611
48682741
48682764
48687689
48697644
48698649
48704542
48713575
48714731
48722380
48725728
48725946
48729277
48748694
48760135
48762156
48782565
48788717
48796388
48802356
48807280
48818943
48823678
48830693
48858137
48860344
48884705
48887560
48895677
48896167
48896265
48921535
48921683
48927299
48938726
48951444
48956283
48965967
48980912
48983194
48990714
49007029
49007438
49010075
49024289
49025728
49040299
49041899
49042703
49048543
49049771
49060568
49067085
49077914
49089255
49089299
49089971
49098601
49109826
49112047
49112654
49124766
49135648
49140388
49142609
49152281
49153677
49154064
49157403
49161146
49166712
49170127
49170439
49175812
49192312
49208177
49208417
49210858
49220195
49222086
49243202
49244389
49250047
49264650
49268008
49289914
49303385
49306607
49331768
49342888
49358494
49366200
49370843
49375367
49381612
49390525
49394486
49402461
49404217
49412260
49419721
49427491
49439857
49442610
49447055
49457449
49466025
49470641
49483809
49493688
49494664
49498518
49517916
49526760
49546028
49562590
49562999
49573633
49580189
49584366
49586654
49588479
49590085
49608919
49608990
49609156
49615640
49640401
49641964
49648802
49653472
49672239
49672704
49679699
49692722
49698492
49714578
49733434
49741865
49743226
49756193
49757695
49763987
49787055
49791254
49792608
49795202
49800450
49802887
49810787
49810882
49811866
49833273
49844400
49846346
49847570
49857057
49864116
49865544
49894532
49894550
49902238
49903722
49917805
49939737
49946752
49951537
49959049
49975391
49976382
49982480
49991765
49997146
49997853
50001596
50017083
50024470
50026915
50028434
50032196
50033759
50034064
50040113
50059776
50084561
50097539
50103424
50105701
50108296
50139773
50146180
50155228
50156029
50160873
50164091
50167434
50169212
50170962
50179219
50182978
50185644
50189144
50192148
50209524
50218090
50219680
50225314
50260136
50268593
50269880
50279444
50285221
50286506
50299474
50322355
50331861
50332906
50351616
50367226
50371031
50372099
50380329
50397921
50403906
50405632
50408149
50411508
50421713
50421855
50434798
50435822
50459744
50460480
50468272
50468900
50472904
50476018
50479906
50479972
50490235
50495743
50513831
50515263
50515391
50515655
50517825
50520705
50520987
50538674
50540939
50543519
50547096
50547225
50550023
50556592
50567020
50567278
50570356
50579424
50587669
50588675
50594036
50599266
50602822
50608969
50619165
50624459
50625079
50625578
50633413
50640582
50649628
50663604
50666818
50666825
50685723
50691680
50698185
50703039
50703218
50703291
50705898
50716972
50724567
50729712
50730946
50745326
50751125
50751880
50760826
50765638
50770320
50774196
50780719
50792402
50797586
50807348
50810905
50832279
50838165
50841088
50852900
50863539
50873203
50888306
50893389
50895938
50900698
50906634
50920846
50924962
50933487
50939246
50943881
50947063
50948525
50968736
50978407
51005235
51009039
51009864
51010906
51017802
51019794
51023836
51047850
51062325
51065504
51079641
51093776
51094508
51097844
51099184
51099359
51103417
51114749
51140464
51151264
51151610
51164659
51170764
51173272
51178838
51181653
51189471
51194895
51202067
51205115
51213802
51221412
51242948
51254291
51263329
51268108
51292385
51305569
51312980
51314199
51320589
51331144
51336469
51339901
51340776
51349555
51356860
51369774
51370121
51371771
51378417
51384318
51397852
51415584
51425061
51430950
51441118
51441611
51458517
51476488
51478620
51478815
51482116
51493850
51527555
51538607
51544602
51546482
51581772
51585407
51597855
51599376
51600982
51608069
51622154
51625489
51625616
51627264
51636001
51641786
51644458
51654654
51666812
51676268
51683938
51692469
51700490
51714368
51737899
51746851
51750963
51752314
51755432
51758658
51759310
51765205
51766287
51769408
51771835
51776126
51792316
51795477
51802582
51815249
51829086
51838423
51840167
51841747
51843454
51858892
51872835
51876536
51886054
51887160
51912548
51918693
51928840
51931842
51934926
51942189
51944529
51949340
51963273
51970992
51977562
51979820
51981216
51984178
51987991
51988576
51994859
51999010
52004686
52005542
52051268
52058420
52072518
52074814
52077913
52084711
52085697
52088941
52091345
52092865
52095724
52101100
52102443
52112930
52130841
52141269
52174317
52178340
52192832
52219411
52233097
52233351
52240735
52243584
52248133
52255865
52280959
52301984
52315582
52325058
52326719
52342327
52351263
52356195
52361904
52368395
52371108
52373384
52379761
52381134
52382215
52389650
52396785
52403134
52409812
52414608
52414903
52421167
52424972
52428848
52448926
52487962
52489741
52492188
52492526
52517568
52518135
52530518
52537874
52552028
52566754
52583227
52589653
52602097
52602819
52602990
52603664
52619708
52627123
52629143
52642788
52647931
52650951
52660146
52663451
52676642
52680634
52685401
52689817
52691655
52707688
52708056
52712688
52720191
52723376
52757334
52763810
52777148
52783078
52798673
52809304
52811416
52813056
52821192
52841831
52864624
52870268
52876110
52877732
52882647
52899304
52905865
52919668
52922684
52942139
52956477
52965452
52983091
52987243
52994059
53006893
53008012
53032778
53039456
53041106
53041163
53053121
53053918
53056710
53074663
53075869
53100785
53103306
53107539
53115660
53131435
53132360
53134562
53138804
53147752
53152074
53159903
53169524
53178746
53187727
53195547
53206857
53209086
53209579
53218944
53219222
53229823
53243797
53249917
53264860
53276884
53279875
53287821
53290430
53314055
53321680
53321971
53336127
53337846
53339977
53355053
53359365
53371780
53379525
53383613
53386853
53402305
53411691
53413771
53419540
53421696
53422454
53423895
53437460
53437752
53443999
53451456
53454238
53462703
53465899
53474822
53491897
53502881
53509050
53518679
53524915
53528199
53535922
53536639
53539247
53540297
53556744
53557378
53561116
53564575
53567879
53575260
53589697
53592741
53593703
53607781
53611796
53642072
53646806
53649671
53653268
53653583
53662661
53670856
53679867
53696115
53699907
53713158
53720948
53725257
53748931
53750514
53758790
53761728
53764038
53767934
53769241
53772813
53775866
53776132
53794019
53799300
53799329
53806192
53806420
53808128
53815174
53819204
53822783
53834433
53838992
53845159
53860794
53865874
53885844
53894193
53895211
53907926
53915584
53927410
53930713
53934536
53937620
53939596
53944043
53947051
53954302
53954664
53965390
53965598
53974459
53976746
53994310
54014899
54020207
54035528
54037126
54042767
54049081
54052975
54062472
54069817
54071903
54073381
54081461
54089411
54105985
54125129
54140328
54142635
54145097
54148862
54170489
54172044
54181533
54184089
54189701
54195137
54197328
54212470
54216893
54220514
54220889
54235548
54256542
54256777
54257671
54260086
54260110
54268365
54274943
54275872
54286978
54287701
54291569
54299113
54302966
54311863
54326480
54329958
54333879
54337464
54345226
54348310
54354087
54355902
54358542
54368150
54372566
54374416
54396720
54435282
54440039
54444066
54444462
54450401
54457109
54464687
54471068
54480416
54481248
54482092
54488929
54491343
54498235
54504890
54509704
54510505
54514844
54515473
54523824
54527301
54532414
54536816
54553092
54562362
54565189
54568411
54573046
54581565
54586396
54597089
54597153
54605925
54606155
54610382
54614299
54617023
54618652
54621429
54626515
54637762
54643414
54651555
54659430
54661523
54674033
54684172
54686012
54687765
54693070
54702822
54709141
54713215
54715449
54732839
54743468
54743772
54748959
54783704
54791476
54791649
54800331
54802756
54806578
54815747
54820424
54824047
54827251
54830983
54842181
54857838
54867634
54868969
54874100
54874121
54885766
54887240
54900132
54904960
54905448
54909728
54924110
54925347
54925747
54926046
54937769
54938201
54942101
54943156
54950534
54976311
54993272
55002189
55002304
55010026
55018145
55029893
55057231
55065355
55072757
55083150
55092061
55094763
55105385
55117635
55124612
55147098
55163177
55184342
55191577
55193406
55202012
55204330
55208860
55221356
55234911
55276992
55277157
55278880
55289974
55308609
55314209
55316647
55340889
55344600
55348010
55355038
55366965
55385220
55386742
55405257
55406928
55412406
55430441
55435998
55438386
55457066
55459130
55460855
55468718
55472080
55490982
55500292
55506303
55511212
55524134
55528531
55531964
55535929
55552102
55561154
55566021
55574093
55581625
55590878
55595457
55598260
55611883
55613727
55625065
55631395
55645001
55647249
55657281
55664286
55666080
55682481
55688540
55692535
55695239
55697622
55702393
55705362
55710985
55715806
55721588
55724510
55748727
55762543
55776499
55776743
55777606
55777877
55779867
55794030
55806034
55827686
55831521
55835977
55836390
55840135
55858860
55859156
55862898
55864198
55869800
55886001
55892225
55912223
55913600
55913668
55949315
55958314
55958905
55963016
55970075
55971608
55974480
55992310
56015072
56027752
56032185
56040043
56052223
56059607
56073405
56081946
56096974
56100242
56114639
56117088
56124920
56144200
56154207
56157999
56166913
56177395
56191252
56199489
56200566
56201668
56228256
56232564
56237619
56246306
56247116
56248057
56288040
56288312
56294487
56302855
56312444
56314480
56317450
56322870
56331686
56339104
56344456
56353451
56366703
56367188
56368674
56372871
56386911
56401652
56403522
56408608
56415511
56431220
56431774
56438399
56443131
56446166
56448711
56457804
56478651
56483262
56489633
56511406
56514363
56519566
56526439
56534730
56547818
56554699
56566980
56587368
56591370
56600824
56600993
56606704
56608064
56619379
56648621
56654279
56666962
56671448
56675750
56682214
56685779
56689240
56690577
56700269
56709805
56709818
56711362
56716929
56720336
56724387
56728371
56748666
56751141
56755845
56778970
56786727
56793507
56794061
56828962
56830983
56849340
56849881
56857472
56860477
56878554
56881550
56902336
56908125
56908996
56926480
56927188
56928440
56931154
56945717
56969288
56985419
56986216
56996742
57010583
57016226
57017795
57024802
57035904
57036825
57052848
57053076
57059733
57064401
57068910
57075478
57086173
57115501
57118097
57126679
57134684
57137541
57137611
57156647
57162381
57164285
57165791
57168465
57171822
57177514
57188668
57192124
57207627
57218773
57231479
57231674
57231724
57234990
57236415
57237226
57243439
57256384
57259618
57259951
57260438
57261860
57271266
57278041
57279910
57298220
57324792
57324808
57349527
57357396
57366608
57368827
57369106
57369298
57395084
57407061
57419216
57425825
57429420
57432111
57440875
57442686
57449778
57460544
57460843
57471101
57474312
57488686
57489889
57498482
57509673
57512726
57520096
57526942
57535393
57536797
57546546
57552875
57561573
57564043
57568500
57581769
57583444
57615881
57624594
57630128
57644656
57651439
57652993
57653014
57660376
57668567
57674168
57699033
57702356
57705629
57708092
57717114
57717160
57745790
57748647
57750638
57753756
57755431
57756726
57771704
57772718
57780284
57783472
57783475
57788092
57801916
57803777
57806159
57807333
57816467
57843666
57851906
57857352
57862615
57905879
57913041
57925428
57936075
57937662
57946122
57951097
57967766
57968147
57972556
57985702
57989075
57994410
58002876
58021588
58027392
58031709
58065846
58075336
58094408
58098987
58115375
58150313
58150953
58153476
58156066
58156374
58156381
58162503
58164316
58164399
58185129
58193163
58203827
58207658
58236237
58237761
58241219
58243160
58267756
58289031
58327075
58328582
58333699
58340004
58345103
58349918
58350063
58354994
58363630
58378208
58383842
58385575
58399401
58407782
58413436
58413443
58415655
58416550
58424865
58432179
58467049
58473597
58489181
58510173
58514957
58517300
58529490
58543124
58561488
58562267
58565181
58578621
58581420
58592607
58593141
58596875
58599594
58605716
58613133
58621543
58626574
58635729
58640479
58647099
58649600
58665750
58682991
58699352
58703082
58710618
58715031
58728429
58731596
58737635
58740437
58758629
58782302
58797902
58802734
58806391
58814464
58816414
58823869
58824510
58827058
58844420
58870551
58871204
58873040
58888486
58906228
58913193
58918896
58921312
58936338
58946209
58954436
58955812
58991123
58995555
59019008
59020449
59020548
59026526
59032131
59041465
59046918
59047110
59052753
59056384
59064543
59070578
59074556
59076413
59078241
59094334
59095828
59096662
59096722
59101718
59109777
59117867
59122369
59127040
59132153
59132801
59134986
59145659
59148327
59156495
59164887
59166515
59168806
59180463
59191012
59201678
59210750
59213601
59215153
59221147
59228548
59231567
59243256
59244155
59260394
59264784
59265824
59285214
59291029
59317724
59317798
59318698
59320560
59326977
59329050
59347154
59353087
59361422
59369431
59372654
59375758
59392998
59395557
59398253
59402811
59410034
59413629
59415668
59416354
59420423
59422067
59434425
59449065
59452856
59454606
59457481
59464296
59464649
59481247
59483372
59499917
59512009
59512296
59515529
59515969
59519487
59521573
59528078
59538090
59540372
59542568
59549320
59560535
59566245
59577913
59580081
59598850
59615687
59618317
59641295
59642280
59656296
59672560
59674685
59674687
59681119
59685895
59698375
59698917
59699596
59701960
59710904
59718461
59729600
59733509
59735790
59740295
59746771
59760384
59762532
59763262
59771777
59786402
59791324
59802499
59822380
59845242
59851403
59851964
59855721
59869980
59882944
59884760
59889537
59894415
59895526
59899770
59911681
59916786
59926704
59930334
59932239
59944476
59945389
59948524
59951277
59966981
59967862
59983089
59995149
60000674
60012935
60016921
60025603
60030986
60051509
60051936
60052818
60053146
60059842
60074250
60081179
60087108
60101953
60117529
60128251
60139642
60140083
60143908
60156325
60165989
60166928
60169712
60175664
60177581
60189512
60194472
60202810
60207065
60232556
60234716
60259295
60274874
60284387
60284536
60286172
60290450
60293810
60317026
60330798
60341079
60355592
60362047
60363629
60372638
60374020
60378800
60382282
60385193
60393880
60396766
60398975
60404097
60426587
60438458
60441515
60444664
60445068
60448662
60454771
60459374
60466616
60466761
60466774
60473740
60475369
60477649
60484400
60484943
60489873
60496261
60506520
60518369
60520650
60521134
60523488
60527222
60537258
60538718
60542488
60558228
60565421
60572748
60576733
60582551
60587189
60590694
60593544
60595379
60608927
60609539
60611766
60614164
60618871
60633919
60636279
60637905
60649179
60677730
60688520
60694914
60696868
60719817
60721190
60724370
60725336
60742678
60750220
60760429
60772531
60774050
60778576
60782421
60794079
60797468
60799360
60806031
60822105
60833125
60841941
60852113
60855131
60867079
60869290
60875276
60876119
60876331
60902646
60906928
60912448
60938995
60939149
60942578
60967852
60968927
60971046
60971332
60975581
60982636
60984564
60984899
60995293
60998761
61001629
61005614
61029363
61030828
61031200
61049714
61050372
61060415
61060721
61063193
61082922
61085052
61087116
61098236
61099425
61100236
61112672
61116161
61127717
61138285
61162694
61164416
61168672
61171651
61174208
61187153
61188732
61210052
61236853
61242378
61271978
61274099
61278162
61285951
61290615
61301085
61304324
61306217
61306400
61311329
61325730
61335940
61348414
61350237
61355194
61361988
61364710
61373317
61373638
61391844
61401838
61404199
61411059
61430813
61440056
61462675
61466497
61466720
61480690
61483263
61485072
61501890
61504341
61507517
61513438
61518447
61520075
61521025
61546346
61553775
61557938
61561048
61581504
61586845
61589413
61591066
61593350
61611099
61667260
61670641
61684534
61688980
61706369
61708609
61730845
61745727
61758228
61758250
61758579
61760134
61766120
61775178
61796731
61796851
61798571
61799694
61834040
61834213
61836534
61837994
61840679
61850961
61858769
61860299
61863269
61910509
61918252
61930768
61937495
61945572
61962916
61964037
61965863
61973138
61978597
61979548
61985795
61996500
62008294
62015742
62022189
62026819
62041582
62041613
62057191
62059254
62063570
62065813
62081794
62084620
62091680
62095811
62100157
62111313
62119432
62119759
62129582
62144635
62162791
62167996
62168523
62173780
62198292
62205565
62220323
62222175
62224232
62253295
62264045
62282575
62291062
62301588
62304224
62307340
62347077
62351354
62352499
62353129
62360178
62363158
62364867
62366348
62389498
62391102
62404734
62417750
62417931
62431482
62440769
62441334
62449825
62451378
62454855
62456334
62460412
62467939
62470669
62473905
62484285
62499051
62500871
62503600
62504603
62514873
62515612
62517165
62526589
62528199
62532786
62532796
62533848
62535895
62542110
62543414
62547251
62552063
62557664
62590460
62608903
62611559
62613167
62613865
62621113
62641381
62642288
62650750
62659244
62664078
62665017
62672336
62679798
62690525
62705745
62727551
62740398
62740482
62741388
62758417
62760557
62764253
62771943
62782244
62783131
62784164
62801371
62803020
62829255
62840779
62851650
62854252
62857358
62858562
62859292
62860968
62863984
62877870
62882685
62887792
62903844
62904244
62910142
62912727
62913426
62915789
62923598
62925277
62937909
62945907
62946159
62949550
62955316
62959273
62963855
62968576
62969826
62981307
62994858
63008404
63014911
63030730
63038226
63039033
63040295
63050424
63061055
63061248
63068454
63073617
63083737
63107997
63111528
63113457
63119061
63126708
63127875
63135053
63139090
63140678
63149266
63149290
63149965
63153923
63157546
63170316
63184490
63218956
63226701
63230611
63234349
63238094
63241825
63259448
63260631
63269146
63274193
63274375
63274533
63281943
63294934
63302386
63308355
63308402
63325803
63337822
63345996
63350198
63360905
63368412
63380456
63380769
63386724
63390535
63392119
63393836
63396177
63419959
63451590
63452528
63484848
63485121
63491241
63493053
63498462
63514110
63524116
63525675
63525788
63532601
63541728
63544539
63544583
63554779
63558738
63562594
63595433
63609150
63619445
63632649
63636568
63641862
63642115
63644533
63656052
63665012
63677561
63692550
63695817
63698929
63724089
63728106
63730895
63733467
63739496
63753960
63769527
63770839
63772276
63772777
63808140
63811844
63812975
63816959
63818787
63820778
63822009
63829135
63832668
63858859
63884868
63896627
63937115
63959732
63971111
63985204
63986682
63987040
63991105
63991660
64006880
64018021
64024400
64024626
64027027
64052856
64055644
64058494
64068853
64071620
64071858
64089361
64092880
64114690
64117675
64119144
64138066
64140296
64143610
64149013
64162918
64169546
64179304
64184650
64185836
64187981
64199658
64201407
64214356
64221048
64223487
64230081
64239694
64251505
64262153
64267417
64269074
64269427
64275054
64283168
64290479
64293717
64294356
64295960
64297196
64300085
64305421
64335744
64342770
64343036
64359433
64372654
64389745
64394275
64398375
64401030
64405551
64406502
64407665
64419836
64422264
64422459
64436832
64441655
64449361
64449589
64455577
64462127
64475672
64476153
64485023
64485129
64493504
64497261
64508409
64514951
64516217
64520230
64527247
64535872
64544154
64552913
64556928
64557242
64598282
64599643
64606863
64607928
64608084
64625741
64634709
64640976
64642414
64664369
64665900
64666351
64667142
64670798
64679433
64679651
64716842
64737224
64744108
64750476
64756686
64761974
64766969
64779392
64787480
64797017
64797050
64797940
64799021
64822020
64827751
64827917
64833828
64840776
64842816
64859573
64860272
64864711
64871800
64878065
64884796
64887355
64898453
64907500
64910320
64920180
64925341
64941550
64950964
64954737
64962113
64967790
64999537
65004680
65005706
65006117
65007224
65013862
65026261
65042410
65048662
65055801
65074325
65075795
65088757
65095681
65102537
65106921
65114713
65115777
65118694
65121229
65131964
65139555
65145637
65147243
65149209
65152003
65163384
65168882
65169834
65174523
65179868
65185911
65207644
65216441
65222987
65227918
65234890
65237195
65239855
65240020
65242871
65244053
65246379
65259264
65270220
65272376
65277251
65297227
65298069
65301600
65311107
65318562
65319893
65324158
65335357
65335567
65339015
65352310
65352626
65355667
65373403
65374295
65376409
65382142
65385734
65392457
65396342
65405535
65409509
65413302
65429942
65456130
65459597
65477431
65482886
65489036
65504368
65509598
65511571
65527247
65540341
65545830
65545950
65571752
65572089
65587638
65591358
65592135
65592551
65592811
65622822
65623907
65639796
65639862
65645691
65654900
65658218
65669372
65670933
65682201
65686151
65699143
65705059
65717524
65719016
65723895
65725577
65734771
65754870
65761475
65761684
65763435
65767501
65776490
65784194
65811847
65816059
65834832
65835112
65836398
65838673
65842809
65851882
65861962
65865850
65871783
65872367
65874728
65879645
65884868
65885366
65891227
65896828
65901590
65905641
65909454
65910736
65911535
65917805
65919888
65920898
65921462
65924919
65925712
65942143
65943878
65947041
65951800
65963348
65968321
65976680
65981852
65994411
65997626
66007395
66029904
66030408
66043493
66044124
66057805
66061146
66075761
66088128
66088678
66090398
66091276
66091738
66097574
66097942
66104366
66107862
66107928
66118440
66121300
66132079
66132219
66135704
66145936
66156533
66165723
66167930
66168878
66174052
66200650
66204026
66220346
66228392
66232006
66232104
66243686
66260577
66261137
66289961
66290340
66290742
66305501
66306340
66316930
66317963
66321338
66322235
66326666
66328858
66336154
66347085
66358302
66364555
66373940
66374289
66387396
66390240
66396338
66407378
66414349
66415272
66426773
66429673
66435570
66460502
66493379
66494180
66495067
66499503
66503482
66515776
66516915
66525159
66535533
66542016
66561696
66563379
66576432
66583838
66605070
66612390
66619777
66628103
66631294
66636972
66649086
66650707
66651349
66651976
66652542
66657848
66662080
66678915
66687368
66689022
66696522
66697598
66700704
66702374
66707074
66712204
66738293
66743437
66743622
66743962
66757046
66762464
66767813
66778443
66780564
66786213
66794664
66804318
66818269
66824297
66830247
66834085
66842792
66861467
66867847
66873764
66882212
66882876
66883895
66886498
66913302
66914962
66938226
66943223
66947268
66953731
66957997
66971352
66972381
66977399
66980939
66987005
66996424
66998674
67005479
67006033
67010186
67013620
67032702
67038079
67040159
67041445
67058570
67060787
67063315
67068241
67077211
67091278
67102430
67107056
67110109
67110287
67119445
67138582
67139996
67153074
67153402
67155365
67163846
67164692
67167098
67171372
67177696
67193477
67198532
67201961
67207363
67213368
67216013
67220054
67220362
67239039
67262694
67274712
67280748
67284375
67287867
67295808
67302911
67306572
67324510
67325622
67326277
67326759
67335933
67342099
67343761
67358340
67382247
67401036
67411776
67413440
67425486
67438026
67445027
67455827
67459820
67469057
67471832
67476590
67477447
67495049
67497181
67500810
67508761
67509778
67522206
67535802
67549452
67556647
67563550
67569670
67571779
67583961
67598963
67609525
67617027
67674437
67675853
67682840
67687582
67706600
67711382
67729739
67730859
67738344
67744581
67746070
67747269
67749333
67749879
67753677
67760876
67768592
67781981
67785381
67810548
67826139
67829224
67836307
67843434
67846559
67848546
67849905
67851597
67854993
67869675
67884180
67909659
67910692
67913023
67938018
67946994
67952763
67955516
67960821
67991656
67995344
68002776
68007056
68016690
68018398
68024298
68031540
68038727
68043125
68044881
68048592
68049615
68050963
68057317
68084916
68087415
68089348
68097752
68100499
68113255
68116735
68116847
68130519
68153149
68154164
68175153
68179861
68186740
68187368
68197882
68212109
68214799
68219242
68222569
68236831
68238704
68252518
68255408
68264344
68274593
68287326
68290721
68292286
68294329
68305926
68318097
68329293
68370465
68372140
68373121
68376709
68379523
68381210
68398465
68404159
68407329
68411422
68422498
68423809
68439804
68455211
68460233
68464416
68479376
68482478
68482573
68543204
68546946
68569286
68569699
68574160
68576023
68576928
68583055
68587469
68589463
68595471
68604918
68606768
68614529
68615145
68624563
68626363
68626713
68646432
68651468
68658759
68677160
68680838
68681744
68683495
68692016
68693689
68699242
68711478
68721444
68730550
68743342
68761316
68769001
68773848
68776125
68797084
68802245
68813678
68831067
68835790
68840426
68840710
68841136
68843912
68844798
68851390
68855917
68857911
68882613
68884314
68904466
68909464
68921764
68932279
68942137
68954193
68964189
68977080
68985806
68986967
68987623
68992203
68992532
68996389
69005553
69040113
69047866
69050102
69053798
69057167
69060167
69068644
69081712
69085192
69091692
69098463
69106057
69108014
69108700
69109401
69124307
69125360
69126626
69129264
69129382
69130435
69165185
69170448
69175827
69185039
69190646
69192266
69194991
69197093
69204755
69216385
69219386
69224216
69225632
69235607
69236124
69252543
69256284
69274886
69275158
69288496
69293069
69296366
69298418
69299803
69316367
69319828
69324420
69344360
69353361
69357045
69360102
69360292
69362038
69362379
69369704
69386909
69393471
69394658
69400080
69405580
69415481
69420431
69421252
69423316
69428294
69433699
69444458
69448740
69458230
69461501
69470420
69473788
69474735
69477698
69481213
69481221
69490577
69493726
69500920
69518773
69526964
69531022
69533001
69539136
69540646
69549350
69550461
69550855
69555140
69556913
69557417
69558081
69561804
69563273
69563486
69570939
69578570
69593788
69599218
69600096
69600631
69605089
69608979
69617369
69628474
69629138
69637120
69651971
69658943
69664754
69666686
69668481
69669127
69677277
69683531
69685389
69694944
69704221
69706491
69715747
69721157
69728764
69734980
69735347
69753132
69754067
69759355
69770489
69785496
69797464
69798087
69801852
69806381
69808759
69812128
69815123
69818119
69830288
69832927
69852275
69867390
69867419
69882596
69886017
69903526
69907996
69933606
69934641
69943016
69950788
69954482
69955647
69955829
69958995
69962535
69965760
69971213
69973263
69978118
69982634
69990839
69997888
70001731
70001793
70002113
70003424
70011804
70017608
70020988
70035016
70042640
70053060
70054953
70073227
70086330
70095204
70097331
70098933
70106573
70107364
70116752
70118578
70133656
70151327
70153929
70157268
70159205
70181784
70201014
70219034
70220853
70222937
70223973
70228551
70230208
70235484
70244092
70257935
70267047
70270354
70293575
70298999
70303605
70305365
70308708
70310214
70319883
70356466
70358859
70365186
70366060
70370426
70380172
70390521
70398379
70411295
70412289
70414954
70420201
70430895
70433581
70434431
70438047
70441277
70449063
70454634
70469761
70481197
70483577
70484538
70485680
70497057
70505980
70531566
70556858
70561981
70586075
70590187
70609153
70619386
70623804
70625336
70627469
70634191
70635913
70638672
70640242
70646536
70650373
70651510
70655427
70666678
70669180
70669683
70676061
70689247
70698295
70700300
70700536
70700851
70704002
70719275
70758239
70758459
70759978
70761700
70767105
70771432
70771563
70773801
70774937
70775192
70791316
70798281
70803436
70820230
70822305
70834380
70834785
70855358
70858198
70864569
70868202
70880367
70885885
70889743
70892878
70930875
70931704
70951675
70954812
70964385
70970215
70996127
71003127
71007322
71009387
71009972
71017680
71021167
71028491
71028539
71029542
71031515
71031575
71071083
71077681
71087086
71104264
71116913
71122864
71125532
71131789
71145864
71171720
71173769
71175526
71177024
71191339
71197804
71197965
71202366
71220877
71223289
71224802
71224931
71231180
71234442
71239067
71242607
71249524
71252848
71259911
71261028
71265407
71269050
71279329
71284555
71287077
71298904
71303804
71305370
71306544
71313347
71322579
71330863
71357399
71358299
71358935
71362764
71363398
71390628
71395690
71397527
71398750
71401438
71409922
71416646
71427258
71433209
71454613
71463127
71481817
71486937
71489188
71527295
71527421
71527459
71534763
71538654
71546177
71550258
71558394
71559614
71569623
71586490
71587630
71590320
71604625
71609887
71618632
71620593
71620753
71628269
71661243
71665184
71681945
71696660
71730386
71735348
71738604
71745806
71752646
71756607
71759045
71760767
71764394
71764597
71769341
71770442
71793434
71798451
71800542
71801923
71806864
71807013
71807188
71811318
71817244
71823954
71831188
71833531
71835167
71853455
71855403
71857799
71870891
71871246
71875897
71876328
71880692
71909085
71918244
71928188
71943361
71947270
71957772
71978677
71980270
71982152
71986447
71988276
71990459
72011895
72015786
72030448
72031651
72034690
72067874
72088512
72101034
72103330
72106506
72108980
72112576
72114540
72128203
72132873
72132941
72139002
72142064
72163286
72166661
72181041
72200124
72241812
72245399
72246747
72251326
72260153
72265515
72267171
72269088
72271581
72271915
72274738
72274888
72290459
72292700
72309424
72329165
72339900
72344046
72360712
72362962
72380660
72397079
72397607
72402460
72403672
72407144
72421823
72425891
72430691
72432872
72442032
72449337
72468268
72479655
72482212
72488355
72490345
72493472
72500511
72507550
72513355
72536433
72536814
72537966
72540941
72542079
72549985
72551868
72570095
72571951
72575982
72577550
72588496
72593007
72593837
72598204
72598919
72603502
72614639
72623554
72642066
72644204
72649232
72653275
72656575
72670551
72674458
72676680
72679377
72683037
72684968
72686918
72692556
72699341
72716891
72719314
72719485
72719639
72728001
72731082
72734033
72735564
72735830
72740891
72742921
72744679
72746050
72755386
72757996
72760705
72761672
72777518
72778079
72786759
72788631
72790049
72794857
72795445
72796914
72805236
72821641
72827220
72828095
72838136
72843117
72844940
72867882
72871280
72876529
72902374
72920255
72921865
72937818
72970982
72971942
72980122
72990367
72990882
72994311
72999572
73014127
73022248
73026998
73036873
73043112
73044733
73065132
73067815
73100466
73111474
73119563
73124082
73128031
73130158
73131402
73141675
73142193
73144026
73151244
73163010
73166292
73169408
73176472
73178752
73187570
73190938
73190992
73192256
73192701
73202633
73202864
73206024
73215283
73223422
73236261
73248484
73255205
73258514
73262842
73284285
73295157
73295557
73298023
73302254
73308372
73319424
73329101
73332821
73337136
73339308
73348733
73349573
73351375
73354399
73357960
73372290
73385361
73388066
73391914
73404293
73412901
73420080
73425514
73475956
73476470
73480214
73482694
73483874
73484395
73493011
73498716
73507089
73508052
73510777
73518333
73518921
73520922
73522629
73526764
73540078
73540209
73555979
73565959
73568159
73571122
73578140
73579320
73584257
73624379
73630406
73637553
73647171
73650749
73661499
73667429
73676383
73677234
73680092
73686578
73700660
73704150
73706144
73731132
73735416
73744512
73752542
73758145
73762714
73764963
73769195
73784146
73786441
73787192
73788142
73798231
73798889
73800583
73816824
73825459
73828040
73830526
73835477
73850176
73852300
73852828
73866785
73867031
73867612
73873514
73886193
73886975
73890064
73895289
73911779
73925334
73973679
73974711
73979931
73981385
73983334
73988350
73994037
74024637
74028383
74035703
74052941
74054655
74055480
74062773
74070794
74071616
74079461
74087909
74116353
74120670
74130975
74135466
74139707
74150698
74161927
74171573
74181826
74184737
74186770
74189346
74199692
74204191
74204537
74204624
74214243
74220589
74220860
74222575
74228706
74252577
74252852
74254679
74261253
74280241
74308513
74313750
74327173
74332083
74340188
74350106
74351918
74362242
74370534
74370740
74400785
74415236
74422246
74423706
74427027
74436247
74447438
74451998
74460769
74480135
74481678
74482202
74493700
74497438
74500187
74506002
74507053
74521642
74534083
74558463
74571933
74577236
74584207
74593559
74600403
74611007
74615534
74621182
74626753
74639264
74645292
74648699
74656449
74667340
74683669
74686371
74688024
74689459
74704294
74707150
74708033
74712638
74727835
74734818
74737974
74749340
74749663
74760719
74777505
74787430
74797914
74798840
74800955
74808573
74815268
74829129
74832380
74835411
74835944
74857222
74858864
74861574
74871755
74887640
74901998
74904967
74926446
74939896
74968537
74973118
74973480
74975370
74977272
74993317
74993664
