For an array with 1000 items set in ascending order, it took 0.006096951 seconds to sort the array using the bubble sort algorithm.

Below is the array after having been sorted by the algorithm: 
63998
142991
271559
286375
375620
445812
470795
542654
564683
591511
770905
831594
865266
1248525
1402465
1439462
1501304
1521916
1598244
1629822
1694589
1814193
1821791
2061457
2089006
2133758
2141427
2178689
2182205
2187526
2220116
2279920
2487249
2547128
2589179
2614863
2662820
2737069
2962448
3034346
3052318
3073351
3156838
3347318
3398755
3518166
3526974
3571218
3577967
3716828
3746276
3766417
3823222
3861166
4010301
4140216
4193622
4327702
4561067
4726941
4870131
4908112
4993432
4997883
5028474
5189898
5219990
5274311
5278167
5338673
5417749
5475494
5482309
5495536
5638452
5912115
5955038
5969463
5999297
6149135
6245415
6266547
6307566
6394763
6470381
6557697
6620798
6645644
6719430
6886893
7006026
7161292
7229217
7239274
7408746
7411016
7501086
7503174
7542234
7572813
7708359
7714658
7731799
7768627
7827425
7959906
8142521
8144321
8306239
8428454
8434356
8461752
8524420
8531472
8602438
8627918
8667396
8785504
9070443
9100845
9162689
9374668
9397409
9439213
9460472
9484147
9609764
9724660
9786821
9792923
9936668
10129973
10131615
10135405
10173683
10210729
10295350
10351221
10373717
10458809
10729282
10881958
10960521
10993849
11087809
11253458
11271375
11288027
11415817
11529394
11536035
11542026
11704479
11740929
11795454
11819807
11840310
11995610
12204828
12205367
12217741
12362729
12399291
12415737
12469550
12552784
12564772
12693936
12860740
13219736
13266221
13282121
13407602
13459002
13913029
13941457
13965356
13979439
14016267
14141251
14440694
14507499
14569850
14587691
14610712
14690348
14703194
14719517
14731778
14818695
14868134
14957790
14964283
15075201
15105982
15131273
15203603
15296654
15509362
15562400
15713216
15770029
15957855
15982917
16064289
16185096
16299783
16388229
16428220
16636518
16669919
16806580
16821039
16827636
16828948
16894080
16946609
16948713
17138039
17163384
17292187
17353955
17437792
17446721
17509479
17571749
17585902
17599382
17618708
17636182
17655022
17685653
17759264
17804231
18105226
18107955
18160575
18254050
18307370
18384792
18387521
18448619
18559364
18562174
18593954
18847964
18852711
19026443
19354315
19419999
19441147
19668700
19702487
19839763
19860188
20220588
20295109
20342125
20364568
20365540
20451732
20455812
20512456
20557388
20564171
20589050
20806731
20819106
20971688
20972904
20991818
20999350
21129850
21209776
21242305
21341654
21371779
21526041
21545990
21626345
21715258
21736598
21782978
21956488
22020556
22067964
22113208
22140897
22142081
22317152
22336821
22791238
22917421
22974219
23015937
23179706
23217680
23241124
23259337
23262218
23267097
23399295
23414216
23509131
23520251
23588569
23642867
23714887
23720197
23794151
23864126
23866134
23907837
24076349
24077953
24159139
24162372
24190877
24272552
24333450
24336580
24347844
24470519
24729428
24759263
24762946
24785937
24878680
24940094
25195475
25216336
25220978
25265896
25375940
25488531
25678892
25779790
25897986
25951113
25968166
26005354
26016941
26066964
26071465
26146537
26205758
26221265
26263822
26438197
26585544
26658041
26701577
26734058
26761647
26839986
26966158
26976349
27100455
27146329
27165439
27273496
27288755
27353970
27358086
27390246
27510731
27538097
27701363
27705681
27761639
27808262
27811146
27842727
27914766
27916918
28107499
28128725
28140530
28142358
28221075
28243780
28243788
28315289
28372561
28401646
28454189
28467964
28468213
28730487
28737063
28742859
28785407
28907649
28941338
28980509
28984840
28987989
29103347
29210079
29225021
29441979
29444329
29579824
29594391
29622240
29743181
29828904
29834298
29898045
29926394
29986551
30009366
30049396
30057095
30260093
30322778
30375527
30388784
30400244
30476977
30482983
30501269
30547788
30681633
30753574
30785610
30842468
30957741
30971918
31077726
31089447
31120941
31376042
31382923
31430315
31575491
31649488
31693933
31733820
31810055
31820651
31841820
32203308
32389968
32573020
32579665
32631011
32678146
32701849
32780256
32821242
32824151
32905553
33086159
33129699
33132567
33181387
33182461
33249922
33351020
33378417
33499197
33500326
33506037
33511378
33539863
33557019
33670468
33676209
33796680
33823143
33916787
34005075
34124118
34166041
34238949
34260415
34291090
34377869
34392629
34534665
34636376
34637583
34662776
34672349
34693844
34894759
35003572
35045144
35130817
35163325
35218514
35246268
35325069
35534753
35578372
35656413
35668772
35788499
35843080
36073087
36098144
36271171
36395903
36445039
36541845
36724640
36800272
36854790
36886883
37056913
37072935
37194402
37360965
37486697
37524573
37549451
37580993
37800596
37941883
38061130
38165031
38218714
38233652
38261982
38350300
38459536
38642671
38715266
38782796
38917731
38946092
39075541
39129284
39241747
39346005
39424594
39472976
39484033
39492917
39521660
39739686
39770432
39798556
39980326
40079662
40154178
40167620
40173254
40191068
40298393
40309437
40409648
40447747
40496735
40620380
40776813
40784111
40790013
40842851
40922637
40978088
41039726
41108192
41180027
41182135
41193042
41228713
41339774
41439369
41453426
41473784
41609442
41611100
41823732
41919567
42157418
42230126
42295863
42407378
42438339
42532592
42617751
42635334
42789383
43091046
43252992
43254060
43353081
43387479
43424260
43493664
43523774
43671905
43748400
43755901
43803832
43898439
43992298
43996888
44078460
44099072
44222200
44343866
44482979
44589398
44604369
44681173
44754110
44818384
44850727
44910885
44919434
44959421
45041264
45095403
45169362
45226146
45237462
45268282
45370014
45378159
45568125
45633838
45638281
45720108
45753780
45807710
45876379
45876529
45990568
46027446
46073821
46113256
46289190
46327246
46465048
46563388
46596525
46694974
46767282
46913484
46914288
46939439
47039306
47040521
47043344
47110283
47125440
47334040
47368548
47465526
47497666
47607337
47812451
47825956
47843495
47870383
47941116
48096866
48145152
48205293
48213406
48317058
48342484
48507439
48624795
48626399
48627710
48804196
48931924
48954802
49088383
49131458
49199405
49260051
49406245
49415737
49431624
49496963
49514523
49527343
49537057
49678428
49769032
49933667
50019144
50160012
50209117
50245446
50263220
50368724
50627568
50673400
50733675
50737950
50781862
50894749
51008909
51215409
51321002
51406063
51455666
51567983
51604373
51619744
51724153
51752085
51917189
52006128
52038537
52093605
52172028
52184920
52307152
52408526
52445423
52495953
52591707
52604479
52638901
52660048
52685642
52751252
52958650
53005134
53138736
53273970
53315088
53322353
53324011
53450671
53503162
53704703
53768274
53848258
53882930
53901774
53964802
53977212
54101477
54171516
54247482
54324199
54404538
54605273
54643920
54666306
54681715
54855389
54930528
54997856
55017314
55148282
55204245
55261210
55267939
55381011
55412735
55505849
55566566
55629871
55676166
55689497
55839138
55896821
55903871
55908058
56033058
56035220
56212657
56266620
56292579
56341456
56361900
56381383
56500930
56597198
56616369
56766807
56828232
56897031
56925641
56934222
57083574
57097504
57160186
57172902
57248304
57312750
57451995
57496154
57543632
57566576
57643888
57646097
57654036
57694393
57836195
57971860
58132546
58156103
58244142
58244716
58417678
58467148
58521334
58535047
58544896
58760937
58814138
58838520
58849937
58899585
58948636
58959421
59119076
59161233
59185403
59208321
59459274
59476038
59552523
59586187
59591228
59793931
59934627
60214856
60216505
60222994
60237199
60238161
60317170
60338216
60341372
60361612
60550695
60580629
60819742
60918424
61037744
61195483
61487058
61623972
62132104
62215569
62261555
62431928
62449206
62567180
62574765
62753584
62768503
62826786
62895262
62910142
63105626
63127886
63282954
63327790
63449967
63605913
63675371
63685390
63709037
63721918
63770405
63824118
63847106
63957080
64086220
64130482
64154928
64188017
64523225
64526512
64590755
64630542
64636761
64736798
64814627
64857642
64981170
65047214
65067152
65078379
65176943
65338881
65446503
65715753
65723961
65786450
65808212
65999350
66098781
66119253
66272990
66302374
66344149
66357618
66380927
66573550
66627781
66650541
67028115
67083757
67229499
67261166
67429676
67687878
67695921
67979350
68044833
68092339
68123743
68132086
68231077
68314924
68324490
68446708
68469537
68478486
68544846
68564385
68589267
68609479
68614509
68684717
68805829
68807598
68816718
69000486
69018311
69050907
69353406
69408042
69521321
69566003
69567197
69796392
69950272
70099973
70142581
70264031
70292892
70323785
70348563
70421282
70425428
70483753
70501659
70632859
70982289
71290940
71397205
71508159
71596644
71757446
71842204
71883419
71994043
72091699
72206770
72291798
72414273
72444112
72447291
72599929
72616378
72635215
72789865
72820099
72935606
72950193
72950239
72978164
73085937
73158039
73232593
73248912
73280940
73464148
73474716
73483120
73628388
73695185
73827721
73867959
73925922
74124259
74146721
74280752
74317416
74452919
74511368
74791600
74803147
74850395
74855050
74997231
