For an array with 100 items set in ascending order, it took 6.5276E-5 seconds to sort the array using the bubble sort algorithm.

Below is the array after having been sorted by the algorithm: 
199963
237254
2619962
2880681
3039673
3722377
3969979
3986075
4162241
4172269
4293033
4850016
5646660
6647170
6751457
7176710
7596381
9729789
9764972
10045076
10265502
11118255
11941137
12601132
13160609
13165590
16121141
16494317
17397252
17694373
17727134
18605737
22485418
24270416
24490785
25340939
25462086
26182163
27877455
30154886
30807461
31182405
32844125
33665666
34059983
34061536
34495254
35639547
36300624
37290071
37326172
37789711
38551226
38908871
39890525
40140480
40319560
40538697
41454087
42351727
42911413
42940111
44539574
44899250
46114121
47160164
47565134
48437124
50201275
50314736
50382253
52131745
52517599
52667549
52960305
53293514
53935087
54177122
56754251
57032600
57884851
57965494
58574323
59059106
59460988
60180045
61144321
61348593
61930546
65943588
66663689
67437088
67791032
68623515
68831491
69396194
73018150
73713724
74520465
74788291
