For an array with 10000 items set in random order, it took 1.079843483 seconds to sort the array using the bubble sort algorithm.

Below is the array after having been sorted by the algorithm: 
8140
13213
15342
17678
36024
37448
52708
56990
73711
75902
78524
80433
83136
83978
95663
95790
98158
106883
126246
128885
140024
145452
161939
166969
169301
179673
200840
203539
207933
208713
211308
212855
214787
229881
237780
238813
254073
268516
270905
278719
286450
287154
288036
293975
311681
314208
317896
324901
326278
326817
331761
333329
362588
362754
364309
370011
373072
374881
384290
388514
424871
428304
435884
438164
446937
465905
472361
474743
483719
486574
488784
505809
519508
526930
554755
557878
560423
568747
570698
573488
579799
582242
594286
605232
614064
618833
642554
645100
648237
656802
663187
673746
676820
677748
699132
735109
736784
739856
755684
767205
777871
792110
800951
807810
808198
826660
833380
857304
857818
860595
901407
903669
905430
907836
929018
938632
942520
957582
958164
962480
977595
982018
989220
993821
994934
999901
1000393
1000407
1019340
1020500
1023604
1031969
1041165
1056072
1058343
1060061
1073088
1080972
1080982
1089001
1092434
1097187
1103371
1106096
1115484
1119093
1121032
1123983
1127978
1133453
1135070
1148870
1157132
1157371
1161722
1173683
1194836
1202781
1209955
1213357
1217028
1221330
1229917
1234009
1234359
1243022
1255400
1257826
1258847
1267124
1268029
1268764
1276604
1282840
1283893
1285474
1294803
1312632
1324694
1326652
1326924
1335850
1340444
1343340
1344342
1353834
1369484
1386450
1400704
1430173
1433766
1435040
1442945
1443346
1466790
1470727
1483145
1491320
1495336
1495552
1496428
1504186
1524098
1533426
1535582
1546739
1559691
1567252
1570803
1570937
1619514
1621671
1622522
1633442
1634627
1636522
1657284
1687777
1698173
1699460
1705315
1707938
1737857
1746597
1766535
1776186
1779494
1783330
1784047
1808506
1813128
1827306
1839483
1839885
1842808
1864201
1871258
1879056
1884711
1888555
1896399
1897185
1906068
1910032
1913511
1922152
1923067
1949180
1958841
1961367
1964878
1968877
1985341
2001388
2003624
2014896
2021148
2038735
2040304
2043064
2045685
2055749
2079183
2080118
2085951
2102155
2115981
2127896
2155624
2160334
2163284
2182281
2183395
2186174
2199310
2211190
2218720
2223946
2228035
2234792
2239810
2255430
2264889
2267630
2268218
2276084
2278011
2285246
2292388
2293511
2306709
2313009
2319491
2354660
2361113
2363786
2363871
2368947
2372074
2380163
2380642
2382577
2384980
2407549
2414229
2415321
2418072
2429681
2429809
2434738
2437257
2442854
2446700
2446709
2447173
2456212
2457368
2462226
2465765
2471682
2474106
2486345
2493970
2507072
2509218
2532153
2549507
2553871
2564218
2566973
2578140
2603248
2605299
2615087
2621260
2641223
2643841
2646500
2646752
2664197
2671937
2676170
2680608
2680660
2689452
2701123
2704979
2709591
2759761
2766819
2769448
2783872
2789590
2806393
2815827
2830035
2851387
2854756
2872713
2875007
2881401
2882259
2888418
2913465
2920830
2947967
2951710
2952091
2973418
2975174
3006673
3011071
3014950
3015527
3046035
3056865
3067073
3071505
3075087
3077246
3084568
3087988
3088455
3100040
3104686
3105997
3113523
3124590
3125874
3132075
3138232
3148711
3164552
3172736
3212472
3243205
3245094
3271060
3281278
3292956
3301904
3308739
3317403
3331317
3337826
3339853
3341276
3359216
3359385
3361275
3363513
3372746
3373397
3377242
3383906
3393199
3395258
3403106
3407369
3408276
3413925
3414605
3416145
3421906
3425704
3436626
3455588
3469406
3472931
3510189
3512934
3520276
3521120
3522417
3529516
3529678
3532999
3536615
3538685
3591478
3592499
3593422
3595446
3619964
3621606
3621705
3623500
3632704
3639454
3642358
3659940
3667187
3676317
3701982
3708941
3717037
3733340
3746662
3765102
3771228
3777202
3778419
3793707
3794942
3795693
3796170
3802234
3810512
3811475
3814850
3835681
3840199
3850993
3856631
3862713
3863480
3877774
3885680
3886435
3891067
3898065
3902225
3930643
3947442
3955468
3957749
3966795
3972819
3973758
3980696
3989159
4001155
4004252
4008505
4010308
4026355
4029892
4030332
4047259
4072960
4074496
4078175
4078281
4101405
4102252
4102416
4109541
4115424
4122170
4129924
4139216
4141783
4143529
4172776
4183457
4186791
4207687
4208390
4227734
4229870
4230170
4230882
4237271
4241396
4244737
4245768
4246006
4268198
4285561
4290366
4301930
4304039
4314513
4316904
4317983
4323347
4326597
4333251
4344665
4352926
4353370
4356251
4356627
4367085
4386092
4386883
4393943
4402034
4412024
4417864
4427645
4479615
4507493
4507795
4520620
4525815
4542270
4542352
4545147
4547081
4549251
4573067
4589304
4601168
4609244
4630374
4639885
4645341
4650407
4656230
4661554
4661812
4673646
4698565
4699102
4720986
4750601
4763115
4765232
4768801
4774102
4790956
4792047
4799257
4817895
4823239
4853283
4867048
4869993
4882060
4884204
4889486
4890801
4892361
4894533
4900050
4903261
4910969
4915119
4924469
4926935
4927052
4928068
4934162
4940276
4952005
4963823
4978420
4982166
4989581
4994038
5004514
5016782
5020558
5021042
5026537
5033966
5052474
5060598
5065516
5070065
5071610
5077880
5087458
5087986
5089236
5111673
5112384
5116284
5119806
5126856
5131427
5150789
5167710
5177339
5177681
5178948
5180536
5184235
5204718
5210387
5221364
5237563
5238339
5240183
5258002
5266977
5268588
5287255
5288583
5288973
5296539
5297028
5305364
5307199
5308594
5310060
5312870
5314372
5318114
5320786
5329870
5349440
5368785
5379060
5385565
5388190
5397666
5398641
5413110
5425964
5427798
5429422
5433778
5434927
5446699
5450589
5470381
5504433
5504662
5517626
5530588
5538160
5538394
5545261
5545842
5554570
5557582
5564874
5597605
5629821
5630316
5633972
5637759
5657938
5663391
5667216
5667700
5674311
5677021
5678768
5683723
5708652
5711199
5728902
5738200
5743662
5749930
5776692
5780601
5781192
5795787
5798006
5799883
5802177
5848371
5848412
5852476
5852607
5862796
5863605
5874298
5878792
5879006
5882597
5883160
5886697
5887544
5904886
5912869
5915850
5929485
5931179
5946582
5962065
5967390
5970561
5972124
5977655
5987343
5988195
6002163
6006116
6018816
6023977
6038645
6045930
6047217
6048048
6049777
6056782
6067640
6067755
6068046
6083510
6093690
6093816
6102030
6105345
6120109
6122095
6144670
6145090
6151057
6166698
6179543
6196061
6197706
6202258
6210287
6218200
6221191
6240617
6263800
6278554
6298850
6302487
6308467
6322324
6324720
6348025
6353865
6359961
6361418
6363848
6371239
6378509
6391480
6392787
6405614
6420647
6424484
6429764
6442600
6451490
6453178
6458906
6462441
6471148
6475683
6478236
6499350
6503842
6505388
6505652
6515015
6515434
6518882
6521306
6528391
6535639
6545231
6556283
6557095
6562613
6569091
6573544
6576382
6579574
6585557
6591731
6596406
6597291
6603919
6605426
6607737
6616679
6618201
6624764
6632612
6645445
6645548
6645654
6648603
6650738
6655318
6670942
6683118
6689910
6699265
6710288
6715954
6719838
6722019
6725447
6726833
6731542
6750994
6769627
6791221
6804575
6807408
6813302
6822240
6823810
6829480
6832248
6839776
6851563
6854108
6862593
6866264
6870806
6874368
6879708
6893378
6893797
6922432
6925845
6934397
6935614
6941227
6948481
6952572
6953225
6963181
6969494
6974051
6975448
6984352
6984843
7015915
7016837
7020956
7030362
7048518
7053122
7076741
7094056
7098476
7101761
7106227
7107691
7111124
7115573
7118192
7122341
7125613
7128878
7153769
7154287
7155004
7162025
7163633
7179388
7185351
7190246
7198659
7210216
7211229
7222057
7224713
7227717
7232235
7239604
7251272
7253316
7255433
7255580
7259553
7274500
7281926
7293240
7297246
7298200
7308273
7308750
7320250
7327640
7331082
7348637
7349865
7352155
7358002
7369814
7379483
7386234
7398109
7404205
7404608
7424744
7425800
7444537
7457907
7463436
7472335
7481680
7492741
7495845
7528196
7546842
7552970
7568085
7573729
7574853
7577756
7583128
7588271
7589696
7607867
7608885
7620307
7624364
7660309
7666768
7672944
7692429
7701759
7714307
7717890
7730751
7741223
7742407
7789608
7791283
7791361
7796057
7803821
7804219
7817860
7821981
7827712
7840933
7842057
7847035
7858453
7859264
7880511
7884817
7887874
7891865
7894359
7908446
7921751
7923468
7929198
7952045
7957851
7958258
7961196
7965553
7988674
7999315
8012403
8019445
8031784
8034223
8037998
8039216
8039604
8046630
8047410
8048943
8069382
8073543
8100925
8108266
8114420
8119018
8119024
8119209
8122532
8123260
8134237
8147303
8160827
8160973
8165643
8199997
8214443
8217420
8237521
8239200
8240598
8244134
8245585
8254924
8256085
8259476
8265756
8268269
8284277
8301456
8309321
8312442
8313004
8331634
8331857
8351397
8362704
8366406
8371655
8393220
8409124
8411012
8433060
8445632
8448481
8451388
8456672
8471132
8472734
8486626
8487699
8495108
8502528
8506133
8506851
8507779
8523744
8539363
8551884
8554791
8559426
8559512
8560243
8560661
8562792
8567929
8571798
8587756
8597986
8598506
8603711
8618657
8628838
8638609
8643140
8656394
8672950
8674182
8683390
8684331
8702685
8707334
8714919
8728932
8732279
8737528
8750560
8757628
8776193
8799453
8808025
8825004
8841096
8842075
8846030
8854063
8867584
8869583
8873345
8882937
8885853
8892912
8932755
8946157
8954989
8957036
8957418
8963758
8984139
9002600
9003025
9003053
9004938
9018581
9027476
9027494
9027765
9033674
9033741
9044690
9047752
9050655
9069056
9069150
9075156
9076187
9100633
9111380
9111701
9118560
9124661
9128645
9129674
9130672
9137143
9139045
9140724
9156596
9160878
9178021
9182534
9182819
9184918
9185902
9192224
9203072
9208385
9212385
9214699
9217512
9218390
9221676
9230549
9237420
9239355
9241389
9257959
9259849
9261890
9268552
9274930
9277818
9282092
9284832
9287758
9289243
9293731
9300815
9313794
9317219
9324749
9327086
9333281
9352193
9358460
9358871
9360954
9364086
9365953
9366703
9383684
9384825
9398533
9416785
9417619
9421964
9425498
9434571
9439581
9449414
9462652
9468040
9468468
9481299
9481479
9492541
9521711
9523776
9525199
9532407
9553512
9556728
9560531
9565480
9570799
9574596
9588850
9589348
9593269
9596149
9626920
9630684
9631816
9634757
9657832
9658004
9662708
9694287
9695346
9697110
9708992
9711576
9716912
9727656
9733447
9734342
9742452
9755671
9759995
9763409
9767708
9769258
9772302
9773236
9773819
9775834
9779693
9782807
9785777
9800147
9802566
9829219
9857175
9865214
9867993
9871421
9926376
9928656
9942974
9952878
9953534
9954720
9958203
9967654
9979012
9983586
10022505
10027421
10046898
10054078
10058656
10064892
10090009
10095743
10097233
10103773
10120533
10121321
10126015
10126241
10130005
10132359
10140545
10142853
10146680
10173104
10180555
10186301
10197787
10198762
10204843
10205596
10213844
10219295
10220043
10227150
10240693
10242284
10256780
10261696
10263506
10275199
10275491
10279820
10349727
10350350
10366017
10378929
10383608
10387026
10387815
10392663
10398535
10416087
10421927
10424115
10424966
10429946
10434625
10440439
10450869
10454016
10482417
10497929
10506167
10517053
10522794
10537645
10539467
10570394
10571717
10574692
10582519
10590860
10598474
10604250
10627569
10646663
10649263
10649913
10655397
10674119
10675035
10676159
10676237
10681145
10693594
10709782
10716504
10742284
10745189
10754691
10773085
10776124
10780213
10809995
10817125
10818758
10821550
10822285
10831199
10841713
10842239
10845857
10845910
10849448
10853432
10853755
10857229
10859217
10859578
10863030
10868935
10870511
10876526
10878019
10885052
10887603
10888268
10891294
10891482
10894057
10894357
10896044
10897553
10901460
10915913
10916742
10930801
10938082
10940450
10982976
10988034
10991088
10998440
11003356
11006504
11014850
11016063
11046056
11050963
11052002
11053547
11058379
11077362
11081811
11083328
11106216
11113622
11116973
11119482
11133282
11134380
11141852
11148195
11153397
11157631
11159238
11159710
11168104
11174344
11175968
11180444
11188794
11192870
11199306
11210234
11212654
11217759
11221443
11222602
11232886
11235916
11254465
11258456
11261990
11272542
11276052
11288876
11292019
11292595
11301106
11319849
11324478
11326884
11333676
11336271
11347888
11359685
11364175
11369255
11369573
11392320
11393479
11394475
11402667
11403696
11416059
11423611
11430997
11435117
11439886
11460981
11462825
11469837
11472556
11480000
11484878
11488151
11502101
11516069
11518521
11547694
11550621
11557493
11558539
11565839
11569237
11588504
11591844
11592789
11593707
11606643
11611480
11612399
11614778
11615718
11624978
11643229
11657224
11666002
11679821
11683219
11685704
11693963
11701764
11721982
11729747
11735409
11736967
11755189
11756779
11766854
11774966
11788210
11798484
11802138
11815094
11819392
11826035
11833894
11840864
11847229
11855868
11861918
11875028
11876023
11880825
11885631
11888711
11903682
11926640
11932958
11947527
11953061
11953355
11960586
11963540
11968358
11968566
11971487
11987498
11992998
12003949
12005020
12014507
12018630
12041411
12047223
12053850
12075663
12086194
12092157
12117665
12121977
12123541
12145277
12146919
12147281
12151142
12161516
12166884
12167786
12170949
12173704
12179551
12187877
12190031
12199282
12204085
12208909
12216113
12222469
12226486
12227458
12227614
12237154
12238985
12244139
12249010
12251446
12252429
12266103
12270633
12277220
12280729
12282008
12286306
12288501
12289427
12290197
12292620
12315913
12325956
12338062
12353617
12359599
12361124
12361622
12364034
12364228
12369175
12393091
12397593
12398456
12399168
12417329
12428707
12440815
12444761
12448078
12458619
12463412
12463557
12467821
12468827
12468975
12482272
12488435
12501091
12502912
12505318
12518462
12534246
12542314
12556310
12559229
12566349
12567673
12567675
12571543
12581796
12582843
12589845
12600720
12605780
12606598
12627510
12635898
12637482
12639794
12652363
12653651
12656682
12668381
12670712
12685958
12699937
12705121
12706167
12708033
12717960
12729503
12732789
12733141
12737026
12737360
12754760
12756076
12756190
12772625
12778409
12782412
12789028
12802881
12812774
12833753
12837632
12839565
12855038
12855405
12859406
12861223
12865495
12878852
12880665
12892470
12903182
12911332
12912575
12922806
12928822
12958301
12970897
12982761
12984473
12985322
12999946
13007311
13023408
13035607
13036456
13039450
13043658
13045731
13066362
13076818
13112301
13127677
13128419
13129901
13137216
13140058
13145553
13161739
13177101
13212432
13213975
13224809
13226526
13248580
13264222
13265913
13267465
13276320
13276827
13283779
13295438
13298004
13302171
13302605
13303779
13306439
13309929
13323660
13340682
13343957
13344085
13345315
13358229
13364767
13382628
13383802
13388938
13394039
13411860
13414880
13432891
13434073
13436627
13452691
13463430
13468926
13484190
13490692
13493128
13518019
13538184
13538787
13547759
13550758
13553126
13555484
13564750
13566059
13567048
13572600
13585966
13594483
13600041
13610148
13614528
13620933
13624588
13625443
13626645
13631071
13636381
13642762
13657863
13689372
13690674
13690953
13697642
13706005
13712429
13712878
13719050
13722444
13725831
13732910
13733141
13734347
13734989
13738815
13740645
13741945
13742978
13751129
13764297
13769311
13777743
13784450
13793453
13803073
13803581
13807298
13817810
13817900
13821399
13824785
13833205
13850242
13853420
13855876
13885749
13891268
13908946
13920363
13927477
13934468
13939940
13942152
13942586
13949253
13959481
13964894
13969037
13975064
13982189
13982231
13982795
13984401
13994340
14001941
14006553
14015129
14016074
14024824
14026428
14029885
14045018
14046357
14049062
14052901
14054812
14056205
14062181
14067445
14076234
14093924
14110224
14111825
14119330
14132034
14133773
14137425
14137516
14138963
14147157
14151523
14160112
14173263
14195426
14215438
14222622
14237762
14238882
14248193
14251420
14259966
14268496
14271065
14280603
14314695
14315240
14316514
14320489
14325807
14341814
14345532
14346366
14353001
14363902
14366604
14409072
14412735
14416012
14417428
14426672
14450586
14468557
14469598
14480118
14480408
14513113
14517717
14518936
14527754
14551660
14565219
14569046
14569460
14571887
14579522
14584148
14593518
14600294
14601305
14603905
14607955
14609931
14613472
14614073
14630060
14634086
14642317
14650235
14657136
14657832
14659765
14689200
14689435
14690798
14702629
14706549
14711473
14722204
14735161
14750202
14758472
14763700
14768624
14781100
14787098
14791111
14792214
14796964
14800614
14804911
14823912
14828402
14829084
14830074
14833668
14834297
14835889
14846585
14855628
14856142
14856683
14866959
14869545
14869595
14870571
14883273
14888216
14897787
14898892
14903872
14905820
14907670
14916409
14924117
14924500
14928311
14930245
14930412
14940297
14948963
14951040
14956471
14961406
14979539
14981052
14988611
14993069
14996835
14998208
15014646
15018842
15020811
15028437
15031139
15042818
15072452
15078421
15092559
15093485
15105306
15120592
15140889
15141696
15145212
15153465
15155675
15162433
15165058
15165674
15168330
15171857
15189545
15194260
15227333
15229438
15230055
15240474
15244092
15251556
15254226
15256331
15257176
15264108
15265689
15273332
15284348
15291156
15308301
15313014
15314818
15315777
15318883
15319511
15324448
15326886
15331599
15343628
15364615
15367743
15371709
15372704
15375103
15398701
15401237
15431363
15437942
15439881
15441071
15448546
15449711
15467089
15473788
15476685
15485239
15486725
15488749
15511729
15521222
15528722
15536409
15544087
15570910
15572765
15583843
15585762
15589332
15611873
15612205
15616345
15623971
15636711
15644689
15648310
15673134
15676422
15678178
15678417
15692278
15694108
15700824
15721581
15731658
15733380
15738340
15740305
15743456
15748461
15757526
15761232
15774709
15782071
15786949
15791231
15805108
15809978
15813628
15816404
15825543
15829092
15829241
15831070
15832249
15838483
15840164
15842726
15858927
15861008
15863213
15873770
15880096
15880460
15890170
15904001
15921492
15933270
15935628
15939741
15940659
15943591
15949719
15949956
15965302
15968000
15970888
15971142
15977649
15985652
15987587
15994885
15995090
15997577
16008294
16014032
16021232
16026886
16043084
16050146
16050654
16070548
16074700
16086780
16088169
16088284
16093814
16107450
16111595
16126734
16142335
16146360
16148726
16150259
16150589
16151436
16158561
16161826
16166558
16174756
16178833
16190053
16212504
16217967
16227756
16236594
16237422
16241542
16247058
16260650
16263817
16270582
16272503
16280509
16286173
16291953
16292272
16299744
16301248
16307836
16310870
16311200
16311882
16320109
16322899
16331660
16344139
16350302
16364787
16365875
16372311
16375895
16376642
16385900
16386068
16392668
16405245
16413413
16416531
16418818
16422291
16427423
16429993
16434901
16435746
16484459
16496620
16506051
16516384
16520284
16521142
16525815
16533074
16533780
16534217
16535573
16537509
16540347
16544084
16546111
16550810
16554129
16560187
16561052
16612780
16622855
16629271
16640410
16642188
16642256
16645353
16658613
16660886
16677176
16683534
16693997
16699685
16703293
16711899
16727855
16733859
16743509
16752800
16755252
16759199
16773345
16776187
16785463
16792053
16793412
16796419
16810701
16812450
16824312
16828930
16838674
16844635
16874457
16874971
16876367
16876688
16884436
16884468
16885601
16889533
16901504
16906044
16907269
16915749
16915773
16942435
16942804
16944311
16958930
16965647
16967260
16992081
16997161
16998844
17014441
17021413
17023098
17028051
17044698
17052559
17062673
17066365
17073913
17076586
17084305
17096320
17097090
17099518
17108978
17118782
17120686
17126673
17127249
17129443
17148377
17152227
17171361
17185184
17187070
17216030
17217117
17241835
17248793
17251692
17256907
17260037
17262817
17263097
17265988
17267680
17269560
17273078
17297049
17301385
17307321
17352465
17358173
17379254
17386144
17390729
17398951
17432884
17445994
17453385
17457913
17458079
17459930
17466927
17468811
17483056
17490704
17497757
17503801
17504409
17507122
17507489
17519361
17559328
17559548
17562435
17562679
17567190
17576614
17593886
17606797
17620274
17620332
17623172
17629091
17630044
17630384
17649354
17650622
17652006
17652137
17679928
17687504
17695793
17696441
17707568
17727550
17736711
17738234
17740036
17751011
17758011
17765909
17786858
17800880
17801323
17801632
17823349
17833056
17843762
17846607
17847104
17849021
17852138
17860039
17860964
17881968
17900639
17907371
17917105
17919025
17930475
17940535
17943097
17950970
17959766
17967067
17976880
17979745
18008755
18022754
18025519
18030350
18035230
18041622
18064109
18069843
18087144
18090653
18091693
18093051
18095815
18100603
18108657
18120846
18121476
18131896
18164644
18167450
18184768
18189996
18190971
18192669
18225467
18230245
18233922
18247519
18253990
18261614
18267403
18269825
18271288
18272877
18274186
18279377
18281034
18286368
18292106
18303285
18314226
18320561
18337604
18347122
18347824
18352035
18353338
18362947
18378741
18383473
18402311
18405870
18408803
18418646
18422901
18422905
18423825
18441661
18462105
18462549
18469254
18475351
18484287
18486477
18489815
18494147
18500667
18501843
18506508
18507421
18543551
18549628
18554054
18571551
18576116
18582865
18593610
18598710
18607245
18611110
18614305
18622382
18626218
18626262
18637425
18638915
18645278
18652739
18657373
18663648
18666500
18691173
18691964
18699670
18703578
18704805
18708409
18711630
18714784
18715659
18744777
18746406
18747321
18753493
18753761
18755609
18761941
18761954
18762842
18766361
18766794
18780141
18785719
18797482
18803304
18804018
18808687
18830163
18846153
18853197
18861164
18873750
18879869
18926736
18937342
18938619
18938976
18942197
18946535
18947792
18962992
18972135
18979102
18981718
18981767
18991465
18994651
18997487
19002519
19007059
19034580
19037794
19044458
19046625
19054389
19055539
19055599
19057657
19058752
19068991
19075778
19076482
19078269
19089245
19097189
19101982
19104277
19120591
19130605
19138947
19146397
19149510
19153725
19165444
19167574
19184777
19192239
19194818
19198787
19232319
19235533
19239287
19240421
19240841
19242344
19265214
19266612
19274291
19289185
19306089
19311363
19314327
19316227
19329920
19361561
19368635
19369477
19387586
19396790
19401574
19414976
19426880
19427971
19429986
19438583
19442455
19485834
19488873
19493625
19495210
19496483
19510197
19512334
19514384
19517760
19521135
19528365
19546671
19546984
19548014
19563479
19567283
19568355
19580341
19614925
19633932
19634110
19637407
19646704
19659909
19665185
19666607
19667574
19681213
19690915
19692643
19698346
19703866
19706594
19712982
19727293
19733406
19734794
19735607
19747857
19751345
19754418
19762410
19770821
19794370
19800248
19807704
19813321
19813540
19818428
19842359
19844793
19854004
19866364
19894275
19909696
19940261
19940945
19961737
19977183
19986246
19993799
20012215
20013491
20014133
20015676
20027078
20033817
20042859
20043029
20046809
20055435
20058833
20059333
20071704
20078191
20091571
20115764
20118976
20123114
20132918
20135784
20152637
20173247
20178218
20179467
20186477
20193925
20199474
20203431
20212457
20216855
20219898
20220489
20224785
20225419
20227785
20228597
20231336
20231610
20234905
20250169
20251243
20253814
20263959
20266273
20272175
20286952
20288025
20295521
20300267
20302303
20310838
20311054
20321096
20322417
20324607
20331722
20332593
20353683
20375732
20378524
20378650
20400224
20400387
20404138
20413494
20422145
20422883
20423190
20443518
20443826
20447577
20447631
20448611
20453996
20462508
20469315
20473854
20479590
20484353
20495296
20509417
20514164
20523094
20537487
20548609
20551994
20565496
20578351
20578812
20582115
20584928
20588961
20618420
20620717
20624225
20624552
20632937
20635231
20639554
20642713
20649829
20658030
20667375
20674870
20686614
20689118
20698286
20709611
20723735
20723913
20724981
20728276
20733738
20744314
20748416
20748858
20752597
20754169
20762733
20771923
20781060
20787470
20795369
20797082
20804091
20806902
20813292
20813328
20814071
20815669
20819828
20826293
20844708
20845360
20848230
20848814
20868281
20868429
20869811
20873007
20880918
20886671
20901725
20910402
20911801
20917250
20923981
20926303
20947548
20953962
20959642
20972477
20986613
20991734
20995832
20996432
20998114
21005612
21008829
21019083
21019160
21022176
21033067
21033594
21037643
21069981
21076506
21079081
21079774
21086921
21087708
21091361
21092433
21093853
21104211
21106390
21129485
21144469
21150456
21160042
21178496
21195977
21212920
21233202
21250645
21253206
21257237
21269489
21271722
21277215
21278598
21289994
21300296
21301857
21309956
21315992
21321771
21325957
21327745
21338153
21344123
21346742
21350266
21352277
21354472
21359792
21374923
21375728
21389945
21391987
21407082
21409004
21412143
21429695
21436067
21471044
21475160
21478117
21480222
21486168
21492346
21500014
21514862
21516192
21525102
21527951
21534349
21538996
21545348
21553032
21558410
21560171
21562071
21563580
21585992
21587116
21603630
21612234
21617958
21626731
21638004
21670040
21679207
21683443
21684720
21685910
21690165
21690252
21691029
21700352
21704697
21709110
21709966
21719921
21721250
21735813
21745820
21759676
21767475
21771999
21779664
21810355
21826479
21833775
21834924
21835611
21839179
21849486
21860472
21862058
21870145
21872919
21915789
21921629
21930562
21936100
21941848
21946628
21964729
21964927
21974733
21993266
22019369
22022840
22027683
22034893
22037387
22040219
22043494
22045418
22053690
22056202
22060868
22061263
22069246
22070159
22071253
22072770
22081562
22089512
22090058
22093379
22109351
22125013
22132154
22139881
22145172
22186316
22190557
22195809
22206605
22208612
22219809
22228254
22229334
22234057
22243949
22244876
22250135
22255914
22257691
22260902
22262897
22271782
22272992
22274597
22287129
22306519
22306785
22329344
22340506
22342623
22348156
22350135
22352554
22357860
22359834
22375115
22375346
22379069
22380771
22384185
22391319
22417200
22421770
22422503
22424750
22432032
22455861
22462686
22501756
22506331
22506425
22509882
22514073
22518749
22522248
22530190
22530214
22542991
22547233
22550031
22575250
22584372
22585294
22599692
22621578
22628941
22634704
22637943
22659238
22669580
22673603
22685410
22686622
22691106
22700621
22702853
22706860
22708590
22716300
22729112
22736903
22742293
22771530
22772978
22773292
22778115
22780353
22782399
22797525
22802617
22810011
22815997
22819255
22822835
22867346
22877619
22883219
22883233
22889423
22894566
22896563
22897759
22905945
22926352
22952122
22957992
22969188
22972394
22977636
22985760
22989500
22993286
23000856
23003901
23006018
23010642
23014567
23016589
23023250
23024224
23032311
23033745
23069724
23081992
23082733
23091174
23092037
23101073
23106256
23110182
23112840
23121812
23139436
23141058
23147075
23158140
23168840
23169117
23170962
23185372
23195055
23201271
23219450
23230407
23241194
23258855
23263621
23270888
23291677
23303791
23310806
23328911
23329022
23359786
23363925
23378320
23390832
23395696
23408875
23411978
23413677
23425731
23428287
23437684
23468168
23474505
23475043
23475818
23485733
23511602
23511616
23514033
23515056
23520960
23524425
23546396
23566508
23578674
23585512
23611970
23623384
23624611
23640544
23642191
23642306
23646095
23652840
23661211
23668691
23702118
23703382
23732971
23748984
23749391
23751281
23753482
23753556
23756128
23760731
23766987
23771141
23778447
23780695
23789808
23798542
23798830
23801446
23804211
23806953
23814130
23814429
23815296
23835316
23847094
23850294
23856305
23858091
23869399
23872473
23873431
23875625
23904267
23916400
23925857
23937697
23939521
23944686
23956374
23966501
24011329
24013834
24017170
24025619
24030493
24033063
24038202
24039344
24078714
24082801
24100435
24129219
24134863
24140100
24153666
24158188
24165817
24172052
24177250
24186502
24186525
24205044
24221462
24229902
24236526
24237105
24237291
24254247
24259090
24263587
24282376
24283809
24284173
24291900
24301357
24302777
24309163
24309537
24313139
24319486
24327302
24327690
24327717
24362706
24383415
24383855
24407756
24415339
24417195
24425148
24432080
24433919
24438552
24440924
24442911
24446499
24456593
24479610
24491507
24492835
24504441
24506016
24522592
24535736
24555976
24574376
24583266
24583963
24588538
24607281
24608034
24612873
24612931
24617826
24622530
24625216
24642406
24645680
24658881
24670406
24680355
24696746
24697927
24704345
24705261
24708658
24715805
24718725
24728929
24733739
24750117
24754221
24754537
24767681
24776422
24791681
24793111
24818531
24822785
24824029
24840327
24859584
24876996
24890105
24892444
24892481
24905215
24916953
24919920
24921922
24925437
24925511
24930842
24933647
24937846
24952328
24963210
24963464
24983620
25000671
25005960
25014310
25016385
25020588
25028328
25028574
25035230
25045996
25046697
25059429
25065425
25084555
25087831
25104528
25112190
25123100
25123940
25128318
25133956
25143810
25164469
25179422
25197126
25200091
25229299
25256302
25260785
25261010
25263048
25270842
25273674
25278071
25279217
25287367
25287694
25297955
25307191
25317588
25330484
25330601
25343456
25355082
25356294
25382222
25387880
25391106
25392578
25397432
25420339
25425531
25456983
25462111
25464514
25472772
25509399
25520758
25527756
25527840
25546121
25554691
25555555
25557147
25559025
25560907
25562442
25566402
25573646
25593724
25622027
25626379
25633217
25635913
25641195
25642536
25648582
25652827
25659075
25710404
25711751
25714591
25729807
25734189
25741643
25750538
25761147
25767086
25773565
25780648
25780723
25782643
25786280
25795049
25804232
25814099
25838541
25839586
25848383
25891132
25903675
25915809
25931825
25940998
25942233
25947892
25952533
25959245
25965080
25972447
25983171
25984429
26000519
26006785
26016386
26032007
26057057
26059684
26075764
26081061
26088378
26092420
26105451
26123155
26139976
26145333
26166561
26179126
26182004
26185123
26197781
26199097
26203566
26236707
26239462
26243539
26245447
26247978
26265681
26268829
26294874
26296530
26297927
26302885
26306475
26312799
26323136
26333166
26335644
26339854
26339906
26351632
26356370
26360608
26372666
26381299
26399924
26402750
26408083
26419094
26425985
26439948
26469833
26499867
26502387
26519315
26554311
26556708
26560748
26566927
26593210
26597977
26601569
26607334
26610377
26614474
26632334
26639767
26649262
26651041
26655039
26661402
26663447
26665993
26678383
26680518
26680825
26688055
26689833
26694228
26696246
26699515
26711003
26727169
26727981
26728631
26733355
26750719
26761102
26761757
26761965
26762102
26762356
26780448
26787692
26792691
26807733
26811322
26811895
26813816
26828977
26829654
26840162
26859070
26862446
26887762
26893286
26903575
26904177
26905509
26909733
26929436
26938736
26942002
26943907
26954409
26956477
26973503
26974767
26976188
27017775
27019734
27026002
27026015
27034315
27036550
27038607
27055533
27057845
27067418
27075117
27076927
27078009
27081518
27083705
27085056
27090011
27091043
27097451
27110170
27111670
27120603
27120899
27122818
27130536
27133816
27145418
27150097
27151233
27153974
27157451
27179705
27184079
27192551
27203444
27219811
27221566
27222967
27224538
27227184
27244067
27244987
27246568
27246875
27262340
27262752
27264673
27313552
27317277
27324173
27332847
27335470
27341856
27363984
27380350
27387152
27390417
27390528
27397886
27415132
27426434
27427986
27432964
27438574
27451635
27454190
27458267
27461983
27468570
27482551
27487347
27502665
27514541
27518828
27520801
27529895
27532868
27541866
27543987
27548298
27577213
27579714
27593765
27596865
27598594
27602202
27604765
27606706
27616537
27630515
27641385
27646632
27649775
27666462
27685760
27694627
27700547
27702653
27702948
27708668
27709947
27721941
27763338
27765563
27778210
27784525
27794335
27806914
27849871
27852958
27867045
27870021
27879761
27880915
27882949
27888228
27890229
27891512
27897841
27923245
27928629
27928792
27939282
27954554
27964461
27967892
27968239
27969859
27969932
27981836
27986138
27994087
27997359
28012357
28016087
28039790
28041109
28045098
28058784
28064324
28071297
28078537
28080866
28106868
28113708
28115124
28115945
28130022
28132196
28138006
28146417
28158200
28161259
28162996
28170624
28178008
28180098
28184261
28187351
28190756
28192592
28205358
28209214
28237995
28248890
28263248
28286903
28295196
28297890
28305626
28309458
28314297
28318947
28319794
28327570
28328022
28332352
28335144
28337529
28348965
28353654
28354597
28377565
28379062
28380525
28384774
28393769
28396028
28406414
28417596
28419908
28466955
28467945
28479511
28482110
28483870
28485051
28489862
28509959
28518830
28535802
28561878
28567843
28568953
28576796
28590280
28622988
28625023
28630557
28639652
28640230
28667395
28668259
28668289
28677288
28685759
28686813
28691695
28700827
28703463
28708021
28708403
28720047
28720080
28723330
28724652
28728104
28746846
28758097
28759695
28773634
28775385
28776346
28783362
28789411
28797882
28808042
28808748
28822050
28822216
28834303
28862929
28876749
28889605
28890961
28892013
28896393
28906608
28917752
28921430
28928623
28937573
28948718
28955006
28984728
28985782
28991208
28991260
28991572
28994364
28995619
29017887
29019640
29020959
29024020
29029557
29036840
29037165
29038462
29046740
29053082
29073793
29076463
29077160
29080875
29094138
29100480
29121030
29134552
29135923
29138635
29148200
29159335
29162256
29166362
29169404
29174092
29176900
29183784
29189749
29190516
29220772
29226992
29234896
29235829
29238698
29250918
29254249
29257546
29264113
29269437
29276803
29283485
29284512
29286538
29290415
29292447
29294638
29304356
29316100
29322740
29339892
29360651
29371304
29378404
29391386
29415180
29423521
29423928
29426170
29446311
29457479
29484545
29500326
29513995
29515155
29517250
29517875
29522946
29539623
29540313
29541427
29546535
29560635
29564212
29572849
29573035
29580038
29581998
29582862
29584332
29610054
29618845
29619273
29620182
29639641
29646361
29655208
29660322
29664387
29669879
29672021
29682745
29683727
29684867
29697316
29708784
29716249
29716870
29723024
29758832
29779229
29786254
29786623
29788667
29795096
29795187
29801300
29828202
29833595
29835116
29842438
29843564
29847132
29866277
29869618
29871823
29883846
29905350
29914528
29921721
29922038
29936200
29951502
29952898
29962782
29987262
29996270
29996865
29996990
29998830
30003442
30012906
30036080
30036665
30049118
30051862
30057177
30057433
30062046
30075177
30088248
30090150
30103804
30125487
30128005
30150913
30155280
30156756
30158778
30164357
30168224
30169510
30172015
30189281
30194231
30197502
30205495
30211858
30242244
30255101
30258396
30258490
30260112
30262151
30274919
30277388
30282618
30284570
30291452
30295413
30319545
30324464
30328398
30330287
30332778
30336456
30336592
30337108
30354686
30355446
30359323
30367866
30381086
30382156
30411828
30422926
30428363
30436100
30446953
30452824
30454531
30463123
30463325
30466175
30475127
30475864
30486396
30489700
30495678
30512197
30515617
30559560
30563160
30568292
30570982
30574562
30578251
30594302
30599011
30601465
30614050
30617144
30637372
30638507
30647950
30650666
30658552
30660492
30667501
30667812
30670649
30681018
30682620
30700421
30729189
30736685
30740047
30743624
30747976
30748355
30757240
30760461
30764630
30768713
30774320
30782393
30784170
30785175
30789089
30789789
30790087
30808402
30811976
30814876
30819674
30825596
30844119
30849045
30849450
30858946
30884067
30884509
30896529
30896640
30904800
30906929
30913063
30915182
30920393
30928108
30931565
30935104
30943977
30948227
30948680
30967898
30983814
30991823
30993265
30993426
31008565
31019588
31033499
31040910
31053661
31060781
31066280
31069393
31071305
31094034
31104540
31107452
31110588
31110898
31118759
31124306
31134949
31149035
31153361
31154508
31165276
31166514
31167184
31178409
31218608
31242411
31253317
31270157
31272539
31281031
31305207
31310233
31334603
31339668
31342692
31348885
31352133
31352671
31355882
31359248
31363150
31388155
31392365
31404525
31409299
31412206
31424816
31426169
31426373
31442216
31451739
31465447
31471417
31481646
31485321
31486974
31487934
31489564
31502742
31504045
31508175
31517221
31530499
31556969
31559216
31559719
31559846
31564541
31571171
31578402
31584008
31585872
31596648
31600643
31601777
31607694
31608862
31609925
31616321
31617743
31624045
31629802
31631812
31679889
31697293
31714624
31730455
31732189
31740889
31761002
31762267
31765311
31778690
31782917
31821404
31823892
31837166
31844005
31852136
31870723
31871930
31872038
31882674
31883804
31896804
31910869
31913847
31914117
31915361
31920756
31927284
31944509
31957052
31968800
31973899
31981691
31984423
32005821
32016300
32050260
32050525
32051514
32054080
32058643
32065898
32078849
32083741
32098986
32115876
32118226
32121969
32127801
32127911
32132794
32136397
32139287
32140389
32146378
32168356
32191853
32195401
32196770
32207343
32214932
32216388
32229033
32229974
32232389
32232572
32236060
32248546
32266842
32269213
32292180
32324010
32326259
32329829
32330236
32330941
32333528
32336432
32345076
32350419
32353651
32363464
32363998
32375780
32387227
32392410
32393459
32404748
32404880
32408647
32410567
32429921
32446375
32458728
32460540
32462291
32469812
32470335
32473901
32474041
32478650
32488407
32488603
32490400
32494213
32504721
32511665
32512044
32515945
32535507
32539882
32540914
32551055
32553250
32553936
32556355
32560958
32563512
32569020
32569844
32574043
32574534
32575683
32584496
32584690
32586477
32587071
32601240
32604899
32610342
32611820
32616907
32621308
32621997
32623050
32648521
32650596
32652655
32654251
32662862
32671219
32678468
32684801
32686450
32696475
32702568
32722211
32729798
32732647
32734953
32745417
32747845
32756117
32759895
32779670
32779743
32784852
32787421
32788145
32789013
32798293
32800818
32814919
32815930
32818896
32828074
32830037
32840121
32841389
32841954
32860500
32867480
32869865
32875922
32889648
32898418
32905241
32925416
32928355
32929674
32948449
32979283
33008236
33013410
33013551
33021403
33021751
33024090
33034219
33034490
33043937
33050902
33065349
33079779
33081942
33083461
33084745
33085828
33091384
33092468
33093224
33106780
33115566
33128976
33130533
33153862
33155256
33159447
33163350
33168520
33169573
33179256
33181713
33193519
33194029
33230692
33234586
33236309
33237694
33254948
33263569
33265967
33272756
33280267
33283831
33285451
33303871
33308102
33314643
33327006
33332367
33337818
33340565
33341732
33349922
33366547
33369756
33371934
33382421
33384152
33386980
33387201
33389139
33391648
33400033
33401354
33411562
33413198
33429013
33446761
33450465
33451947
33455415
33461058
33466078
33471311
33480017
33483470
33486636
33488461
33488694
33503913
33513237
33522934
33527907
33528453
33533218
33534166
33537616
33559180
33610732
33611451
33618462
33618517
33619973
33627538
33632122
33633615
33637916
33638008
33639828
33640182
33641174
33642263
33644592
33646878
33668060
33670247
33682828
33702826
33703571
33725633
33731165
33750809
33779006
33792099
33799344
33806581
33808062
33814198
33818889
33831062
33842521
33851797
33862886
33891709
33904028
33908830
33918755
33922552
33931788
33934055
33934260
33944162
33952273
33957501
33965846
33967399
33972184
33973192
33976536
33980266
33983445
33989609
33991576
33995221
34011948
34013124
34015096
34015305
34019587
34025129
34027546
34031241
34032734
34051331
34052395
34093085
34101797
34108771
34114965
34141526
34161719
34168205
34172300
34177737
34181501
34184992
34194105
34198562
34219605
34228364
34237479
34255228
34256259
34258555
34262992
34284737
34293439
34297832
34299375
34299526
34303596
34304211
34308472
34317503
34333213
34333837
34338868
34340265
34357262
34360882
34388352
34393919
34400651
34411570
34424188
34440377
34443386
34443864
34451662
34454473
34457658
34458187
34460081
34486814
34488800
34497024
34506925
34517085
34518970
34532655
34532982
34545131
34547877
34553619
34556760
34558515
34569216
34571376
34573657
34583781
34588818
34594288
34601261
34609572
34621654
34631073
34631988
34632498
34642911
34646802
34660198
34660254
34660309
34688284
34702402
34705832
34718200
34729603
34730387
34731481
34738286
34744292
34746683
34758852
34761363
34763073
34768193
34801176
34801282
34802945
34806231
34816379
34830088
34830747
34844742
34851508
34852584
34863371
34867277
34872977
34880008
34881718
34890666
34897957
34902782
34910012
34924898
34938937
34944620
34950452
34953920
34966646
34969874
34970204
34983759
34989952
34994540
34998232
34998824
35002192
35029290
35036799
35038046
35052262
35064438
35089344
35090406
35096296
35108706
35110289
35130138
35154533
35157185
35160942
35161424
35169267
35172027
35182546
35182807
35186075
35203455
35206517
35210208
35231018
35270003
35276986
35281849
35284482
35285004
35298924
35305162
35309188
35335241
35342416
35359451
35376463
35383814
35387686
35415456
35421746
35421917
35422764
35431611
35456388
35456898
35457089
35473092
35481210
35485788
35486950
35497288
35500316
35507202
35527387
35534944
35543361
35543378
35543655
35549038
35562791
35569475
35574040
35576003
35583246
35585102
35585286
35597950
35608009
35612124
35612573
35612912
35623196
35625471
35627537
35634146
35639033
35642027
35644075
35650171
35661276
35665940
35671358
35676463
35694593
35718056
35720620
35741004
35741804
35749081
35763097
35769118
35778000
35778947
35791448
35799176
35814824
35817941
35819649
35832231
35832623
35832721
35838793
35839387
35843438
35875268
35879960
35894990
35901469
35905801
35915783
35924960
35930177
35938062
35939238
35951190
35968119
35972441
35981983
35986076
35989682
35990331
36003455
36005026
36012652
36020771
36025555
36026566
36027934
36037154
36055267
36069325
36072606
36081468
36084029
36085571
36087226
36089095
36095684
36095847
36099659
36102017
36113829
36115226
36117053
36123939
36136072
36152279
36152929
36157242
36159019
36164200
36166253
36184904
36191384
36192392
36204524
36205978
36209746
36215592
36217172
36235933
36256357
36258107
36261516
36262025
36266833
36267009
36267605
36280235
36283421
36286895
36309396
36313468
36316514
36322934
36324231
36327311
36363433
36373994
36392324
36400571
36405176
36414237
36429888
36433983
36448005
36482489
36504466
36516035
36524933
36527795
36527960
36528774
36536419
36537284
36540539
36554655
36558625
36561621
36567757
36568961
36578520
36605183
36620297
36630076
36633167
36652337
36661274
36666214
36668130
36681756
36695675
36720072
36726345
36737615
36752043
36783579
36796908
36798585
36812613
36815106
36829681
36836389
36837243
36851995
36856146
36859686
36863301
36865246
36865758
36866729
36871650
36871866
36876020
36878011
36884140
36887605
36907883
36908546
36908575
36911216
36912485
36922040
36926995
36931614
36937402
36943109
36951987
36973100
36973663
36978783
36999687
37003292
37008769
37017455
37017639
37020016
37025157
37031038
37033173
37036211
37053362
37055300
37085829
37103982
37114175
37114423
37114764
37121174
37127057
37132045
37134807
37139010
37153196
37155134
37155662
37162851
37171746
37180399
37186233
37202821
37203566
37214235
37240550
37243778
37249138
37260930
37266743
37275114
37275826
37282176
37285050
37298907
37302797
37302873
37312336
37319157
37326671
37358645
37363510
37367336
37370992
37383539
37397647
37402797
37412993
37427084
37431642
37441372
37441600
37447717
37449228
37455381
37484683
37498026
37500467
37501134
37515335
37518163
37520142
37532113
37549722
37556107
37561300
37566300
37572277
37575621
37579373
37593695
37604112
37612444
37617944
37622134
37624849
37626929
37632153
37632895
37638025
37641048
37647492
37648014
37658289
37665031
37671525
37683334
37688912
37694637
37698006
37699876
37702809
37703622
37720392
37724551
37734810
37740728
37746810
37760240
37779192
37784617
37786647
37787989
37790507
37796813
37798782
37804332
37810529
37810949
37826134
37828765
37830772
37866267
37902439
37907775
37920664
37931345
37937602
37938624
37947339
37950927
37952617
37955006
37960621
37964509
37971832
37978349
37989843
37993089
37996449
37999288
38014633
38018246
38019919
38038326
38043086
38046471
38063140
38071900
38074888
38089619
38114218
38115312
38116676
38120490
38122152
38144602
38149867
38151479
38156233
38158802
38160813
38184779
38186350
38200249
38203145
38217570
38243767
38245376
38250760
38257897
38291648
38303160
38316199
38328495
38331238
38346308
38356055
38365899
38374399
38395513
38417332
38419445
38425136
38441301
38444615
38446562
38451735
38455686
38466151
38466520
38468361
38482193
38487039
38487754
38489147
38494103
38495827
38515660
38521395
38525829
38525966
38528955
38529121
38532571
38532636
38534823
38541771
38559120
38574069
38576104
38598636
38602930
38608635
38616215
38629177
38633623
38641575
38649306
38651541
38663653
38686543
38699299
38706527
38707510
38717642
38737114
38748922
38757053
38761799
38764471
38768098
38771878
38772348
38772773
38774658
38791257
38797814
38798668
38813380
38813397
38814720
38815872
38828281
38841943
38854334
38865505
38873096
38914037
38915702
38917076
38924615
38925527
38927675
38929694
38933426
38938905
38942030
38943459
38948469
38950941
38962189
38972343
38974137
38975743
38987477
39007576
39009554
39012133
39015646
39020659
39040075
39053732
39055659
39070510
39091815
39099269
39103200
39106263
39106975
39114705
39121631
39125895
39127104
39136043
39142793
39145904
39147187
39148771
39155275
39168172
39170881
39172115
39192580
39213925
39219202
39222457
39230443
39240319
39244370
39246296
39248912
39257657
39259499
39260885
39261633
39263293
39264532
39265833
39269791
39273562
39283215
39287908
39297870
39302484
39303236
39309684
39324172
39343672
39347301
39350796
39351749
39351774
39357183
39360771
39364587
39365121
39374722
39378700
39384866
39392449
39394011
39397794
39403822
39407657
39424493
39432729
39445991
39457990
39459715
39473154
39496999
39505086
39514509
39518869
39525202
39534323
39540230
39544631
39561070
39561532
39572847
39575593
39578952
39584922
39590333
39610383
39617488
39617494
39624465
39628113
39638705
39643889
39649720
39662481
39669426
39674928
39691647
39693382
39702590
39706529
39709169
39713645
39713735
39714885
39718210
39726795
39730451
39738870
39741369
39743933
39749611
39772024
39783721
39786598
39795568
39802432
39803373
39807467
39809570
39811764
39814434
39816167
39822791
39825747
39840858
39846220
39850859
39852456
39862243
39899425
39914906
39918393
39918604
39923039
39927163
39935611
39938754
39950205
39966122
39968257
39968420
39995485
40001073
40008297
40011661
40013870
40021064
40024868
40042611
40047103
40053500
40053744
40056372
40061434
40067674
40067723
40070848
40086295
40093816
40100723
40131585
40133226
40136521
40138748
40152900
40155563
40162580
40163715
40165739
40170936
40178938
40180489
40186996
40195247
40198146
40201241
40205868
40218388
40222521
40222995
40236568
40242028
40253779
40280490
40286175
40299472
40303090
40307668
40335179
40342775
40362856
40385022
40389030
40408013
40413653
40416841
40424686
40433752
40440040
40448124
40459314
40465168
40477259
40490919
40492640
40500613
40501307
40506182
40508645
40515936
40520225
40526671
40535489
40546321
40552549
40554929
40558502
40579763
40587544
40599798
40600021
40620277
40642079
40643355
40685374
40717446
40737382
40742106
40755743
40775842
40827179
40828522
40840616
40873060
40878813
40896596
40913779
40915214
40915673
40916582
40916851
40920732
40920797
40926098
40948360
40953039
40967207
40967370
40968620
40975028
40980803
40983279
40988341
41000758
41002660
41011332
41026745
41027735
41030479
41033011
41036283
41043959
41045019
41048926
41049016
41052826
41055385
41055971
41060657
41061461
41062077
41064441
41068523
41070484
41076906
41078194
41079487
41110596
41132523
41133502
41148654
41152447
41155867
41156870
41160851
41164589
41167485
41172145
41172712
41172719
41175940
41176024
41176224
41183214
41186589
41189454
41196176
41199995
41207979
41217057
41220091
41232359
41240663
41241575
41247986
41249442
41268659
41273088
41275600
41277917
41282305
41288912
41291811
41300864
41311718
41314578
41349256
41362162
41362651
41363843
41367659
41369786
41369919
41373012
41373237
41373675
41387523
41390856
41391156
41392234
41405321
41420193
41433317
41451840
41453768
41476225
41490829
41495191
41507952
41512707
41519233
41521130
41523208
41540658
41544179
41559551
41570178
41570528
41576293
41577327
41586272
41623997
41624020
41628557
41633526
41640225
41673440
41677555
41678800
41680886
41683285
41698692
41716147
41728120
41739117
41741518
41748011
41753137
41759462
41764324
41767257
41778933
41780245
41780915
41782083
41792919
41797071
41822086
41822952
41825888
41826146
41840652
41857927
41865807
41871483
41875484
41882778
41884376
41891132
41923764
41925217
41931686
41935264
41950755
41953789
41956186
41966930
41974768
41977351
41982290
41988527
42009524
42012867
42013604
42015397
42017224
42018978
42021482
42023815
42029207
42031219
42038322
42041330
42061851
42062037
42070915
42071082
42076665
42079155
42100961
42106197
42112433
42112819
42116527
42116917
42117751
42124716
42125759
42129391
42136429
42139290
42139511
42141623
42142390
42146264
42152396
42166633
42173485
42205787
42222319
42222588
42227783
42240254
42257330
42264985
42281744
42284904
42294400
42303320
42334851
42340234
42342490
42349400
42350913
42373099
42389216
42401313
42409030
42411950
42413272
42432614
42440523
42440719
42441999
42462833
42471406
42476225
42479851
42484854
42487221
42494976
42496187
42503499
42503574
42536334
42543089
42548955
42557966
42561968
42583768
42598859
42601265
42603097
42610027
42613813
42615497
42623947
42626842
42634346
42650477
42659463
42663420
42666509
42671891
42673919
42675085
42701009
42701755
42707402
42707648
42708530
42710453
42711203
42719096
42720600
42730082
42735984
42736565
42746141
42762465
42763960
42770370
42779471
42799730
42801570
42803216
42811405
42818613
42850743
42865007
42870047
42883776
42893379
42907414
42914484
42920532
42922279
42923034
42929491
42932583
42940755
42942953
42954526
42960457
42974509
42983570
42989222
42994360
42994369
43004952
43011014
43012007
43016782
43023386
43030984
43038881
43041212
43046169
43059497
43064056
43076176
43078359
43080785
43081350
43085727
43092523
43097016
43100196
43115761
43119429
43136270
43137970
43140080
43144377
43146278
43146759
43147139
43148685
43171061
43180831
43182202
43182849
43190832
43195815
43196088
43196902
43201166
43202184
43209217
43210826
43211410
43223066
43224574
43224847
43227246
43235957
43244146
43271318
43275044
43282723
43290029
43297334
43300824
43309199
43313848
43316116
43317654
43328240
43331159
43337505
43340569
43344654
43346176
43358301
43359627
43361655
43380300
43380821
43380900
43388027
43389619
43399591
43403901
43406051
43408184
43416184
43427267
43437124
43445717
43446627
43466038
43477654
43488965
43490842
43512716
43515868
43518107
43521386
43524376
43524377
43532662
43535621
43543866
43544353
43560028
43570430
43584288
43585462
43601555
43610742
43611959
43621440
43624262
43625755
43638089
43640018
43641950
43642332
43649033
43656514
43664096
43670980
43687521
43688643
43695572
43725045
43726219
43728941
43734336
43735192
43736713
43741311
43752933
43758673
43762845
43768617
43771822
43781878
43781956
43788823
43794293
43808967
43817704
43822486
43823977
43826625
43828583
43829010
43831346
43838705
43846178
43848009
43853992
43863677
43878741
43883061
43890735
43916927
43920887
43942260
43949042
43957632
43963192
43968309
43976623
43979104
43981358
43984312
44001196
44004466
44014156
44016508
44022194
44030184
44039244
44046023
44049112
44051391
44063131
44091448
44102189
44109949
44117596
44121846
44131380
44135479
44145114
44156508
44162695
44162819
44163862
44176046
44203631
44209190
44214850
44215507
44220336
44235953
44237584
44246106
44284919
44288237
44289168
44289453
44307311
44307821
44308644
44313550
44318305
44318678
44324008
44331522
44354848
44356913
44364114
44366821
44369591
44370590
44372916
44373355
44378762
44390332
44396063
44399833
44422285
44424906
44445968
44448821
44453012
44459035
44461582
44470757
44470989
44479609
44498644
44535320
44535975
44540233
44546723
44556440
44574788
44580904
44592217
44595093
44595642
44597461
44600482
44613220
44616220
44619491
44626700
44635703
44640664
44652965
44654710
44663358
44664933
44674072
44674586
44675452
44677904
44688867
44693789
44699119
44699325
44719664
44721347
44735036
44757332
44763442
44765531
44765692
44767700
44778849
44781467
44809953
44829929
44838357
44840933
44846777
44856678
44861005
44862944
44877580
44882148
44883359
44885230
44886574
44887588
44892421
44896002
44911966
44919582
44922693
44923374
44924579
44925101
44926245
44944974
44951627
44955137
44959476
44972036
44973581
44978743
45007464
45007658
45032770
45045232
45045846
45046414
45047617
45056639
45075007
45076654
45080442
45084936
45093072
45096426
45097394
45097718
45099870
45105080
45118857
45143277
45147102
45151357
45151378
45153803
45175653
45185298
45194991
45220402
45226580
45226654
45234009
45240967
45248537
45273093
45281448
45286951
45289134
45297337
45306163
45307188
45311106
45326815
45332657
45334171
45347357
45351013
45356440
45368003
45368544
45383286
45389202
45393561
45396656
45397577
45405629
45405733
45415090
45422157
45431690
45434131
45435939
45459549
45464275
45478241
45483030
45486584
45487968
45510409
45511146
45514293
45520724
45523182
45532130
45534610
45538343
45567911
45568496
45571725
45582472
45585134
45588481
45596381
45631044
45642676
45654357
45674825
45675472
45677541
45682615
45709441
45715321
45731307
45742227
45754440
45768481
45782072
45787533
45791351
45809698
45812804
45814296
45828272
45829557
45833050
45850605
45857887
45868764
45878692
45904545
45905550
45914579
45915402
45918036
45918235
45922011
45924763
45926337
45931297
45951089
45953762
45959821
45961839
45963023
45977375
45998520
46018372
46020797
46030719
46034213
46042500
46046362
46057844
46059682
46059786
46065102
46071732
46080621
46106931
46126444
46132119
46135402
46151874
46159539
46196956
46201472
46222183
46228807
46229002
46231119
46235437
46236323
46239909
46242017
46253433
46253866
46256239
46259630
46263489
46263703
46264158
46269633
46274646
46300696
46303698
46307896
46307980
46308548
46314689
46314968
46342209
46344839
46345245
46347525
46350475
46351585
46354931
46364797
46365896
46374374
46381891
46386789
46386880
46391598
46397671
46405489
46406478
46410054
46410145
46419527
46420576
46422646
46443531
46456073
46462428
46463116
46470720
46475224
46489377
46489822
46498671
46502651
46503518
46513519
46521649
46533966
46574088
46575488
46586313
46586769
46590832
46592514
46614781
46616996
46621205
46625042
46631896
46637599
46644687
46648631
46651166
46651406
46654184
46654541
46657536
46658274
46666310
46666389
46677091
46693060
46693938
46701004
46707151
46709119
46711620
46719839
46726425
46737375
46742815
46769446
46775276
46781783
46784703
46789773
46803186
46818269
46825804
46828024
46832244
46834003
46852056
46862124
46869277
46885973
46894894
46902152
46902311
46913722
46920368
46925909
46930775
46932814
46933549
46941693
46948886
46957203
46957541
46960353
46960948
46969840
46970120
46983517
46985438
46987026
46989072
46995903
47003482
47003996
47009921
47011635
47016185
47024552
47034292
47044985
47045475
47061330
47062511
47078114
47084222
47086507
47092373
47096608
47111032
47119152
47124600
47125091
47128632
47151293
47151562
47156255
47163722
47170467
47176789
47187256
47190661
47191204
47193392
47194058
47195365
47204707
47225647
47229245
47233250
47234616
47237169
47241398
47252728
47253617
47260007
47265129
47270873
47282077
47290462
47320775
47329493
47332968
47335485
47354501
47358168
47387472
47401008
47407033
47410131
47415532
47415595
47416984
47423036
47423955
47426177
47444010
47451195
47462092
47462933
47468329
47472407
47484504
47485205
47497506
47499712
47510222
47517849
47520036
47521639
47521645
47544451
47545476
47548181
47553136
47587772
47589972
47596899
47598754
47601244
47604706
47625427
47631402
47632818
47646039
47660549
47676705
47690809
47691384
47694368
47706063
47706351
47730243
47731008
47741597
47750947
47756590
47762576
47770848
47800191
47807954
47849522
47850316
47861105
47870346
47878652
47880019
47907527
47908416
47918151
47924160
47927029
47932990
47939618
47943506
47952006
47965265
47968650
47978712
47987334
48000783
48005562
48020274
48021457
48024715
48025615
48038147
48039893
48052234
48067238
48067273
48099727
48104103
48113072
48115709
48125766
48126865
48137283
48137513
48155021
48164895
48167058
48168307
48180234
48187599
48190996
48195089
48204795
48242400
48250769
48270624
48274485
48282965
48285235
48296233
48296526
48298422
48302580
48308976
48311598
48313264
48314875
48317766
48321511
48323665
48328090
48333494
48342476
48354363
48358392
48361659
48368374
48384958
48385031
48385366
48389876
48408359
48410964
48412969
48415768
48417150
48422099
48423368
48436463
48438820
48447897
48448729
48464339
48478090
48483429
48485747
48499398
48512668
48526083
48528005
48529745
48535505
48565132
48580849
48594698
48605628
48611583
48616461
48624037
48629211
48631459
48633235
48644949
48646221
48659037
48671368
48672523
48674975
48684359
48687046
48692931
48694920
48695420
48695559
48696562
48710093
48710387
48710483
48717514
48742244
48745679
48754245
48780867
48788008
48791865
48793179
48796713
48798239
48803863
48804939
48816147
48826113
48844901
48859868
48862745
48864721
48865629
48881110
48885040
48885237
48886993
48887922
48888125
48891227
48907063
48918407
48920276
48924395
48929983
48937608
48941635
48943510
48951149
48952271
48954308
48965547
48965708
48991648
48997618
49006951
49011689
49020296
49026994
49029342
49058721
49066710
49093639
49100369
49103101
49103610
49112494
49124429
49147256
49152160
49153971
49154165
49158990
49160777
49160937
49165672
49170278
49184944
49217736
49223180
49233176
49238952
49239931
49265150
49267163
49275275
49284034
49294061
49294453
49294860
49298432
49299793
49300004
49302319
49310164
49312099
49315819
49315976
49327861
49342619
49351584
49356963
49359801
49366006
49381001
49381256
49400236
49406011
49421195
49464928
49471416
49477242
49483167
49485483
49490698
49495417
49498809
49536818
49548238
49554519
49555502
49555710
49558979
49560727
49569607
49571278
49584919
49592973
49595113
49606928
49623266
49626438
49635011
49637337
49663785
49663853
49664056
49666838
49671220
49676679
49678023
49681868
49683550
49687374
49693220
49710009
49713050
49714477
49729547
49737584
49748087
49756275
49762242
49764845
49776767
49830311
49834312
49840864
49842846
49850215
49851935
49855617
49872165
49873056
49897656
49901072
49905515
49911547
49914534
49925467
49925899
49929087
49932679
49934531
49936207
49941770
49945233
49949249
49959918
49961581
49963476
49966185
49981911
49985504
50000431
50010831
50010975
50017209
50034125
50036835
50069010
50075400
50088737
50094916
50107856
50116003
50135055
50137342
50143668
50164909
50165671
50169137
50172742
50179720
50184290
50190550
50204300
50212563
50215110
50229974
50234173
50237187
50242060
50245014
50269875
50274935
50286889
50301988
50305754
50306094
50306524
50326361
50328715
50335664
50339400
50340106
50343403
50351511
50397007
50399657
50400336
50405874
50412458
50416535
50418204
50419743
50421135
50424567
50434374
50442970
50452281
50452634
50455286
50458639
50459829
50478661
50483466
50483871
50483899
50497268
50515109
50515928
50517351
50519210
50519334
50523049
50538873
50546019
50549292
50558732
50560482
50568200
50574926
50575277
50593030
50595388
50603378
50603808
50611170
50612527
50615832
50618456
50622497
50622825
50631924
50644838
50660884
50664258
50674370
50676578
50676847
50684344
50695590
50698339
50703306
50703933
50706697
50714020
50731634
50736452
50765499
50769154
50770450
50778406
50785057
50786325
50805874
50806335
50810514
50813015
50817565
50826747
50830420
50831568
50831638
50841436
50850846
50861488
50875277
50875279
50892007
50894437
50896648
50912439
50918088
50918188
50928646
50936714
50958436
50966694
50979583
50999708
51003515
51013003
51013113
51041640
51055518
51060956
51064355
51071619
51092948
51096018
51096417
51100854
51102101
51104194
51109318
51113711
51120188
51120449
51120750
51123957
51126756
51128631
51133135
51139718
51145558
51162113
51164263
51164546
51171185
51174149
51184547
51185439
51229580
51234675
51242999
51275174
51277320
51279870
51288447
51291359
51301716
51301964
51306270
51311615
51319091
51321331
51327984
51331944
51339753
51356301
51366504
51401495
51423030
51427629
51429121
51430454
51431675
51434761
51447095
51447163
51451733
51456318
51475402
51477450
51508024
51513763
51523453
51523732
51524523
51531406
51548201
51564407
51568247
51570771
51590418
51605217
51606709
51632493
51660865
51676295
51688619
51696028
51702898
51713024
51718396
51738973
51750881
51755711
51760817
51769616
51769874
51771376
51784559
51791752
51796876
51799725
51802350
51802642
51821767
51825863
51831234
51834670
51839519
51854076
51857393
51858162
51859138
51863607
51867723
51872219
51882352
51903825
51906043
51919511
51920022
51921810
51929991
51934906
51944902
51945260
51947607
51960827
51960830
51961345
51967427
51970940
51983912
51990906
51999727
52002283
52006436
52007686
52007827
52016637
52024309
52032483
52040170
52046597
52046693
52055673
52077451
52080844
52088873
52095221
52100940
52111464
52115074
52119789
52120060
52123190
52125565
52133195
52152275
52155896
52159530
52160893
52161139
52167040
52184055
52186476
52191837
52198728
52226382
52230656
52231546
52236095
52242904
52245930
52250362
52250392
52250657
52252545
52253947
52261412
52265906
52272563
52283109
52287967
52289489
52297950
52307372
52309603
52317658
52337375
52338641
52345431
52351771
52353650
52356228
52358377
52377581
52384610
52401471
52403076
52409243
52413271
52415819
52440671
52450453
52452774
52461146
52462796
52473998
52483855
52499481
52507618
52511198
52513011
52516602
52518410
52524843
52558497
52560932
52566028
52573224
52579507
52580291
52584933
52601375
52612506
52629420
52632664
52644831
52648115
52649336
52652982
52657649
52662022
52673831
52674990
52675555
52686749
52694240
52694803
52705734
52710626
52739554
52743667
52744037
52759276
52773373
52773727
52775987
52793137
52804386
52808244
52820093
52832792
52835162
52852713
52865043
52865401
52868774
52871135
52898264
52907435
52921899
52921968
52923125
52929654
52932742
52948019
52950570
52954780
52956325
52959718
52970249
52971102
52977825
52982515
52982916
52989565
52993975
52995993
52996529
52997108
53011517
53019392
53020221
53020696
53030475
53032557
53037871
53038538
53048501
53054766
53057642
53072008
53093394
53101461
53106074
53109059
53122199
53126216
53127410
53136004
53144361
53160694
53161675
53170586
53175936
53185480
53192081
53196688
53202338
53210594
53214360
53222887
53234271
53255022
53256824
53263934
53272721
53288324
53290820
53296553
53320934
53329190
53335802
53336345
53338250
53351878
53357964
53361140
53363029
53384117
53385751
53386803
53394824
53397909
53398532
53398622
53399612
53401069
53405389
53406155
53414752
53417343
53419839
53423986
53428761
53464806
53470640
53485885
53496590
53498588
53506898
53519059
53519999
53523656
53529431
53540502
53541631
53549238
53552581
53553015
53555126
53556637
53579842
53591282
53593453
53609660
53611046
53615007
53616366
53622859
53623221
53627195
53643334
53647295
53649287
53650646
53665608
53669783
53673905
53681434
53684556
53685826
53696501
53708634
53709931
53719254
53730849
53734431
53735052
53735464
53736670
53750413
53753992
53754065
53761540
53762444
53769057
53770368
53770620
53777346
53777685
53780097
53817911
53819627
53854859
53862278
53864308
53872628
53872666
53892147
53899114
53901071
53906231
53909640
53911771
53914270
53921774
53922622
53925630
53926133
53928486
53939608
53942316
53945199
53946099
53963519
53983397
53986024
54000406
54001964
54009634
54013957
54015765
54017970
54021810
54023753
54026192
54035846
54041339
54047332
54055212
54057250
54060561
54061421
54071603
54075071
54083659
54091446
54109433
54111288
54114384
54124461
54129490
54131332
54137199
54163356
54164847
54166620
54166876
54170492
54172772
54191744
54197956
54203582
54211824
54218547
54225875
54229032
54235187
54242600
54246484
54249857
54250645
54251271
54252192
54255634
54266338
54267158
54270200
54293709
54303338
54303756
54304661
54318115
54321816
54339563
54346955
54350229
54351588
54351663
54352429
54355024
54357575
54365905
54369506
54375360
54390734
54394328
54395129
54426857
54431155
54437646
54439636
54441158
54441838
54459630
54462130
54467784
54481103
54487519
54517452
54520716
54533017
54533631
54536331
54547218
54555420
54556126
54560934
54565272
54587473
54598307
54600079
54609775
54619818
54627974
54631305
54632442
54684278
54690269
54694269
54696510
54701856
54738933
54748280
54758110
54776006
54787226
54790817
54795424
54799470
54804118
54820361
54847519
54849572
54853171
54853412
54853653
54854091
54857336
54864001
54874295
54877621
54895279
54897407
54897545
54904106
54923442
54936115
54936679
54945032
54957743
54988911
54993834
54995077
54997800
55015251
55025168
55038071
55049693
55094886
55096697
55098581
55112915
55114279
55118684
55119780
55139572
55152873
55157267
55159899
55180362
55193400
55206463
55242576
55248034
55255250
55257269
55263848
55270385
55282182
55284261
55288852
55289090
55292408
55294205
55297735
55299236
55301921
55303052
55317183
55321135
55324475
55326638
55339143
55345256
55365087
55365810
55367512
55381038
55395859
55396820
55397366
55398497
55410317
55412313
55421243
55432775
55435111
55439468
55440755
55443297
55443648
55446170
55446398
55449017
55450591
55474225
55476183
55477666
55478234
55480141
55486123
55507128
55511212
55511762
55513208
55522281
55571288
55573066
55601729
55606110
55609970
55619772
55667998
55679918
55681557
55682758
55686845
55688759
55690112
55696936
55733359
55748798
55757583
55760433
55766362
55779019
55782966
55798222
55812359
55839027
55843599
55845602
55846171
55857605
55866439
55892093
55905762
55910453
55916929
55927720
55930015
55931384
55938556
55947931
55948182
55952214
55953557
55959100
55975996
55995980
55997760
55998438
56007932
56008784
56010767
56031748
56053204
56069207
56074433
56092621
56102764
56105109
56109619
56128995
56141858
56143468
56169539
56173962
56179368
56181412
56184292
56184361
56185934
56187109
56212056
56214158
56215722
56223154
56224305
56224565
56227024
56231418
56254255
56261944
56263804
56272671
56283583
56289240
56301784
56305021
56307116
56316768
56326163
56336969
56338870
56339580
56343676
56346880
56350158
56357861
56362127
56379563
56379573
56400169
56402750
56403684
56411673
56411959
56418055
56439476
56441625
56446053
56446847
56448848
56450690
56453105
56453251
56459463
56459518
56463854
56468089
56474351
56475622
56481883
56483871
56491094
56508851
56513982
56518661
56520443
56521484
56527671
56529057
56540164
56543349
56551636
56566791
56567598
56571003
56573248
56578200
56583050
56588815
56597048
56614264
56615055
56639282
56643439
56656284
56658182
56669327
56677733
56689646
56701808
56716589
56726652
56733512
56748214
56761358
56763040
56764275
56773720
56778199
56781829
56790556
56794816
56807483
56814378
56818056
56823012
56829857
56832949
56834071
56856918
56858325
56860149
56866588
56867310
56870526
56881818
56883872
56884619
56886446
56890188
56894243
56901270
56910223
56911976
56913903
56938042
56939145
56946549
56963028
56964626
56977595
56993431
57001263
57016826
57031902
57045865
57049706
57055736
57067272
57067878
57069298
57085622
57088875
57101206
57145377
57145734
57171523
57172893
57179045
57194652
57198681
57214382
57218124
57232786
57232888
57244565
57272149
57285642
57291234
57293721
57301422
57311366
57315812
57316739
57322496
57326701
57331193
57343841
57345034
57347250
57353208
57366479
57370944
57379210
57380307
57385729
57399496
57403486
57408386
57418104
57423557
57431670
57432132
57453796
57464823
57471967
57498467
57510334
57511277
57517557
57528206
57539729
57553567
57555678
57560713
57563873
57574259
57579176
57591746
57592173
57596031
57604259
57605033
57623250
57625188
57628830
57629908
57635202
57637861
57641220
57641301
57644634
57645556
57646884
57649658
57650707
57650874
57660399
57661278
57667294
57667453
57673090
57674108
57691455
57691509
57692929
57698205
57704640
57708978
57718411
57731124
57743930
57754988
57757654
57757850
57760852
57803262
57818639
57820657
57824378
57831192
57837272
57837372
57848089
57848979
57851476
57851751
57861120
57861952
57876352
57879021
57882000
57899021
57903764
57910361
57912159
57933385
57937126
57944980
57962235
57966847
57981840
57997562
58005464
58006235
58015944
58016283
58017114
58023527
58035121
58037289
58051021
58055218
58109685
58113217
58116577
58121714
58123163
58146360
58157132
58161944
58182340
58214617
58218050
58218817
58239533
58240786
58241316
58257557
58261286
58267620
58283662
58289268
58309583
58314263
58327151
58329769
58372076
58375265
58407893
58418141
58423759
58432329
58434445
58444465
58449807
58462680
58465981
58469955
58470488
58477945
58484106
58484285
58484589
58488048
58517471
58520595
58525081
58525877
58526789
58530121
58532348
58532587
58537758
58540843
58544454
58546107
58552222
58556936
58559306
58560074
58583083
58605929
58608868
58610639
58613511
58619231
58624013
58629052
58630894
58639818
58645058
58654613
58671685
58675597
58703040
58710083
58721739
58734876
58749190
58752368
58753718
58755422
58769912
58774499
58785841
58787202
58788122
58793605
58794538
58799160
58802431
58809614
58810315
58810643
58819360
58835359
58841042
58842928
58844258
58858648
58882116
58888714
58903393
58904553
58926851
58930339
58932243
58939084
58941713
58969730
58998611
58999791
59001670
59004925
59029355
59036427
59042232
59043549
59044322
59060808
59087614
59088327
59092557
59107825
59109762
59113216
59123462
59123590
59143961
59146709
59153530
59179389
59180177
59187009
59197499
59199788
59199979
59207755
59209681
59210504
59221252
59223779
59231017
59238041
59241736
59245361
59246040
59256974
59263706
59264820
59281205
59283075
59286037
59299435
59315316
59327377
59335181
59341496
59347585
59347802
59362774
59387204
59391062
59397660
59405684
59411205
59411980
59416544
59418186
59419242
59420513
59423237
59431814
59435351
59435436
59438344
59446495
59454294
59463314
59464898
59475024
59477184
59491428
59493021
59507725
59509113
59512034
59513190
59523969
59524794
59531170
59538403
59539072
59540661
59547186
59560988
59562994
59573299
59581557
59582357
59591631
59592377
59593721
59609006
59609663
59610314
59613477
59614859
59624726
59629174
59643679
59647280
59662234
59677961
59681036
59695564
59695804
59712071
59713879
59717001
59719573
59732199
59744005
59769183
59781979
59810753
59826854
59849381
59850044
59874859
59881002
59886490
59889367
59899055
59900762
59907669
59907875
59923447
59925901
59949438
59950912
59959057
59965418
59967231
59970117
59978024
59988267
59992780
59998657
60009037
60025175
60029710
60039370
60039687
60055014
60059572
60061572
60062198
60082118
60095484
60102774
60102996
60106039
60106058
60106317
60111324
60115806
60116015
60135079
60144522
60151318
60151795
60157476
60164991
60178500
60197917
60202929
60206346
60214044
60243055
60255546
60258221
60268678
60269632
60273458
60279168
60285178
60311381
60311609
60315199
60333731
60341936
60349307
60353607
60377729
60394973
60424461
60450560
60452274
60455077
60455416
60457218
60461203
60464150
60491071
60493915
60498377
60511238
60517376
60524932
60536935
60542578
60553171
60558334
60565359
60570198
60574175
60574558
60576371
60587485
60596318
60599378
60603518
60607543
60611519
60620480
60621309
60624345
60627518
60627635
60629617
60643718
60650584
60660762
60661474
60674781
60676888
60695633
60711656
60717981
60720425
60733212
60743483
60750131
60759617
60762064
60777358
60780904
60781857
60797419
60812075
60814112
60826349
60843699
60844676
60891350
60901208
60908504
60918589
60918796
60925532
60929575
60930328
60947818
60951536
60954419
60959771
60963793
60974348
60989648
61006058
61024942
61037362
61042640
61044800
61048179
61051250
61051460
61063251
61067516
61068614
61072652
61074113
61083801
61084550
61087023
61092176
61106714
61126080
61137002
61137292
61138372
61138532
61141223
61142788
61145884
61148223
61158780
61175888
61182365
61183062
61184862
61185478
61202722
61211051
61214422
61219963
61244000
61252050
61263793
61268566
61269423
61272249
61297380
61305502
61310349
61319603
61319784
61320332
61332122
61338632
61342150
61354483
61360329
61366599
61398578
61404203
61406651
61408949
61409942
61411426
61412582
61421150
61425228
61425532
61434889
61441881
61444572
61447282
61455009
61465564
61467815
61473044
61476256
61498087
61498284
61499927
61500168
61503608
61514973
61527301
61542609
61544412
61549819
61553253
61553936
61564097
61577317
61586587
61593369
61600541
61606366
61606573
61615097
61622988
61625469
61636822
61644625
61647014
61647442
61665416
61667329
61676766
61681076
61684937
61693431
61701213
61701527
61704694
61711068
61717356
61725280
61727302
61730887
61746109
61770578
61779331
61790777
61791022
61795490
61806597
61815901
61818807
61819432
61827889
61841198
61843471
61848013
61856640
61875643
61877714
61887012
61888763
61892926
61895278
61920167
61921647
61931377
61938273
61938308
61953447
61956942
61957817
61965676
61972781
61977830
61980663
61988776
61991255
61997852
62001995
62004039
62010792
62018791
62041189
62054765
62058839
62066410
62100960
62105791
62116431
62116590
62130914
62135016
62158711
62159048
62160768
62162600
62173835
62182195
62184784
62206476
62208953
62211772
62214596
62223737
62226805
62229584
62230667
62233714
62248541
62254939
62255111
62272796
62273416
62277711
62282832
62284021
62290949
62291820
62293289
62301853
62311813
62315786
62320346
62320795
62327561
62339900
62346111
62354379
62356104
62359702
62361478
62367875
62374347
62402344
62403905
62406140
62410762
62411003
62412676
62417787
62418249
62425999
62448107
62449669
62466401
62482763
62490637
62490827
62498352
62503739
62505676
62505696
62507129
62520745
62523360
62526052
62527272
62541790
62555290
62555307
62559912
62567854
62580372
62599322
62604913
62608165
62613585
62616123
62620881
62625903
62640190
62640810
62641234
62647291
62677138
62680868
62688162
62699608
62706009
62706273
62708196
62737396
62737502
62738514
62742172
62744479
62752399
62759841
62771346
62771966
62783068
62796329
62796655
62803865
62816325
62832162
62832309
62834571
62841034
62849500
62863920
62883851
62888620
62893210
62902299
62903333
62904346
62908432
62910072
62921213
62921964
62921997
62942211
62962480
62964885
62981658
62999291
62999681
63004937
63005429
63011415
63019681
63020745
63020875
63042904
63056805
63076148
63078645
63079930
63080112
63094657
63098014
63113148
63123241
63126602
63131434
63132305
63139040
63141588
63144432
63151962
63162542
63164263
63165399
63179954
63185355
63192513
63194129
63202181
63205762
63209262
63213448
63213459
63218824
63221968
63223366
63225693
63230046
63235199
63242633
63246540
63246663
63252739
63255557
63257046
63269270
63269640
63271306
63275262
63284614
63290198
63311564
63319665
63324263
63334798
63346402
63358211
63360939
63374659
63377646
63385106
63391445
63393340
63405371
63418186
63424536
63440840
63442164
63457164
63457906
63458170
63464886
63467051
63468017
63475841
63477870
63481276
63483600
63486004
63487010
63489167
63495280
63511987
63517108
63523134
63527454
63533662
63538599
63550052
63558049
63562187
63566053
63575808
63577940
63589820
63591778
63597432
63600722
63600909
63605243
63605951
63608085
63609846
63611104
63619351
63624746
63630205
63655658
63677284
63679127
63702156
63707936
63709793
63709898
63712532
63714310
63733254
63739435
63749887
63756579
63788429
63799334
63807854
63818562
63840025
63840472
63845596
63861258
63862191
63877437
63880500
63888016
63888452
63890702
63894075
63900757
63901645
63914520
63935018
63955795
63963222
63964519
63990447
63995862
63998908
64006815
64007686
64016944
64027511
64027548
64038874
64044842
64050864
64055436
64060095
64061554
64077336
64077510
64079580
64082175
64085762
64100192
64102223
64108896
64116119
64127385
64130412
64151532
64155583
64158943
64160913
64163322
64163757
64166901
64171445
64171674
64177025
64181030
64191053
64193542
64195102
64201386
64204790
64208348
64229278
64236445
64242497
64259121
64261669
64261684
64269493
64275871
64277779
64281399
64288105
64289079
64294795
64301445
64304221
64308715
64316221
64318041
64320784
64321929
64327748
64339092
64340863
64366014
64368442
64380512
64382259
64384459
64397423
64398011
64417436
64419179
64420128
64420518
64437722
64441899
64444037
64451625
64452937
64452990
64465389
64465499
64471010
64475765
64479166
64479745
64481719
64489571
64496262
64500293
64503801
64534544
64553115
64557776
64587080
64601916
64613665
64618654
64639342
64646725
64660670
64662070
64671461
64682850
64684855
64688531
64694078
64719181
64729188
64741834
64743945
64749170
64764684
64766470
64771977
64777585
64784164
64789895
64797991
64811970
64819743
64820748
64824386
64834789
64839260
64846821
64850528
64851927
64852212
64867372
64872145
64872961
64876806
64881598
64892580
64908309
64909514
64911141
64914251
64924220
64939934
64951783
64952867
64967245
64973227
64977529
64979162
64983210
64987872
65007742
65007888
65026977
65032693
65041968
65052964
65056938
65072649
65080283
65090417
65115075
65120371
65127167
65134989
65146064
65146571
65149368
65173892
65176261
65181663
65182770
65184481
65186806
65189449
65213414
65223358
65229968
65242131
65242669
65251715
65255442
65282633
65284005
65288182
65293464
65294717
65295583
65305682
65306853
65314525
65314646
65323813
65326329
65329153
65330604
65342831
65350876
65365531
65367777
65369228
65384049
65413066
65425415
65433740
65438733
65447364
65449186
65450509
65452929
65475816
65476945
65477479
65497723
65498602
65500819
65502613
65517505
65521864
65541805
65544168
65602024
65603546
65603791
65616803
65620135
65628296
65630218
65631660
65633303
65634869
65636427
65637691
65664157
65668198
65672862
65676325
65686805
65692698
65696540
65702697
65704210
65707247
65709034
65717050
65721558
65723030
65730471
65735496
65744694
65753100
65753600
65779146
65781167
65805848
65819749
65829638
65831427
65831752
65834521
65839539
65843985
65847237
65847591
65850567
65856961
65868541
65870212
65870924
65878023
65887467
65889182
65890611
65892687
65897060
65912549
65926295
65938776
65939389
65940262
65951749
65960851
65965536
65986885
65987961
66008221
66009179
66009743
66018879
66027839
66034753
66052093
66055450
66063094
66080723
66093987
66094068
66095896
66113056
66114824
66124429
66124431
66127986
66129421
66131420
66136212
66136456
66137432
66138009
66139473
66142721
66143949
66147307
66161314
66162469
66164754
66169667
66171926
66172669
66177213
66194812
66206799
66210079
66236029
66237510
66239633
66241156
66242430
66260772
66269467
66271010
66290082
66291742
66317405
66318694
66327456
66339771
66347231
66347959
66347970
66356583
66375593
66378403
66378560
66382716
66385159
66389316
66400689
66413365
66418195
66428839
66430693
66434037
66443598
66445394
66446398
66448931
66453954
66462586
66477657
66477900
66489252
66495497
66500917
66507858
66509292
66510319
66529978
66531843
66546188
66547743
66548486
66555502
66559511
66559904
66581019
66588758
66594482
66602044
66610599
66627873
66643137
66644377
66651261
66696772
66710323
66712977
66719833
66727848
66752852
66754724
66758092
66766201
66766725
66772883
66792550
66803294
66821717
66827584
66827850
66837698
66838958
66848546
66851354
66867502
66875287
66879949
66886421
66891954
66896353
66899158
66907425
66914175
66915064
66915941
66938881
66971100
66978455
66981821
67021037
67022428
67029709
67031129
67035281
67035713
67041714
67042484
67051606
67055462
67075939
67079718
67087312
67092631
67118772
67141014
67142645
67143885
67153477
67161196
67165042
67174752
67178680
67183960
67194150
67207117
67209585
67215501
67218235
67224640
67241589
67244684
67257313
67263696
67264510
67274036
67279557
67279625
67280292
67283250
67283702
67286476
67295133
67297047
67302145
67306601
67313365
67328662
67343700
67343746
67346916
67349584
67354110
67355899
67356875
67357835
67369230
67370553
67371541
67384630
67396647
67400806
67412085
67437672
67440902
67442276
67448022
67450090
67471647
67484750
67486068
67494363
67499155
67501568
67501619
67515639
67547851
67558574
67562434
67572590
67586180
67586524
67588335
67591336
67603416
67604666
67619577
67631644
67631953
67634303
67635780
67639993
67644775
67660289
67662462
67667193
67669560
67691319
67694633
67694880
67697175
67727445
67730588
67750107
67750295
67754685
67758363
67762078
67773936
67780702
67788807
67796309
67802191
67802738
67807204
67808884
67817649
67823156
67837223
67837472
67837507
67846965
67851957
67853390
67858045
67866468
67872030
67873955
67875914
67879441
67885843
67885912
67889902
67891645
67893765
67916305
67917245
67919184
67923264
67938206
67943544
67945588
67948072
67951069
67951935
67953544
67954629
67962714
67962938
67975004
67980984
67984785
67985624
67988986
68001106
68002621
68006061
68014413
68018323
68025530
68025613
68030893
68031173
68038738
68042174
68046343
68048246
68050460
68052594
68060571
68064739
68078403
68102106
68102604
68105179
68113644
68120396
68125647
68139484
68140117
68149527
68155348
68158135
68168029
68168339
68171264
68175434
68180954
68185308
68185622
68192342
68195727
68200166
68202757
68215302
68222627
68236001
68254732
68258722
68268868
68274872
68277992
68294861
68303466
68312787
68316087
68318239
68322023
68337367
68349894
68350010
68357031
68360777
68361122
68362902
68364377
68369063
68378134
68390362
68398460
68401055
68406940
68409318
68412393
68419259
68427487
68433766
68454048
68460493
68463174
68483106
68495273
68503924
68506831
68507180
68508219
68524907
68531165
68546942
68548575
68549269
68551370
68572804
68577987
68590489
68595432
68620459
68622236
68627543
68627784
68631135
68631234
68690512
68698516
68708613
68714263
68724885
68749628
68757477
68760935
68769145
68770334
68781867
68807505
68811849
68832279
68836369
68850224
68851135
68863813
68866318
68881126
68882717
68887213
68901101
68904201
68911645
68947080
68949923
68951684
68956837
68961696
68962822
68968953
68981833
68986181
68988618
68989482
68990330
68990384
69000928
69001393
69005122
69013236
69015843
69020011
69060608
69092236
69097993
69102006
69113155
69117262
69120766
69128770
69138207
69139186
69142360
69143241
69145743
69148068
69148398
69157929
69189267
69198126
69199233
69202910
69212341
69215448
69221845
69226305
69234594
69257403
69269167
69269820
69276786
69280190
69309070
69336585
69353339
69359950
69364345
69379912
69382691
69395130
69400487
69403131
69406928
69430497
69439769
69442928
69454265
69463532
69466717
69480333
69480789
69484515
69492591
69499660
69510848
69511331
69527214
69529144
69540011
69546994
69566877
69570246
69574189
69577531
69584080
69586368
69601834
69604030
69621347
69624699
69627005
69644373
69652542
69658402
69673247
69674253
69685920
69687192
69693379
69698291
69701444
69706199
69721343
69722148
69725102
69735379
69736231
69737814
69739158
69741482
69741748
69747331
69748226
69756401
69770646
69780373
69797457
69800982
69804422
69816104
69818329
69832116
69835805
69837453
69851685
69851789
69853550
69854221
69857731
69858305
69858393
69858662
69882612
69886320
69892952
69896083
69897144
69898113
69900909
69914191
69925245
69929210
69930896
69932508
69934098
69945918
69951915
69954771
69967904
69974639
69977724
69988930
69992548
69994734
69995374
70008246
70010997
70021092
70032846
70033046
70035905
70082411
70082885
70099504
70101459
70107661
70107942
70113970
70128277
70129179
70138224
70147459
70155884
70157714
70163947
70164837
70167940
70169170
70170553
70178458
70182320
70185255
70205528
70210835
70224747
70229682
70231556
70237533
70239745
70243736
70246022
70262739
70264408
70266253
70272038
70278349
70279827
70283333
70311053
70316198
70320280
70323631
70328004
70335286
70356004
70374089
70378910
70390072
70391499
70397958
70400703
70402563
70409416
70419846
70420516
70424519
70459167
70472565
70473362
70486899
70497156
70512820
70513769
70518716
70520062
70521621
70522196
70522500
70523011
70525369
70531098
70549101
70554533
70558357
70561250
70568952
70569570
70597650
70623950
70627301
70655951
70674857
70675479
70676795
70683621
70689364
70691351
70697186
70708200
70722424
70722799
70725298
70733552
70741913
70746796
70749429
70757966
70763269
70777034
70777500
70778835
70795644
70821888
70824750
70829828
70835785
70849309
70854150
70856034
70859568
70862613
70865682
70886151
70890159
70897406
70899252
70903339
70906020
70922626
70922744
70933090
70942061
70950279
70975682
70977299
70977550
70981029
70981126
71000725
71012228
71012543
71016695
71018774
71024501
71034276
71041620
71043605
71050107
71059147
71060821
71067987
71093936
71100698
71104038
71119821
71121090
71129710
71132083
71141489
71144431
71155026
71156618
71163417
71175395
71177451
71181249
71185518
71201325
71213572
71215161
71229015
71235758
71261171
71277519
71278654
71285665
71289754
71291732
71316247
71319544
71330325
71348075
71355395
71372059
71383272
71410039
71413296
71415536
71425922
71428079
71439383
71439556
71448619
71450707
71459877
71461191
71461281
71463322
71469063
71472792
71473007
71478752
71485247
71487445
71493679
71498582
71510449
71518661
71541288
71548643
71562284
71564737
71566127
71582351
71606993
71608735
71612878
71613360
71613418
71624502
71633309
71644911
71645639
71650253
71673184
71674733
71686824
71695520
71714212
71726991
71732381
71743244
71747916
71751330
71753737
71755680
71765336
71773244
71797364
71805509
71824164
71826103
71831303
71833455
71834502
71837690
71841659
71853372
71857133
71879068
71880331
71889303
71896647
71904961
71905799
71925714
71929857
71929951
71947085
71951337
71979790
71985132
71986974
71987230
71990640
71990649
71994249
72019577
72022205
72031426
72032915
72046228
72062544
72071250
72098868
72122669
72138097
72141974
72146659
72158586
72162504
72170192
72173983
72181105
72182587
72190065
72194581
72198025
72200711
72216725
72216904
72222575
72225658
72226789
72236377
72248676
72252892
72254243
72261823
72267934
72279432
72299212
72352330
72363451
72369969
72371338
72378276
72386825
72415445
72415704
72432098
72445116
72452752
72460719
72465711
72470140
72474157
72488036
72495905
72499755
72505869
72518591
72518753
72528646
72535810
72552846
72556120
72568065
72569578
72570515
72572478
72619123
72636405
72645031
72646598
72657987
72670687
72672451
72678284
72678551
72687137
72697752
72702200
72702594
72704258
72705366
72708356
72709115
72710958
72718237
72727409
72729466
72740107
72743047
72752600
72753661
72782262
72786759
72787891
72789476
72813252
72845182
72846062
72849427
72866276
72873219
72897627
72909634
72910135
72918181
72923960
72928949
72936158
72956760
72959891
72960334
72961862
72972470
72973791
72975058
72977149
72991278
72996307
72998204
73006853
73014736
73019002
73024800
73032035
73044812
73057186
73062104
73064685
73065196
73066304
73067095
73072034
73080609
73082065
73089861
73103012
73113766
73134191
73138675
73143789
73151727
73155050
73161131
73166298
73170801
73179084
73183909
73188807
73192554
73208025
73208302
73229564
73240113
73240798
73243273
73243904
73246824
73248869
73272292
73276144
73278974
73282619
73286331
73296741
73300297
73342788
73342922
73360591
73360931
73380086
73381367
73403306
73416185
73420431
73447748
73453905
73454289
73455473
73459704
73467925
73471158
73474066
73474136
73485910
73493581
73494801
73501288
73509403
73535250
73537600
73538407
73543664
73567053
73567179
73590160
73592954
73595657
73615369
73632857
73634697
73638078
73645772
73656531
73656540
73661278
73662206
73664220
73678289
73685684
73697550
73700934
73703240
73709163
73720088
73722384
73730134
73732741
73748471
73751125
73772328
73774485
73776479
73778165
73787733
73793096
73802222
73809218
73824912
73828940
73836940
73846392
73849065
73854506
73856085
73860397
73869974
73879303
73881859
73884814
73890684
73917121
73922874
73932876
73936032
73939896
73954107
73955554
73973405
73982203
74011400
74013287
74013880
74033316
74038892
74051625
74065410
74077661
74108738
74121800
74125251
74128062
74128652
74128863
74129548
74136683
74139097
74143376
74149846
74153273
74155705
74155719
74163212
74163454
74169906
74181234
74201123
74206384
74215034
74217288
74217733
74219082
74219362
74249372
74249784
74258451
74259342
74266014
74280288
74282562
74291024
74294448
74324694
74325527
74326936
74330769
74341234
74350498
74350510
74357606
74360170
74374519
74395500
74407391
74409412
74417422
74421830
74427561
74430623
74448276
74457400
74457752
74469565
74474812
74483508
74490235
74506226
74517382
74523031
74523240
74525624
74534536
74544558
74550557
74553827
74554734
74576874
74582829
74590686
74597203
74599990
74601762
74632276
74635489
74643490
74652941
74660756
74665822
74689193
74707610
74708618
74716618
74720587
74735095
74739583
74739719
74747964
74753386
74754769
74754986
74755001
74759178
74761430
74762027
74763084
74772081
74789881
74791706
74821968
74825807
74830020
74837089
74837146
74849510
74852740
74857776
74859209
74860966
74878541
74879978
74891970
74899987
74922387
74953098
74964527
74973025
74983476
74991586
74996661
