For an array with 1000 items set in descending order, it took 0.013345173 seconds to sort the array using the bubble sort algorithm.

Below is the array after having been sorted by the algorithm: 
149674
156699
257722
261108
599754
604590
633053
720914
855396
903634
947995
1007035
1010796
1094071
1101951
1157987
1162310
1282284
1307693
1335056
1374902
1448903
1530849
1588692
1622612
1700245
1787452
1975352
2078260
2093692
2111509
2203306
2238599
2276534
2305820
2327287
2377088
2377837
2397977
2592597
2644983
2670932
2809953
2814404
2899382
2974277
3040850
3147221
3154329
3191087
3217087
3264687
3285084
3355400
3397722
3682712
3713779
3772316
4022922
4154578
4230312
4236057
4264421
4362199
4404084
4551611
4593109
4602907
4727950
4998577
5008448
5119750
5153421
5232315
5366006
5489379
5561531
5578689
5771812
5867178
5922654
5995700
6077133
6084536
6234374
6307324
6370921
6478975
6484703
6518302
6683284
6722621
6777019
7009836
7012034
7028765
7071774
7084324
7390767
7396900
7576799
7581641
7596643
7622893
7752951
7875015
7946036
7971397
8021971
8072520
8194878
8208859
8311257
8390359
8438507
8521660
8703849
8769903
8831765
8865028
8868389
8992141
9013722
9058559
9081911
9130318
9219818
9345355
9348043
9446615
9527175
9530286
9532925
9616141
9684895
9717197
9728772
9859935
9875940
9928782
9995498
10214329
10250744
10253224
10261475
10506369
10750521
10752884
10998958
11017134
11133870
11164525
11313632
11358670
11670844
11826533
11880645
12014672
12047393
12230295
12271159
12465643
12507968
12573816
12670304
12721343
12809466
12877378
12975081
13004662
13144366
13339693
13356696
13382869
13546748
13560272
13622425
13660554
13675630
13758981
13775295
13804351
13929488
13938792
13971063
14059689
14357735
14388508
14469826
14493578
14613984
14632288
14740720
14904699
15055507
15260372
15387467
15482139
15490779
15575438
15598000
15607591
15616598
15661987
15824025
16277305
16286598
16355650
16563301
16635990
16859303
16868157
16873140
17051328
17052436
17079287
17131564
17219344
17493330
17585818
17609053
17621021
17714665
17823632
17896762
17912529
18015807
18053506
18151136
18340939
18424579
18499236
18660116
18687707
18687922
18701737
18723300
18801531
19078801
19143653
19254737
19295171
19419225
19448322
19453407
19477069
19499090
19503410
19600854
19631035
19662697
19724440
19894836
19923992
20194273
20197911
20235841
20245448
20324567
20329892
20358740
20380359
20541442
20542325
20615379
20772815
20830005
21000383
21076114
21189859
21281937
21295130
21329463
21500854
21549728
21662998
21682574
21707622
21779974
21839272
21839505
21873032
21980967
22044770
22097240
22189018
22213161
22299704
22479687
22512259
22530281
22554919
22664375
22783650
22937934
22975486
23006447
23092471
23106321
23265170
23398009
23475071
23600277
23655529
23995071
24029786
24260755
24262853
24269942
24363858
24489378
24625402
24660152
24721956
24839422
24891584
24901452
24969508
25006772
25116527
25170115
25246148
25346228
25352759
25388747
25423255
25727465
25777910
25781119
25858422
25942834
25975519
26051866
26085397
26214604
26308361
26324788
26380452
26494534
26853913
26858758
26869749
26883706
26907076
27033105
27037018
27141914
27167442
27167898
27200509
27393556
27462540
27840006
27920190
27974003
27997463
28088991
28091124
28122466
28136791
28159093
28182629
28295450
28362179
28383286
28466423
28506409
28516442
28533164
28554973
28575559
28584994
28594707
28652533
28821511
28908724
29125471
29183180
29299794
29359394
29378278
29426324
29445451
29589059
29653387
29740862
29785193
29804724
29882126
30021428
30041318
30052896
30118284
30157855
30168967
30183705
30312861
30346421
30360851
30411363
30477402
30533890
30634073
30670579
30785336
30800065
30898981
30930583
31017898
31063321
31087666
31193835
31265879
31279305
31290033
31581935
31595807
31687790
31694163
31752335
31779339
31799117
31820052
31842534
31903951
31989011
32019514
32103861
32202005
32258637
32295303
32336142
32494151
32533576
32533804
32621291
32643439
32755062
32812849
32833160
32857639
33157724
33337015
33416910
33678283
33737503
33765542
33872269
33982844
34022702
34068084
34160270
34163682
34312487
34326637
34353686
34360934
34385286
34428862
34522623
34624384
34719827
34778322
34793425
34800928
34811062
34912428
34942330
34964848
34972036
35031238
35173856
35185212
35254794
35276006
35304397
35462491
35632536
35706783
35803549
35847872
35851592
35860093
35882884
35906405
35997300
36062116
36114612
36134595
36359596
36393278
36503224
36529229
36576754
36591401
36644634
36693204
36838549
36895381
36914742
37072961
37102899
37206849
37225450
37262832
37415999
37444447
37453093
37463659
37489109
37530740
37618343
37677907
37678660
37701465
37774467
37795294
37879961
37936860
37968842
38057279
38080528
38151686
38170542
38198863
38220467
38254806
38259754
38277315
38422682
38427956
38485392
38498221
38545477
38896526
39135764
39246300
39313310
39338956
39368435
39537021
39544142
39576731
39759318
39803288
39832174
39876241
39882637
40070659
40154556
40176101
40292583
40306794
40315780
40374922
40383036
40434758
40533049
40586085
40690194
40754016
40794318
40803955
40992173
41014516
41066208
41334179
41358984
41367204
41388328
41466591
41530058
41573872
41755674
41804688
41877905
41903549
41929142
41941243
41967466
42035168
42065296
42118365
42125575
42142527
42155706
42158577
42299190
42331580
42373744
42386449
42440178
42456110
42508884
42616516
42766198
42766693
42851630
42915933
42927392
42987430
43022436
43126003
43288635
43312921
43527840
43606474
43660916
43705782
43705885
43779018
43942933
43959074
44143248
44162397
44183907
44261592
44335912
44449371
44486632
44498024
44501817
44668084
44701974
44756765
44885118
44910901
44947489
44957494
45104140
45292755
45320591
45328718
45523947
45540561
45740853
45756724
45781474
45795099
45866319
45916209
46029556
46073898
46402662
46460202
46488204
46598366
46716602
46739769
46798708
46887030
46946852
47015093
47082071
47184311
47189199
47248304
47388156
47412088
47529496
47584717
47690642
47722366
47848353
48037113
48099039
48231308
48301534
48343123
48422892
48457076
48495238
48511791
48607064
48629216
48743915
48820702
48821813
48828069
48962449
48991598
49061594
49133266
49187883
49384469
49533255
49547773
49557312
49567875
49597186
49771497
49819739
49840194
49922061
49935320
49965701
49992735
50449657
50532885
50545680
50549607
50556051
50559519
50568551
50767469
50837286
51034442
51039580
51103245
51181574
51246215
51363503
51408007
51779903
51816355
51851872
51972409
52161183
52218571
52468147
52488936
52783316
52814340
52955052
52996783
53049578
53182385
53187719
53270892
53340010
53388852
53397262
53403043
53426593
53439700
53537485
53560035
53761808
53799578
53857263
54015191
54049153
54087195
54198140
54256589
54316877
54475931
54599517
54675567
54733640
54808009
54915837
54975800
54995977
55043013
55145610
55164980
55183375
55327488
55352796
55427270
55432930
55440962
55598012
55634310
55664949
55675446
55737579
55778811
55839366
55865649
55948995
55993840
56107641
56197476
56267708
56329169
56335329
56565703
56674664
56720746
56845847
56940561
56948931
57033575
57129316
57174589
57247564
57720501
57817864
57852265
57943053
57994303
58063320
58094723
58198197
58226748
58296455
58346095
58476542
58583268
58733613
58755069
58792270
58922189
59012078
59123546
59127650
59156164
59186349
59198629
59200851
59244951
59359341
59430450
59464662
59588921
59596976
59762742
59802850
60166087
60216859
60280380
60347253
60353741
60382506
60464723
60658872
60835829
60840466
61072150
61078537
61118180
61277087
61315652
61331400
61403940
61471764
61492068
61615464
61671446
61702303
61811330
61881792
62061299
62191352
62257204
62319876
62344892
62432240
62444223
62452012
62589843
62595193
63004100
63123985
63232454
63235521
63478279
63488193
63600799
63650390
63651351
63667830
63703557
63887529
64012912
64059971
64356174
64386580
64450751
64454414
64590621
64670271
64689556
64744537
64760968
65139001
65140435
65283664
65469768
65497659
65551198
65624752
65680803
65709166
65722423
65748295
65854378
65868953
65984434
65999672
66056840
66111306
66123896
66146536
66204705
66205549
66310093
66348188
66349100
66546279
66566567
66661506
66675642
66746383
66817140
66888013
66900507
66928003
66932544
67074167
67138404
67171142
67196251
67225440
67253134
67299000
67343089
67362252
67420839
67424410
67501207
67535685
67553647
67641664
67722798
67728908
67741938
67792751
67824158
67882727
67969600
67984940
68043828
68166731
68286152
68320002
68606475
68704882
68866561
68924630
69023386
69102486
69119964
69357096
69678606
69731288
69834242
69837378
70043376
70078532
70093843
70150214
70225604
70290623
70461445
70564262
70710627
70776222
70917703
70998892
70999856
71071339
71094316
71221376
71394788
71455973
71457200
71474280
71492339
71811788
71820768
71924581
72032601
72255554
72312024
72708376
72849754
72927011
73022769
73405227
73433475
73457286
73578969
73653232
73720719
73724507
73834627
73883599
73913545
73972254
74043108
74133465
74172521
74195943
74227806
74736081
74910107
74958975
