For an array with 10000 items set in random order, it took 0.406544405 seconds to sort the array using the insertion sort algorithm.

Below is the array after having been sorted by the algorithm: 
17147
31276
31495
42876
48993
101131
103837
104797
108815
110210
118814
126926
155849
156733
189936
196402
210513
222773
243981
248947
250067
265098
268171
268417
290489
294778
300448
307493
312875
320925
321778
323950
328861
337239
361086
362502
385727
395114
399044
411237
425459
426447
427662
434021
435937
439530
448430
474864
478885
494028
495225
495237
498791
499026
510936
516624
520049
521355
532285
533232
536152
542419
546009
548645
556270
574021
582973
584971
591391
605259
607157
619534
629524
636543
642177
645060
652148
652191
653089
676169
684776
700193
700906
703133
715701
716683
719836
719865
721824
728533
747852
754166
756877
777865
785323
786550
794786
800888
807005
808358
809710
814956
815435
837644
843445
844483
855475
856766
882514
897079
910095
913340
915060
930166
939371
943483
945044
954474
965953
966814
968041
986648
992133
992800
994247
1004590
1015640
1019478
1026944
1032473
1058014
1061003
1061011
1084488
1086357
1090379
1097053
1098986
1111648
1112084
1121611
1125925
1135817
1137994
1143497
1149153
1154772
1180780
1190720
1190854
1205122
1224763
1228296
1239352
1242242
1243949
1252224
1259443
1263273
1268064
1272522
1290497
1291761
1293379
1297516
1299644
1301763
1304131
1304536
1313845
1318736
1341838
1347408
1355474
1355790
1358789
1361108
1365266
1366063
1371134
1389020
1398906
1402255
1403608
1406564
1414407
1425409
1433051
1437713
1443428
1450068
1450401
1452582
1453596
1462136
1468827
1470417
1471024
1471305
1472126
1474250
1486268
1487877
1488863
1496282
1497162
1502386
1507169
1517189
1524275
1539771
1541833
1561684
1582718
1590754
1608707
1613540
1617655
1634881
1642079
1643068
1657169
1658065
1660938
1667959
1669817
1679079
1682828
1686095
1694309
1695656
1696595
1710864
1713929
1716698
1728098
1728633
1730277
1734774
1735810
1751193
1760904
1768165
1768756
1777833
1780030
1783541
1787068
1798051
1841153
1844327
1845652
1869596
1892861
1906435
1925017
1935807
1955326
1960912
1960937
1960985
1980913
1990252
1993765
2006016
2030763
2048879
2049708
2063948
2066927
2073260
2076902
2079631
2090224
2100157
2100368
2103181
2106838
2122505
2128307
2131907
2132530
2134147
2137281
2137915
2138790
2146464
2162734
2181909
2186019
2201666
2205703
2212170
2214326
2223298
2227912
2229175
2232098
2250864
2258958
2276534
2300121
2303974
2306686
2306956
2310957
2319146
2327095
2327351
2331190
2347364
2368425
2379165
2391069
2393887
2412764
2414583
2453245
2468580
2482706
2492011
2494922
2498433
2515686
2517082
2522117
2530990
2532911
2542296
2552938
2553065
2556711
2564091
2571534
2575346
2596538
2598041
2606703
2620678
2625915
2627961
2638043
2645156
2648258
2654430
2657750
2657863
2658389
2663179
2663295
2671367
2673882
2695034
2698075
2707123
2737073
2738409
2739219
2741685
2742158
2751324
2755088
2755224
2755291
2756177
2759817
2765596
2776549
2785386
2802015
2803665
2807306
2807648
2809973
2824431
2854418
2857793
2858748
2860515
2867057
2869574
2870682
2872177
2873079
2880305
2889799
2901719
2901766
2905267
2915519
2919783
2929970
2934437
2935434
2956597
2966955
2967064
2967300
2976884
2980687
2990790
3004588
3010943
3024619
3029275
3036355
3084817
3089759
3090112
3094332
3094700
3096975
3097953
3103324
3117774
3117928
3131296
3131584
3132074
3143598
3153545
3153712
3160287
3166581
3167360
3172385
3172436
3204105
3210553
3212356
3221919
3229008
3260717
3261245
3263030
3272939
3285061
3290827
3292217
3301972
3305034
3310262
3312948
3321003
3327991
3329470
3332205
3337637
3340312
3344388
3356810
3359674
3386252
3398948
3417783
3419186
3427263
3451062
3451611
3454859
3468949
3469751
3473428
3474010
3476814
3477137
3487617
3491429
3495046
3501186
3504148
3506063
3512703
3523558
3524808
3533309
3534667
3545208
3546012
3558871
3583213
3593693
3594286
3597493
3597916
3606094
3607585
3607930
3608892
3609294
3618190
3620314
3638614
3652067
3665896
3678073
3680071
3681987
3682592
3685817
3686729
3691787
3692735
3704425
3713067
3713274
3719088
3729104
3746860
3754711
3755645
3763903
3778767
3784638
3787054
3791350
3791515
3802366
3805996
3827427
3839906
3846224
3858833
3870077
3876111
3876728
3885406
3897955
3904923
3909732
3912392
3933028
3934835
3941029
3942173
3942261
3943999
3964089
3969769
3975476
3999943
4046742
4048101
4049949
4051572
4052487
4063800
4068610
4094764
4110496
4112318
4121999
4126102
4140737
4155152
4155613
4160934
4165742
4167447
4170201
4172690
4173370
4184464
4187890
4191905
4193549
4200706
4207351
4209136
4216209
4220348
4223135
4228735
4229468
4239850
4241329
4252462
4255603
4261192
4263473
4270137
4297241
4307134
4311141
4318567
4327523
4342037
4345863
4347362
4353820
4376821
4391449
4393658
4402150
4410781
4430075
4430620
4434944
4443091
4467524
4474190
4490873
4507861
4509852
4519835
4521450
4524635
4527684
4528562
4536763
4553310
4555830
4570463
4581412
4605085
4606217
4609916
4622444
4630928
4636753
4639685
4645539
4657859
4666264
4666943
4679052
4689078
4689257
4691330
4697611
4704950
4704957
4708354
4711414
4722646
4725721
4725836
4728135
4733221
4735143
4758357
4764242
4764932
4772187
4781419
4783278
4799249
4809473
4817886
4853415
4864182
4891234
4895200
4897504
4925537
4927182
4931171
4945937
4964166
4977533
4986366
4987827
4990114
5019242
5022813
5038323
5050721
5057343
5058168
5058878
5061570
5069340
5075764
5099782
5102210
5111705
5112051
5125720
5140386
5144404
5188657
5191362
5215254
5219552
5221573
5222687
5224132
5225602
5241252
5249187
5260162
5265771
5269896
5271570
5278614
5286577
5302497
5314136
5316619
5324453
5329988
5332763
5337979
5355082
5357390
5358361
5365720
5382385
5390694
5398172
5404591
5418489
5439921
5448738
5450072
5468071
5484774
5494412
5506557
5506588
5512215
5531850
5534227
5553026
5553953
5554149
5554657
5558367
5583430
5586169
5588388
5596854
5599318
5612351
5613155
5622389
5631565
5636667
5653566
5656536
5661008
5685263
5703723
5722976
5723998
5724868
5735028
5736030
5750546
5757257
5760162
5765647
5790288
5809877
5810808
5813633
5814541
5814732
5836766
5841371
5849035
5851220
5860232
5870683
5873321
5878364
5881231
5892887
5898058
5900372
5900511
5911766
5918390
5923279
5923607
5925816
5929106
5938751
5960459
5985436
5990186
5992204
6007497
6008898
6014796
6025479
6028692
6032862
6033297
6040179
6041837
6045559
6055858
6057132
6070311
6072048
6079362
6086167
6086183
6087593
6091346
6105337
6119393
6147755
6149516
6149651
6160645
6180712
6186873
6187476
6202312
6206393
6211406
6213449
6215057
6216380
6216824
6224771
6238162
6242796
6261419
6267287
6274603
6282129
6291624
6292479
6293774
6307250
6313509
6328420
6330189
6354709
6378528
6384248
6395237
6408929
6411120
6412857
6420472
6430641
6434852
6440327
6448710
6471400
6474201
6501755
6506127
6507302
6517842
6536391
6537320
6546777
6563932
6569710
6572897
6598638
6599102
6610482
6611978
6618349
6630223
6635087
6644144
6644578
6645270
6657667
6663976
6665471
6666546
6671613
6679155
6679472
6681337
6684903
6687062
6723024
6731428
6742750
6751837
6752149
6765916
6766945
6769622
6789773
6793358
6793835
6807124
6807354
6809717
6812283
6812954
6814688
6817199
6821644
6825084
6832990
6835085
6842220
6852032
6878915
6881882
6886260
6897941
6910546
6910740
6911944
6918629
6924278
6930180
6935057
6957336
6976425
6989243
6993662
6993759
7012191
7014495
7028085
7044660
7048841
7068073
7073121
7076601
7082738
7086427
7096187
7099464
7132841
7140673
7144016
7144584
7145391
7149425
7158970
7165378
7190792
7212218
7216913
7217976
7220228
7224327
7227291
7229964
7240510
7244433
7254406
7258791
7268057
7268871
7277860
7278382
7308876
7312972
7323097
7323333
7324826
7326787
7341587
7357539
7381075
7381470
7382249
7389159
7393302
7396350
7402575
7405397
7407061
7408446
7409636
7425119
7439954
7449611
7450286
7469949
7476941
7494201
7513305
7550934
7558418
7592714
7599134
7600780
7622658
7623412
7625997
7632791
7644146
7649975
7651446
7652242
7692897
7705614
7709554
7720739
7724721
7734060
7737991
7745395
7746016
7749372
7750522
7755076
7756273
7757392
7779189
7780329
7780908
7785960
7794294
7799205
7802718
7812704
7815284
7819394
7858780
7888707
7904027
7906144
7920563
7920699
7927536
7936152
7949526
7949836
7952349
7954691
7966428
7969892
7972074
7977491
7979559
7979595
7980531
7988126
7996252
7997525
8001975
8009099
8012601
8023744
8028248
8030336
8030588
8036599
8038844
8055027
8055509
8058774
8060187
8071354
8113000
8124413
8139393
8145323
8149022
8154625
8170766
8171298
8183567
8184538
8201564
8210471
8217329
8222370
8225705
8245341
8247474
8254912
8263000
8266277
8270616
8274788
8277190
8280034
8285397
8293659
8296832
8304344
8316932
8319049
8322534
8328989
8332112
8346207
8348582
8349368
8349684
8350670
8364661
8366266
8368051
8369019
8377634
8384274
8399009
8421997
8422579
8424903
8428071
8428477
8454712
8457052
8459349
8460525
8461177
8470389
8487580
8502460
8503532
8506342
8515660
8525388
8540640
8555315
8572229
8572972
8574559
8587393
8588580
8590968
8593357
8601912
8603808
8605817
8607849
8608223
8609156
8609982
8611363
8621107
8627679
8639115
8655550
8664965
8679867
8681648
8699259
8716857
8731923
8734712
8737592
8744843
8750567
8756366
8757995
8759570
8760181
8771742
8776166
8786864
8790676
8791819
8798742
8801609
8813076
8828482
8831794
8837741
8848105
8852823
8859381
8861099
8866511
8871997
8897792
8916809
8917208
8921160
8928313
8928665
8938598
8940124
8944853
8945426
8949286
8955827
8962776
8968303
8971789
8975076
8975199
8976451
8984072
8986900
8991351
8993417
9008640
9010555
9018994
9021373
9028785
9038451
9056038
9058202
9065640
9070465
9090961
9100232
9104014
9105674
9109454
9112994
9118486
9124418
9138497
9143431
9164196
9174216
9195785
9198968
9205329
9224755
9228478
9249862
9258233
9262214
9263175
9289970
9290653
9290983
9308965
9311015
9315241
9317360
9326753
9340247
9355090
9359193
9360309
9366786
9370828
9372064
9372356
9372955
9374102
9380326
9382427
9382600
9383886
9392580
9427321
9429739
9433706
9441352
9463085
9506754
9507249
9514794
9515786
9524485
9527253
9529266
9556283
9556378
9559679
9565453
9576551
9586403
9601213
9601801
9605139
9617533
9618296
9628106
9628185
9636139
9637498
9643302
9643512
9643741
9646282
9648363
9656655
9656877
9661264
9663395
9666987
9688563
9691449
9695003
9695717
9702392
9710828
9734820
9763346
9765873
9766068
9784267
9787556
9797104
9808972
9832261
9833169
9841870
9844650
9853195
9856621
9866472
9873936
9874296
9878846
9881382
9892214
9904110
9908851
9909506
9910969
9915867
9920537
9931382
9941325
9943926
9947715
9947968
9952018
9956889
9969966
9972715
9991697
9995267
10007485
10010941
10016127
10030260
10032968
10032995
10040412
10042559
10048428
10049142
10051433
10062424
10080842
10086287
10087237
10099767
10099825
10100270
10105699
10125249
10128337
10148618
10157034
10163965
10164699
10165221
10172692
10199779
10200308
10208352
10216920
10223158
10223919
10230755
10231991
10235963
10240055
10256833
10260557
10265551
10271402
10277957
10286927
10288498
10290382
10304741
10310323
10314915
10323692
10325503
10335123
10351130
10364822
10366210
10369098
10369539
10394787
10411596
10428615
10432152
10440596
10447901
10464763
10466909
10475126
10479958
10515936
10516666
10534708
10542515
10550284
10554985
10556653
10560346
10561417
10571257
10589139
10593121
10609863
10614150
10617526
10619068
10632415
10636988
10642189
10649653
10652371
10652695
10654840
10685485
10704449
10711173
10716293
10716481
10728656
10734336
10737965
10742731
10748138
10778923
10791649
10798762
10807518
10808246
10809647
10811549
10813938
10815260
10824486
10830401
10847552
10852364
10854429
10863575
10868377
10884177
10884908
10886525
10895270
10901340
10908306
10922271
10932875
10936816
10944330
10945410
10947675
10953551
10969314
10987004
10990579
10993151
10998571
11016381
11019049
11035434
11037544
11039631
11041048
11041164
11042699
11047031
11055468
11061879
11075574
11085645
11098835
11101861
11126321
11129409
11146180
11149873
11154814
11157729
11167315
11179806
11195074
11196360
11199968
11204126
11213402
11219725
11239402
11241992
11245139
11251212
11256320
11257962
11262213
11263891
11274308
11283946
11291188
11302153
11302905
11303006
11315854
11321485
11321915
11326387
11336211
11343010
11347120
11356868
11365730
11371873
11375895
11378384
11396428
11397510
11412631
11416252
11421498
11426385
11463182
11468708
11474908
11474960
11475623
11485662
11488820
11489994
11493401
11496692
11497737
11508497
11508852
11517895
11524009
11530228
11538274
11539103
11540660
11542541
11549926
11554038
11567959
11568251
11582268
11583710
11587913
11596232
11597302
11598984
11605034
11632083
11633544
11639059
11645062
11649473
11653161
11655213
11663447
11665622
11667726
11670912
11671949
11690372
11694277
11698370
11699914
11702068
11702234
11702798
11706431
11719587
11721899
11723410
11728508
11731266
11732314
11734718
11754511
11760601
11763814
11780854
11785873
11791120
11796666
11799265
11799367
11800993
11812496
11821141
11832873
11838347
11848788
11867606
11882744
11884650
11886981
11891609
11899276
11900038
11902014
11907033
11916569
11919689
11920072
11924697
11928769
11936851
11975298
11988263
12016130
12053020
12064098
12069762
12072503
12072610
12072988
12079405
12087785
12089278
12091800
12108128
12129381
12136448
12143145
12147402
12154777
12156948
12157687
12177445
12181994
12202811
12203459
12204271
12224449
12234988
12236692
12237929
12242638
12242822
12244691
12252662
12272995
12274977
12276954
12278799
12282148
12283589
12286001
12289070
12299763
12301187
12301631
12302245
12321580
12325523
12333480
12343460
12346569
12348650
12348802
12364058
12369236
12373499
12380925
12386847
12389442
12391413
12392671
12405686
12406633
12408610
12411812
12418625
12419048
12440138
12450702
12451212
12451654
12455133
12466126
12470400
12478852
12482513
12493021
12499259
12530058
12536687
12541457
12545948
12547241
12561133
12571430
12581596
12593241
12598345
12601989
12614924
12617790
12628548
12631317
12640218
12645961
12656156
12668405
12670600
12671403
12676819
12678596
12678656
12683904
12689318
12692586
12697671
12701487
12709532
12718423
12718734
12718882
12734685
12761907
12789937
12791519
12806260
12811233
12814204
12815368
12817392
12817643
12821732
12828298
12829175
12834040
12837147
12847477
12858037
12861354
12863332
12876161
12876201
12879663
12890779
12901720
12903072
12910998
12913624
12913718
12918532
12922089
12924334
12926331
12952136
12952529
12955061
12971023
12975168
12975771
12983353
12987622
12991581
12999215
12999870
13010266
13018606
13021111
13026144
13034756
13040472
13044846
13052503
13062679
13066481
13068889
13084109
13091989
13092227
13095117
13102001
13107564
13117476
13119502
13123794
13146261
13169880
13170729
13179162
13185029
13188009
13218237
13219395
13221889
13226350
13234865
13237843
13242838
13244087
13244385
13258798
13265336
13267286
13274894
13275222
13282792
13301822
13302095
13304193
13304869
13306200
13314570
13317541
13328378
13338751
13343159
13353730
13353934
13358763
13359083
13363133
13367933
13371463
13375472
13380451
13385861
13393525
13393656
13428814
13429842
13432814
13442807
13445541
13448948
13449762
13452683
13456224
13457256
13459781
13478180
13482126
13486512
13488335
13488707
13503542
13507682
13520129
13522877
13538500
13542313
13543504
13552402
13552590
13560218
13566982
13575289
13576815
13583845
13584870
13588821
13589215
13594604
13596526
13603286
13610661
13611901
13612616
13618011
13621462
13648676
13656817
13670153
13670948
13700268
13717486
13742227
13751144
13763513
13766247
13769201
13775424
13784763
13788372
13790283
13793524
13797240
13799160
13804511
13817723
13824316
13831556
13850650
13853003
13861349
13864881
13869423
13889660
13890925
13898511
13900330
13925127
13926249
13943583
13971277
13974890
13976010
13980184
13990420
13992906
14010000
14010165
14019474
14027452
14031900
14032330
14032962
14036818
14039396
14056293
14058640
14064872
14075813
14081033
14085802
14091829
14099987
14100523
14118761
14120577
14122275
14135185
14141609
14153462
14161102
14164709
14172783
14173665
14182841
14191429
14200954
14201322
14205187
14207447
14233760
14235187
14243397
14253674
14262379
14267391
14272524
14276728
14290289
14301164
14305331
14307589
14320408
14350441
14358100
14359839
14360886
14364841
14365256
14374887
14375288
14376761
14383679
14394345
14397015
14399723
14403769
14403804
14406507
14413492
14414647
14421988
14462945
14466152
14481641
14486901
14497735
14497851
14498013
14500900
14513413
14514965
14515552
14527780
14544267
14545036
14552034
14564091
14566186
14567604
14568973
14569218
14577629
14578258
14597960
14606305
14608192
14608605
14613930
14616739
14619870
14625840
14632263
14632690
14639761
14640579
14652068
14670684
14671333
14677636
14684511
14685282
14685664
14686757
14696992
14697352
14707107
14711861
14717602
14725164
14735979
14737490
14748195
14748325
14782117
14792786
14797235
14815341
14822415
14824314
14827321
14831090
14849055
14853757
14859927
14862835
14863070
14867614
14870776
14874284
14884219
14908948
14910963
14913850
14922769
14926251
14937789
14942828
14944090
14950396
14951194
14965547
14976739
14978013
14978386
14982803
14985759
15001813
15005648
15009817
15013660
15051984
15053820
15064092
15064950
15067675
15072416
15079254
15087398
15100011
15102741
15103629
15107290
15107516
15108561
15117745
15121988
15122231
15135256
15142184
15145992
15147939
15150575
15151227
15157085
15163192
15167071
15173341
15178334
15185800
15193010
15197183
15205853
15211599
15226070
15228441
15254785
15257421
15281244
15282527
15283006
15288892
15290479
15293714
15309203
15310184
15322621
15333429
15338947
15339329
15340006
15344384
15345396
15348485
15356533
15365642
15366567
15377883
15393974
15411584
15416113
15422791
15425109
15428013
15431947
15455714
15475182
15478186
15483385
15483450
15498697
15502679
15517970
15519053
15523019
15524442
15537647
15538004
15541067
15558068
15565804
15579277
15596771
15596839
15603234
15611876
15621175
15638923
15647153
15656487
15659452
15667446
15668944
15676803
15690484
15716919
15722388
15734255
15737769
15742355
15744746
15751217
15752424
15756366
15764689
15777947
15780797
15786652
15801185
15806723
15810308
15814901
15817524
15818833
15829685
15831430
15839055
15853942
15858708
15867760
15870990
15872269
15877891
15880104
15889774
15890729
15898166
15898835
15903547
15919741
15929229
15948159
15949180
15954145
15955425
15963389
15968091
15972076
15988913
16002308
16007270
16012251
16012395
16013525
16017718
16038166
16044612
16047675
16050832
16052658
16053450
16059877
16070629
16074994
16076048
16080099
16097370
16115880
16123005
16146229
16152290
16176213
16190540
16196228
16196429
16199314
16207199
16209705
16219426
16219609
16222226
16227434
16235666
16241773
16242698
16252138
16252624
16256316
16277790
16279757
16288189
16302756
16323337
16327843
16342588
16345493
16349230
16358018
16366936
16396516
16410930
16413146
16422034
16425201
16444126
16447608
16456008
16460132
16470006
16475317
16479744
16479842
16485129
16494019
16502422
16507074
16523996
16535884
16546399
16563285
16582765
16584796
16585120
16596261
16598208
16598598
16601065
16614422
16620102
16641206
16642731
16648423
16653693
16664603
16677444
16684816
16684946
16689119
16704768
16715513
16717910
16722040
16736928
16748284
16757641
16759816
16761696
16764022
16766773
16783497
16792896
16793259
16795937
16798058
16810450
16821870
16847468
16847892
16861929
16865404
16875685
16887248
16888208
16904455
16904576
16904899
16916302
16920449
16920819
16924402
16931207
16934990
16947809
16973261
16975218
16976372
16981560
16994707
17000074
17022029
17038388
17038692
17046137
17047723
17053961
17054114
17054772
17058746
17059607
17064398
17072417
17082717
17084772
17104661
17108018
17113477
17115052
17127827
17133547
17136090
17136880
17141726
17143925
17152574
17171504
17189227
17223491
17225278
17232286
17237693
17255677
17270545
17273860
17285917
17290344
17294003
17302158
17312541
17313847
17333515
17334910
17341604
17354783
17357889
17362724
17364199
17369157
17370161
17382040
17386637
17404672
17406343
17418883
17442468
17450329
17455406
17457074
17468862
17473754
17483100
17497556
17505426
17505617
17508024
17508265
17508519
17509255
17519729
17527076
17539020
17550362
17563079
17570714
17596082
17597992
17606399
17620460
17641274
17649153
17650995
17656026
17662256
17667743
17673323
17673772
17676392
17690028
17693094
17696157
17697766
17706855
17716929
17727653
17735602
17742809
17742853
17748967
17751733
17755890
17756652
17771842
17783035
17798059
17798257
17811710
17814911
17818532
17820738
17824979
17851061
17862662
17868421
17881761
17883269
17896382
17900344
17912950
17968461
17971462
17976733
17982674
17991397
17993416
18008057
18032526
18040390
18041969
18048465
18063503
18080662
18090229
18096456
18101402
18109632
18118679
18125471
18142465
18149071
18158863
18166530
18174424
18181908
18187318
18197368
18215030
18219525
18246974
18250422
18254493
18267292
18284242
18285638
18288905
18297292
18303055
18311249
18325662
18341068
18341251
18341482
18344999
18346906
18347006
18356475
18362468
18363747
18368262
18368385
18371958
18375427
18384565
18390241
18390816
18398565
18407910
18413488
18417406
18418425
18425346
18432920
18438164
18441084
18443061
18443536
18444375
18444836
18451815
18468446
18476138
18476784
18487404
18509187
18511242
18511385
18515880
18531259
18539272
18543794
18547113
18556008
18559165
18577970
18578116
18580678
18593658
18596871
18598187
18606777
18608710
18617579
18626878
18637338
18640043
18651063
18678547
18680919
18683643
18684399
18689260
18695004
18705824
18709726
18710551
18710992
18713589
18744860
18775251
18788059
18792020
18795108
18797635
18801033
18801504
18805607
18813373
18838487
18841976
18850047
18860490
18866968
18868790
18870641
18871237
18881228
18882298
18893880
18897648
18903087
18909417
18911746
18914577
18977439
18982679
18987978
19003036
19020375
19053139
19055049
19059435
19063651
19067406
19068106
19068825
19071100
19094570
19096325
19100868
19103695
19105547
19110336
19116391
19129677
19132845
19133496
19151103
19151641
19154554
19154702
19164963
19167726
19171405
19175104
19183548
19187412
19191051
19191921
19193155
19193419
19208002
19208757
19234239
19248625
19250890
19270415
19280537
19285394
19302551
19305696
19311669
19326947
19331019
19336055
19339794
19361913
19371005
19374937
19374968
19376790
19390791
19393344
19396150
19414946
19424157
19427186
19427481
19438150
19447439
19454187
19456467
19461703
19462611
19466665
19488888
19497137
19500815
19521549
19522130
19523132
19524670
19526352
19543076
19550564
19554257
19556090
19564633
19571479
19577062
19579164
19579234
19587590
19588956
19589617
19604755
19607112
19613772
19633087
19644920
19653335
19654018
19661259
19687901
19690411
19691063
19691416
19693160
19707524
19708642
19710643
19732616
19748059
19749892
19759859
19770873
19774605
19781552
19784671
19785073
19789718
19791574
19798943
19801913
19817639
19836291
19837596
19860821
19860880
19861441
19875301
19880494
19881634
19893111
19911970
19912073
19913364
19913864
19915303
19928886
19931044
19933796
19934732
19940178
19946641
19953161
19953276
19960649
19966853
19970185
19975126
19976569
19983025
20009063
20024387
20033047
20034924
20043526
20048820
20056226
20066603
20073424
20073547
20073922
20077686
20078579
20080069
20087297
20093037
20095816
20095832
20098843
20107422
20110243
20110728
20110789
20132497
20133817
20147698
20150840
20157135
20161505
20178096
20181795
20185123
20185663
20205955
20209535
20211311
20229762
20238543
20253343
20254615
20255640
20261164
20271665
20271725
20280938
20285415
20288773
20289057
20309283
20313207
20317945
20344064
20346629
20350954
20355705
20357532
20361334
20362896
20379509
20382082
20385055
20409554
20424331
20424720
20430552
20430558
20431328
20437915
20439608
20441655
20448039
20460257
20462811
20463665
20464184
20464273
20481688
20496035
20496620
20497570
20504771
20515665
20518170
20519925
20528043
20529768
20533531
20536119
20555173
20562136
20562513
20570511
20572309
20592289
20599683
20617548
20626528
20629544
20629905
20633330
20653757
20666970
20679592
20686561
20700582
20706665
20716638
20731962
20733556
20734999
20764723
20766539
20772576
20774435
20777381
20783071
20787507
20795713
20797978
20798838
20802710
20811885
20814810
20830035
20837932
20842985
20844266
20848964
20860602
20864913
20866356
20871383
20876821
20887442
20888943
20901483
20901913
20902539
20909837
20916634
20922682
20949357
20956342
20979707
20980077
20984503
20999473
21010541
21023314
21025140
21042413
21059717
21073274
21078900
21085696
21096900
21099703
21113299
21114882
21121418
21133056
21150860
21153408
21154218
21163946
21167131
21181908
21190248
21191119
21203643
21214369
21221374
21223712
21223925
21235684
21255976
21262376
21269161
21270911
21275419
21277482
21298020
21303020
21303368
21306890
21313377
21314068
21325938
21359547
21364449
21372036
21386605
21425528
21428193
21433322
21442648
21482227
21483159
21487688
21494803
21504107
21510471
21522473
21523559
21526273
21532912
21537841
21540804
21542655
21577558
21592775
21596804
21612433
21618604
21620054
21627052
21648791
21661093
21668345
21668500
21676151
21694508
21701868
21702926
21723705
21723783
21726946
21730252
21731403
21748516
21752877
21754736
21763376
21766887
21775524
21779920
21788380
21789992
21790337
21805530
21815525
21828662
21830211
21844319
21859229
21868197
21888941
21905292
21919355
21924286
21925058
21933287
21934968
21969051
21975778
21978521
22006649
22018406
22027520
22042039
22044078
22047064
22051882
22056396
22057970
22059252
22086841
22090096
22094694
22106310
22107865
22109303
22114245
22136671
22145167
22149885
22150767
22152143
22154714
22160019
22167187
22168232
22171466
22180805
22191692
22200813
22212641
22241906
22247573
22249487
22258899
22263858
22283826
22289445
22293629
22293787
22319288
22330684
22341655
22343929
22350722
22364290
22369567
22372160
22378552
22386167
22391867
22393424
22394470
22403530
22414188
22420351
22421099
22426585
22433315
22435862
22439588
22450376
22455676
22458925
22470407
22472251
22472697
22488164
22504372
22539176
22541366
22542932
22552130
22566372
22571468
22584362
22588673
22610492
22625281
22628925
22631387
22647035
22650860
22671168
22690317
22712749
22715264
22716219
22724103
22733671
22737035
22744324
22748701
22753629
22759660
22773964
22781247
22797230
22800706
22801218
22807660
22808185
22831434
22842438
22844839
22845446
22848666
22852103
22855319
22855372
22859480
22863665
22866189
22882279
22887616
22890639
22891392
22892981
22893708
22895709
22896466
22896473
22915411
22919192
22923323
22932353
22951071
22959397
22977746
22988295
22989454
22997385
23032580
23039019
23048055
23065585
23070716
23077749
23080846
23091836
23099165
23101064
23104384
23107498
23116567
23118638
23135562
23136284
23137406
23138954
23141987
23146525
23150959
23156628
23175370
23183247
23183399
23193468
23198900
23208307
23222547
23225630
23229400
23238128
23245320
23249594
23253333
23253359
23258588
23266485
23290425
23292071
23316511
23323894
23334394
23358046
23365347
23367738
23370339
23370551
23379078
23409745
23414033
23424288
23430282
23432825
23438109
23438932
23440460
23464935
23466022
23481130
23505324
23516434
23527272
23548598
23586498
23598891
23601045
23606754
23607467
23613343
23615022
23616112
23620828
23633208
23636041
23656425
23663231
23667355
23688523
23690736
23692940
23700187
23715117
23721346
23727960
23734395
23742050
23742370
23743983
23773746
23775089
23776809
23778752
23779245
23782875
23786772
23791551
23802128
23806089
23808998
23811921
23829239
23840089
23844707
23850690
23861105
23871024
23879674
23889479
23892169
23901255
23906934
23907143
23907819
23909634
23911972
23928154
23936227
23940087
23957373
23964091
23970084
23988334
23996746
23996872
23997605
24018425
24021107
24021878
24022934
24040011
24041683
24059453
24064394
24066405
24085825
24093953
24096147
24104628
24106986
24128729
24129461
24130388
24146490
24151939
24153955
24159510
24160945
24162860
24172800
24175714
24186357
24191517
24197782
24201466
24202017
24210717
24211529
24233431
24235141
24244102
24253903
24256371
24264094
24264975
24274708
24278928
24296177
24307750
24309293
24316889
24324310
24333506
24337031
24347272
24355820
24356613
24363762
24368182
24396618
24413760
24423381
24424883
24430930
24433441
24436021
24443711
24449115
24452443
24461869
24464074
24468092
24476801
24477556
24480534
24483033
24493516
24500491
24534308
24554182
24554613
24557297
24567946
24572182
24575467
24578488
24583456
24587347
24590488
24614695
24619771
24637344
24641555
24641988
24642848
24660724
24663110
24670249
24671664
24678015
24690657
24701321
24717724
24733627
24745247
24747484
24748643
24758082
24765809
24774922
24776946
24790054
24796991
24798451
24798953
24806818
24821256
24822086
24824347
24831878
24843740
24846727
24869093
24881708
24899600
24933078
24936539
24937206
24952319
24954840
24956377
24958573
24959803
24964709
25001876
25009365
25013488
25017394
25027436
25029897
25033044
25040800
25041009
25049866
25051837
25066307
25079023
25079544
25086061
25091038
25096137
25107853
25108799
25120735
25134297
25137240
25143966
25146006
25151827
25152534
25155714
25155927
25160511
25164099
25169292
25169954
25179565
25183283
25188313
25199519
25203528
25218772
25232917
25241374
25271929
25273642
25275855
25276885
25278458
25294463
25297381
25306918
25309096
25314535
25333435
25334365
25347960
25358321
25359408
25376763
25398650
25417002
25426640
25433258
25435372
25441728
25471961
25472278
25485551
25486927
25509963
25510819
25511582
25526276
25534403
25535413
25538439
25551193
25572471
25579431
25585590
25588618
25591594
25602263
25604826
25606402
25629482
25633612
25644612
25648451
25666242
25679098
25679979
25694084
25696229
25700319
25713731
25721765
25726096
25726424
25728801
25733302
25744081
25754384
25760073
25763046
25771127
25772320
25775877
25783374
25784659
25798449
25800199
25810183
25810621
25816656
25817274
25825279
25830853
25837683
25842621
25846913
25847510
25863425
25865350
25869552
25882683
25890084
25896087
25935759
25939808
25941333
25941890
25943345
25956160
25957282
25964901
25965304
25965584
25969299
25973533
25978853
25989917
25990721
26004847
26017032
26021061
26024731
26028470
26038164
26041711
26051176
26053691
26064247
26067453
26068712
26070023
26083095
26088683
26098984
26110987
26111981
26125651
26133401
26154900
26155190
26172671
26175438
26180671
26183447
26185914
26190658
26205497
26210266
26217072
26224868
26230615
26248925
26259280
26288474
26291832
26292001
26295645
26309706
26317931
26325464
26329792
26342106
26356711
26363160
26367160
26395803
26412598
26414271
26418263
26430035
26438689
26439469
26445768
26455520
26462923
26471653
26486051
26500954
26502473
26505112
26508271
26510726
26522779
26550002
26556766
26560447
26569349
26575460
26585074
26587575
26604668
26610808
26614795
26615285
26617169
26632758
26650233
26655113
26660990
26664799
26669411
26677364
26679053
26686972
26692418
26707545
26730315
26740998
26741308
26746711
26747322
26752821
26759793
26761204
26766072
26780424
26780880
26784863
26823564
26825107
26830862
26839432
26848262
26852318
26879007
26880634
26885221
26899013
26924744
26928395
26935624
26936016
26936557
26950267
26967033
26970844
26971060
26988085
26988093
26989740
26998565
27005902
27010220
27020123
27024965
27027443
27030052
27033207
27035643
27035644
27050431
27060675
27063947
27069913
27070197
27098012
27119822
27128068
27132179
27144698
27147621
27156828
27157592
27160907
27176517
27183739
27208751
27234349
27244325
27259739
27276874
27281989
27286596
27316074
27355304
27363766
27371195
27376185
27392479
27402800
27405489
27420146
27431711
27482828
27487688
27490276
27491888
27508737
27516300
27530401
27565916
27572197
27573167
27581351
27583122
27583350
27588029
27589413
27597140
27599194
27607810
27616052
27621081
27625283
27642897
27647504
27669401
27674906
27680303
27687566
27693553
27703683
27712035
27717936
27731676
27736869
27738926
27740063
27754870
27755566
27756173
27759881
27762506
27766092
27767787
27774529
27789962
27791738
27798706
27806731
27822361
27825727
27827271
27846177
27854882
27862125
27865672
27869536
27875662
27879557
27887974
27888140
27891863
27898427
27907316
27919961
27921262
27940843
27942484
27946376
27949002
27950502
27953084
27959698
27972942
27974064
27976970
27986216
27994124
28001942
28015104
28035873
28042200
28044246
28076537
28078807
28081821
28084262
28085211
28092023
28106740
28110465
28114256
28119770
28129445
28131381
28135859
28138614
28158652
28165420
28173712
28186357
28200828
28213459
28220729
28223568
28233926
28250209
28252650
28255258
28268583
28273144
28273690
28274188
28274236
28279136
28290279
28300164
28301763
28302131
28302248
28321660
28324276
28331389
28335413
28339246
28350656
28355148
28361482
28368363
28379519
28383722
28401205
28440623
28451923
28456439
28461664
28475895
28506419
28520796
28521356
28541977
28562427
28578868
28584082
28588453
28589137
28594917
28595488
28597351
28599737
28602092
28606073
28608193
28615111
28636241
28645921
28648756
28650600
28650828
28660992
28662109
28664250
28665771
28667532
28668058
28719000
28719218
28729819
28738699
28749467
28765439
28771089
28772363
28776172
28776989
28777345
28803555
28810197
28817808
28832643
28837967
28858718
28863197
28869612
28880513
28886053
28886974
28898116
28927301
28961494
28968311
28987533
28990793
28998318
29000715
29018954
29025282
29026886
29032587
29042671
29046357
29055073
29074056
29078272
29091526
29102020
29104346
29107287
29110004
29120082
29124385
29126685
29131837
29137670
29140303
29145897
29147705
29148892
29153583
29168458
29169506
29174221
29184139
29187042
29190418
29192198
29193965
29201833
29211009
29216565
29223669
29234664
29236463
29255170
29267639
29271064
29274247
29294696
29296355
29303278
29314458
29317419
29329296
29342679
29355903
29366396
29372096
29379213
29382343
29383111
29394465
29396663
29399290
29400649
29404791
29407445
29409119
29410321
29411599
29412865
29413676
29417823
29420937
29450862
29451423
29452914
29453159
29453864
29454721
29463129
29463392
29465094
29467295
29474928
29488333
29490660
29491528
29515536
29526808
29542721
29551269
29569031
29570003
29571181
29574725
29579835
29585704
29587370
29604033
29632862
29638513
29653396
29654588
29665214
29665575
29674519
29678886
29692694
29698646
29698758
29699970
29701353
29705416
29708290
29749727
29757746
29771546
29782458
29783198
29793250
29802734
29833104
29834687
29839390
29840070
29850275
29856515
29861111
29869506
29874610
29883565
29883755
29887369
29913530
29923357
29927562
29936623
29947135
29950217
29958087
29960739
29965646
29976193
29976496
29998131
30002586
30038207
30060901
30075153
30080757
30088759
30090933
30098122
30103097
30108984
30114979
30127855
30128012
30133421
30137464
30140047
30143814
30162901
30176545
30177358
30200734
30207271
30211776
30215447
30217676
30223682
30232090
30238433
30245445
30248896
30257325
30259432
30266569
30266849
30279577
30280308
30287236
30288281
30289350
30297976
30304206
30311074
30312543
30321451
30323038
30327965
30337692
30345305
30368806
30375226
30376256
30377720
30377725
30381038
30390000
30400888
30405450
30423553
30424444
30428659
30436536
30437673
30477493
30479198
30479249
30491712
30501753
30507333
30515363
30522731
30525655
30528617
30529349
30531248
30534252
30535230
30537954
30538584
30541794
30564552
30565073
30573514
30575087
30575672
30577739
30589011
30591657
30593222
30598016
30603489
30610918
30625149
30626064
30627844
30630460
30634949
30639607
30641785
30641933
30668676
30671650
30678620
30683078
30692670
30727588
30739200
30742851
30746469
30750886
30753161
30754594
30754787
30755337
30755570
30771880
30788282
30793175
30804342
30805621
30807765
30820587
30822331
30822838
30828221
30830338
30835838
30839567
30846036
30848456
30865785
30866499
30867608
30870404
30872031
30878129
30880388
30885503
30890533
30903778
30909631
30919592
30924969
30929438
30940348
30941061
30946876
30974487
30978546
30979016
30990362
31000073
31005078
31015603
31016045
31024593
31025616
31026456
31030023
31031458
31040873
31042374
31045474
31060206
31064982
31071126
31072194
31075395
31082449
31083601
31088065
31124309
31125929
31134943
31143294
31144221
31153379
31162025
31175549
31184528
31193850
31194730
31203285
31210588
31215515
31216380
31227365
31229816
31231181
31238291
31245877
31249840
31252068
31255689
31257218
31262696
31269269
31274639
31279671
31292412
31294041
31300532
31301185
31304107
31308200
31311931
31313925
31317709
31325328
31336009
31339557
31345047
31349494
31352133
31355635
31356883
31362699
31366132
31381178
31381274
31387651
31391230
31391787
31396775
31399187
31400669
31420906
31427523
31429223
31449205
31452073
31457271
31458642
31467379
31472953
31477480
31477561
31487670
31489664
31495234
31501556
31502935
31514779
31520152
31559944
31565995
31566193
31566475
31584611
31590583
31591121
31598382
31612595
31613865
31625184
31630902
31638221
31642341
31646172
31653900
31654480
31669738
31679471
31683380
31697525
31700058
31703226
31713597
31719643
31722737
31724083
31725370
31746909
31750687
31755043
31763458
31765842
31771726
31773820
31774131
31777607
31781158
31792862
31796427
31801866
31809938
31811582
31812320
31819439
31853859
31855989
31858522
31859678
31862418
31866153
31867390
31869059
31871652
31874847
31877329
31889611
31896207
31897456
31899493
31903530
31911244
31922032
31943285
31947487
31950037
31971600
31981478
31981646
31987525
31993129
31993874
32005072
32009408
32010701
32012181
32016603
32018270
32019583
32021031
32021799
32028935
32047784
32049695
32053350
32063506
32064494
32077739
32085529
32098530
32106127
32119666
32129230
32138112
32139497
32144034
32148326
32155363
32161703
32174355
32175455
32178238
32189541
32195122
32198229
32205469
32209272
32220567
32245025
32245177
32250598
32261803
32268465
32275515
32280092
32280186
32283440
32286819
32300651
32300875
32301109
32303879
32305161
32309188
32310173
32327082
32330644
32331115
32332174
32338439
32340959
32341211
32345354
32367877
32381804
32386116
32387933
32388189
32398340
32403194
32439707
32440978
32452381
32454172
32466470
32469246
32470761
32491236
32495390
32497173
32511609
32513388
32519815
32529497
32542734
32556512
32557742
32568445
32579545
32597265
32606081
32609470
32613079
32617132
32634929
32638925
32649715
32650676
32654257
32689859
32692978
32741187
32741745
32743473
32744376
32776347
32781718
32785088
32788496
32799506
32813210
32825999
32837043
32852378
32853067
32855375
32868073
32874464
32904366
32905440
32910303
32916386
32925646
32931183
32933523
32945344
32959280
32960803
32976319
32991228
32995556
33001457
33006054
33007507
33010137
33011182
33020798
33035251
33046734
33051146
33058022
33069683
33075412
33078595
33116815
33132257
33152055
33153475
33172845
33179168
33180590
33199912
33205872
33207168
33210743
33211027
33211424
33223591
33227293
33234923
33240179
33245081
33247591
33250943
33262660
33263902
33265117
33275912
33279518
33293056
33296172
33301785
33312839
33314621
33327771
33337937
33352985
33367532
33369041
33384628
33392695
33410743
33412100
33436528
33445373
33448511
33449038
33453019
33470461
33470905
33482609
33482841
33486059
33494411
33499826
33519146
33522851
33523501
33524843
33530945
33533473
33534931
33536373
33536855
33549729
33572042
33583274
33600966
33602445
33610060
33612942
33617275
33633964
33636536
33650049
33656623
33659394
33667141
33678988
33689524
33693351
33694848
33695082
33701653
33707288
33708145
33710839
33721007
33721927
33726456
33728182
33729263
33734863
33734919
33744017
33816785
33823417
33827548
33828974
33842273
33853199
33860855
33866372
33877719
33880373
33880780
33885480
33903061
33906245
33913382
33915849
33917452
33927809
33935068
33945486
33947076
33947447
33954655
33968332
33968979
33970512
33987516
34031059
34049347
34053922
34061222
34063368
34069882
34081602
34083472
34096882
34098165
34099787
34100833
34104986
34109080
34117597
34117688
34117952
34118209
34119880
34127596
34139700
34160602
34178102
34180423
34186714
34195620
34196580
34200131
34216343
34218403
34222499
34225074
34228669
34229459
34230842
34235680
34242222
34243370
34244371
34244611
34252534
34296077
34302517
34312137
34312530
34318030
34322533
34329834
34332748
34336006
34337780
34345617
34354692
34372836
34373100
34385618
34389283
34401188
34413469
34428527
34458151
34460153
34469421
34473286
34474863
34478709
34482519
34488576
34505325
34506404
34530894
34531715
34541509
34541612
34544430
34545684
34557724
34565739
34566641
34612733
34623151
34624328
34629641
34642844
34643855
34645767
34646780
34651180
34657749
34666182
34674686
34682983
34685805
34689006
34693940
34706681
34718153
34724981
34725114
34738600
34750150
34763373
34771698
34772393
34780833
34788810
34789454
34795919
34796178
34796898
34813764
34815573
34818274
34827047
34837073
34843313
34850540
34857249
34860658
34862487
34889534
34895623
34896055
34904780
34905858
34915098
34917938
34921597
34927015
34929306
34929757
34929784
34936767
34955779
34972105
34975138
34982156
34987925
34996419
35000265
35005681
35015298
35019003
35019007
35023766
35035408
35044712
35048934
35061759
35065201
35078409
35078438
35094866
35113537
35117632
35130334
35182140
35182323
35192127
35209084
35216953
35217129
35220287
35221192
35225976
35229070
35231659
35245311
35250486
35253534
35260997
35262851
35265907
35269975
35277092
35281279
35290579
35291365
35301792
35307552
35320451
35323962
35324276
35326114
35337288
35338813
35350261
35351225
35354551
35358932
35360704
35367479
35390185
35392554
35394521
35394860
35398923
35414014
35419022
35459074
35462581
35464932
35469456
35470007
35487936
35491257
35495328
35496932
35511424
35520122
35529821
35534044
35541172
35561801
35574834
35586217
35587002
35587189
35607535
35621546
35623000
35645437
35651558
35661644
35668439
35675906
35676068
35676781
35681859
35687342
35717227
35724171
35729936
35736307
35737581
35741004
35741996
35748079
35753521
35766570
35776246
35779914
35781210
35796937
35805563
35810254
35814811
35820385
35820521
35823821
35825640
35829626
35831712
35835757
35838878
35855127
35861805
35874226
35883289
35894619
35920468
35922874
35929949
35946614
35964788
35970455
35975993
35978064
35982622
35986123
35990200
36002749
36010862
36018600
36021034
36026999
36053770
36055361
36062845
36067023
36070023
36073051
36075279
36075503
36075631
36081920
36082955
36088473
36119670
36123430
36126463
36133179
36137116
36141206
36147427
36153693
36173472
36176074
36177508
36200292
36200635
36201645
36213348
36217449
36223688
36249966
36252129
36280386
36291236
36292079
36292678
36298584
36310398
36313715
36316692
36317100
36320210
36353539
36358099
36360684
36362393
36363890
36371808
36378591
36403474
36417223
36427310
36439297
36480011
36507261
36520524
36524254
36525944
36531782
36543225
36544594
36544789
36559641
36568513
36573643
36583289
36588030
36612362
36613663
36623473
36657089
36659101
36667379
36671455
36673473
36683180
36690853
36697587
36699152
36704295
36714713
36732958
36738595
36747012
36749470
36755410
36756585
36760480
36762911
36770313
36783929
36786014
36800713
36807883
36809769
36815810
36821014
36829950
36831660
36834733
36846870
36852663
36855085
36879580
36881335
36896904
36900459
36903203
36927659
36937283
36944550
36954958
36972790
36975209
36999497
37003243
37005756
37007255
37010330
37014815
37027040
37035946
37043309
37051479
37072307
37074243
37076837
37078570
37082406
37092734
37116517
37135521
37143364
37150889
37151390
37153839
37164398
37174904
37179380
37187229
37194437
37197035
37206699
37212513
37226804
37230459
37234759
37251713
37253382
37280000
37287536
37287722
37292336
37300324
37305172
37324354
37331911
37336515
37342153
37345756
37369033
37369215
37394372
37402279
37410110
37427517
37428868
37439921
37459860
37460550
37476530
37498197
37505252
37511094
37514648
37518245
37525233
37525295
37525512
37526660
37533057
37536158
37539274
37543096
37543275
37551825
37555832
37561599
37566243
37573747
37575970
37580807
37586914
37621359
37631445
37632837
37636464
37638129
37639135
37662010
37666299
37681985
37683781
37685095
37686480
37687022
37687957
37690099
37701521
37706815
37707232
37715621
37722305
37733453
37736829
37740985
37759163
37772017
37773521
37787022
37792710
37794247
37800028
37803845
37812056
37825854
37827986
37833830
37864883
37875822
37892558
37896937
37907103
37910394
37947274
37949200
37954368
37955424
37988503
37988969
38014443
38021253
38025615
38031494
38035900
38045410
38060608
38062156
38066586
38073278
38075115
38076817
38084696
38089323
38104556
38109006
38112032
38133838
38135791
38135977
38137920
38150195
38160094
38168408
38175644
38177800
38180493
38181685
38182801
38201034
38220620
38222377
38230005
38237497
38238807
38242395
38244919
38245205
38268371
38272346
38274672
38282603
38301836
38312693
38313290
38327166
38336628
38341180
38347853
38351302
38354141
38354794
38356783
38366834
38367762
38373852
38376807
38395690
38402339
38415523
38419703
38445402
38447583
38455737
38456833
38457422
38458518
38472204
38473958
38506681
38508233
38522003
38523373
38526769
38527846
38528095
38536993
38549253
38555206
38563147
38571056
38577250
38579561
38590823
38591294
38599326
38599528
38602525
38613884
38617844
38617969
38619172
38622233
38633379
38641380
38641640
38643520
38651531
38675656
38679790
38699227
38700683
38709108
38724511
38731100
38731455
38745132
38756745
38761375
38766306
38767236
38770486
38770511
38774596
38776008
38784367
38787546
38797374
38797868
38801771
38826049
38828015
38829860
38837006
38839636
38860337
38862854
38863111
38863361
38868496
38877637
38885305
38892477
38895209
38906140
38914352
38931448
38932304
38937155
38944153
38952949
38957117
38963128
38976476
38977413
38978881
38986748
38999213
39004217
39013888
39022189
39028048
39029547
39038508
39040692
39049618
39057035
39074821
39079945
39099134
39111114
39113012
39118242
39121154
39140008
39150837
39156619
39175500
39177700
39182574
39209680
39217697
39221251
39228181
39241281
39248787
39271752
39283620
39287594
39288377
39288712
39291688
39300929
39307002
39317355
39326674
39340299
39350903
39364661
39376274
39378055
39391782
39406214
39417614
39418836
39420528
39426587
39429754
39433464
39435606
39464101
39477345
39500765
39506694
39506794
39511748
39520498
39529563
39530570
39535699
39536837
39549284
39564168
39570806
39571681
39572689
39574250
39575337
39578903
39580689
39581033
39584737
39585807
39602313
39615979
39636884
39636904
39646025
39664975
39666566
39675000
39676626
39689173
39690845
39705379
39728368
39733195
39746283
39748046
39749018
39751819
39752756
39761273
39787168
39789722
39791157
39792365
39812510
39820661
39854110
39885566
39897801
39901117
39910156
39910788
39911268
39912562
39922259
39957136
39961100
39966909
39971945
39975418
39990650
39995936
39998146
40003157
40009332
40017259
40031555
40033683
40038359
40043134
40056176
40064943
40083361
40091693
40105385
40147564
40151374
40161726
40167061
40167826
40182666
40183729
40186369
40188177
40200761
40201365
40205724
40222264
40223284
40227993
40235420
40241790
40266757
40278295
40290042
40298593
40303795
40305763
40320771
40321413
40331017
40341549
40343168
40344058
40348634
40368007
40375139
40382119
40382858
40388983
40392007
40397690
40411683
40412722
40437340
40441751
40448280
40471865
40478128
40482111
40482965
40484492
40490993
40502737
40503724
40507154
40522120
40526085
40527615
40530636
40534326
40550256
40553151
40568890
40572382
40577773
40588672
40599287
40607301
40624718
40626227
40638967
40641318
40658070
40658987
40662515
40688732
40691893
40695434
40701139
40709816
40723877
40727574
40736230
40738390
40738578
40748730
40767375
40770498
40772906
40773028
40775046
40796984
40810739
40829051
40855690
40860368
40876476
40876690
40889361
40892398
40897108
40903359
40904429
40930281
40933125
40945371
40960095
40965322
40976226
40977353
40988359
40993623
41000345
41003286
41005923
41012997
41022193
41029526
41046135
41048361
41051564
41053624
41057273
41062982
41066282
41073906
41080878
41090786
41106853
41115696
41121132
41124513
41133108
41154557
41163123
41173901
41179631
41188201
41188730
41195325
41199192
41201123
41211804
41215184
41223179
41226406
41265664
41268330
41270199
41271850
41275708
41278055
41283774
41292215
41299294
41302309
41311603
41315682
41317739
41324955
41330512
41343768
41349571
41360603
41374957
41375192
41376742
41384796
41384860
41412182
41427845
41428413
41433588
41437360
41439238
41444467
41445876
41447829
41454629
41468145
41474964
41479208
41490037
41494122
41509725
41515635
41516628
41523374
41524671
41526672
41529449
41555633
41566074
41567610
41573328
41575186
41583710
41590546
41598805
41602585
41609034
41610732
41612272
41618574
41626743
41639284
41648747
41652565
41662280
41680798
41684876
41697779
41703959
41707380
41715858
41729745
41734392
41738941
41739086
41747133
41756270
41757077
41757711
41769553
41770613
41773015
41774921
41780041
41795219
41806597
41814400
41836618
41837183
41846585
41857824
41865056
41870184
41870657
41874341
41905109
41906054
41927542
41931037
41932752
41932895
41952285
41960099
41960332
41967333
41975438
41985192
42000288
42015388
42020434
42029836
42068112
42068513
42070625
42071028
42081645
42085215
42088495
42118227
42120237
42140543
42143607
42148953
42163236
42163681
42170285
42186195
42188402
42214535
42221198
42223546
42226007
42235029
42248988
42256834
42262146
42271638
42276979
42283294
42287162
42311645
42320427
42327719
42329454
42338791
42339191
42339958
42348101
42368693
42371904
42384432
42399790
42404923
42406629
42432810
42433326
42436047
42446381
42456021
42457387
42465362
42466796
42486218
42491746
42493695
42494031
42496601
42527689
42531449
42533308
42541180
42545741
42558147
42562947
42572735
42614258
42627051
42630286
42635136
42668262
42671254
42675450
42676128
42697414
42700003
42710350
42712990
42713349
42723777
42727593
42731341
42745896
42749158
42759005
42790609
42793693
42795377
42807136
42824016
42826423
42847204
42855186
42874247
42907431
42923590
42936562
42947115
42952520
42967794
42976663
42978147
42992506
43013505
43014520
43029644
43041699
43042198
43051114
43069797
43077458
43084474
43100796
43106314
43111374
43114260
43121114
43135437
43140053
43143325
43151270
43156322
43165010
43168069
43177362
43180667
43182700
43184762
43190175
43190908
43195130
43198443
43219706
43227156
43238983
43241006
43253172
43267675
43289701
43295184
43296110
43298790
43299202
43300059
43340555
43345801
43348337
43357237
43371656
43371993
43400359
43404704
43412643
43419860
43421085
43423222
43440687
43444035
43452530
43454795
43459889
43461525
43462176
43464873
43478108
43478216
43478897
43481131
43492687
43494726
43505151
43542723
43588187
43588915
43590901
43603620
43618287
43624170
43629572
43631732
43633807
43637743
43640282
43647029
43656470
43658694
43666144
43667201
43667713
43676978
43697123
43700479
43709185
43715419
43716906
43732749
43752387
43754159
43759050
43782040
43797752
43799523
43806655
43810226
43814414
43835568
43836512
43837689
43842107
43843483
43843550
43844919
43854496
43871839
43876808
43877734
43879400
43902940
43903967
43915688
43917993
43918169
43920122
43937488
43945049
43945675
43946373
43947206
43958386
43958391
43961339
43971777
43977881
43999396
44026534
44032844
44040849
44051930
44057885
44061871
44062548
44082832
44095376
44097471
44105866
44118998
44129674
44130289
44140666
44145751
44156901
44167113
44171816
44175548
44191239
44207362
44207565
44218427
44221379
44223599
44239711
44258659
44272309
44275502
44289220
44294169
44303017
44305413
44336934
44338252
44338390
44339397
44340755
44356208
44357596
44371280
44384946
44394759
44402353
44409320
44428772
44429256
44447749
44448396
44462059
44467005
44469801
44474555
44475314
44478428
44484711
44488502
44518599
44521485
44535104
44538161
44546764
44557629
44558432
44563191
44575513
44580911
44591450
44592865
44593123
44598938
44600493
44609757
44624889
44635430
44643716
44646357
44653870
44654266
44667247
44676528
44679308
44680777
44682688
44698763
44700265
44709321
44729979
44731841
44740325
44765294
44767197
44777875
44782442
44790017
44800114
44804711
44817369
44819406
44828018
44833040
44833673
44838456
44852213
44854753
44869974
44871920
44874215
44875612
44876284
44877099
44878523
44901380
44902603
44904599
44922477
44935048
44941520
44947312
44952678
44956389
44965430
44991843
44999404
45006062
45012203
45027515
45029384
45031722
45058409
45067883
45085486
45105862
45107260
45112129
45118152
45126158
45135090
45135710
45135868
45141677
45152031
45155249
45163802
45176696
45180111
45190321
45218000
45220412
45238432
45240180
45246882
45247327
45262171
45268960
45277689
45283243
45307398
45310813
45315192
45315597
45323666
45327077
45327893
45340936
45348306
45348538
45350095
45365819
45371550
45375500
45378315
45383025
45393928
45439903
45443232
45456937
45457540
45458071
45470396
45474861
45476127
45479709
45484108
45509998
45510813
45513373
45520419
45530239
45546310
45550191
45558071
45562184
45562314
45565809
45570922
45579660
45603768
45611114
45612440
45631226
45634851
45641509
45664818
45674176
45675293
45680839
45715205
45725146
45736761
45749806
45767603
45774583
45797091
45797668
45800525
45803149
45828973
45834287
45839934
45846284
45851691
45856337
45858845
45860751
45865112
45866299
45884247
45894819
45901472
45905690
45925542
45935874
45938732
45943598
45944500
45953462
45953955
45957972
45970131
45997057
45997239
45998277
46009419
46012502
46025092
46043846
46043890
46053320
46060024
46077040
46080077
46083982
46104592
46113004
46121938
46123362
46142886
46149678
46154796
46158849
46170309
46170508
46175518
46176911
46193515
46206263
46207407
46214638
46216362
46218793
46233996
46234959
46236837
46245869
46268263
46285203
46285873
46301020
46320562
46321135
46328522
46354468
46368044
46389056
46390662
46413424
46429879
46431248
46435840
46442709
46445232
46445491
46450128
46452323
46462706
46466204
46472242
46473777
46480772
46488602
46504290
46506826
46509346
46526143
46528098
46546916
46560203
46560760
46564196
46570498
46572236
46575767
46582904
46588048
46595429
46596472
46599801
46609529
46618911
46620500
46627201
46629432
46633723
46635001
46636211
46643752
46650621
46662558
46663627
46665729
46675750
46692714
46692820
46694941
46715284
46716645
46731821
46734744
46743621
46747614
46757302
46759352
46761056
46762181
46776089
46777191
46781070
46786059
46792088
46804990
46812386
46821559
46837240
46840257
46851823
46852294
46872435
46881794
46889332
46892334
46897558
46921946
46923994
46931818
46936735
46938760
46945970
46968097
46973012
46978277
46986151
46986250
46989404
47002071
47026547
47030708
47038759
47053678
47056476
47068181
47077836
47081159
47096789
47101535
47110942
47117671
47135122
47141949
47144861
47168449
47169272
47178429
47190682
47202196
47219006
47225539
47232529
47233710
47240695
47245183
47270611
47278031
47292349
47295459
47295497
47305482
47319105
47325308
47328208
47342360
47365388
47372574
47374411
47375559
47380586
47384646
47387055
47389976
47390180
47399961
47407857
47411297
47422889
47440623
47440751
47447585
47476045
47476243
47478345
47481686
47488833
47491394
47492786
47500723
47514315
47515772
47517274
47535354
47545813
47556229
47559798
47564109
47582918
47588879
47595545
47596576
47597939
47606110
47607538
47614697
47627158
47633526
47648011
47653317
47656152
47656253
47661533
47665643
47680524
47688455
47692826
47693445
47693602
47701343
47703095
47711895
47717275
47741769
47744542
47745130
47746209
47761685
47766942
47769448
47772912
47779709
47779808
47787915
47793907
47796972
47800068
47804353
47804925
47812056
47826896
47838370
47840689
47841572
47876232
47885212
47891486
47891843
47906563
47918578
47921680
47925257
47937520
47947945
47949356
47949597
47954587
47957668
47959850
47965126
47982129
47985517
47987446
48011025
48011623
48013346
48019720
48021159
48031745
48041131
48045346
48045360
48064054
48073129
48084351
48087546
48087596
48091935
48092459
48096964
48112405
48123611
48130755
48137813
48144696
48149463
48160182
48173223
48175130
48176645
48179468
48189968
48190643
48196577
48205344
48209717
48219610
48236314
48246325
48250954
48266735
48269758
48270620
48272861
48286889
48287385
48297140
48311287
48318501
48326906
48330798
48333364
48348864
48348898
48350443
48356439
48365623
48368633
48374179
48374837
48385112
48388964
48389724
48408228
48410140
48410389
48416362
48417697
48422995
48426008
48438084
48439169
48441160
48442486
48446454
48452866
48457519
48469378
48471882
48474184
48478549
48490659
48523896
48527081
48538182
48545081
48549646
48564952
48571621
48578127
48585177
48593698
48600222
48609740
48613942
48615133
48617573
48620432
48626733
48630518
48630895
48635644
48657566
48665282
48676213
48677842
48707869
48714923
48727752
48736253
48741032
48758250
48760004
48774014
48774211
48785941
48788344
48790995
48798864
48813944
48819628
48821274
48821351
48829916
48853024
48860173
48866298
48876314
48897851
48903244
48904113
48906148
48919191
48921119
48932721
48934546
48937388
48943612
48946581
48953202
48957546
48959458
48959870
48966197
48967787
48971934
48980461
49010218
49022087
49042050
49054818
49066099
49067302
49068472
49071673
49104499
49111694
49125476
49167363
49172333
49180214
49202248
49214654
49214668
49225101
49228929
49233103
49241481
49252276
49274807
49276920
49277305
49279275
49286398
49303650
49304716
49317486
49319282
49327171
49330950
49337012
49339367
49344558
49358918
49367077
49367616
49368149
49370923
49380783
49385004
49390554
49404493
49411168
49417570
49424810
49429969
49441325
49457340
49460259
49460582
49469553
49480393
49481425
49489015
49491891
49495770
49528410
49533369
49542532
49544014
49546406
49560149
49577608
49578533
49589184
49630164
49633042
49633598
49634184
49645150
49649274
49661975
49665195
49672533
49678023
49678736
49685855
49688403
49717811
49729849
49742628
49745817
49747563
49763442
49773947
49777169
49781442
49785154
49794538
49795087
49797600
49801501
49802675
49807011
49815481
49820791
49821109
49832220
49832528
49834665
49848496
49856058
49861954
49876631
49882885
49883850
49884728
49885541
49891903
49892110
49901327
49911038
49926335
49935388
49942641
49943878
49946194
49949563
49955851
49957204
49959171
49965284
49969017
49995117
50000149
50015982
50016716
50017761
50029694
50045225
50048476
50056340
50056853
50060214
50074386
50083622
50083806
50091840
50101001
50104033
50108135
50112974
50115360
50118450
50123455
50138582
50142768
50144422
50144489
50168051
50174581
50182882
50183175
50193154
50195620
50206639
50225904
50225950
50250643
50263066
50276302
50302124
50318678
50328947
50370933
50374217
50377230
50378738
50379648
50390034
50394995
50396924
50402046
50404133
50422223
50431219
50433772
50439858
50440965
50443673
50448208
50458853
50462605
50472269
50506968
50507833
50511138
50513630
50524872
50527164
50544556
50554569
50556832
50563463
50569491
50574785
50585040
50604428
50613214
50617599
50623477
50631504
50632804
50633170
50642375
50644064
50652043
50657169
50658965
50671606
50674519
50677263
50691928
50692337
50693181
50704147
50707698
50716261
50726145
50729820
50731475
50738037
50739799
50759169
50760629
50763140
50764562
50768770
50774118
50780419
50798491
50801717
50812902
50832749
50832946
50834562
50834884
50842440
50857016
50860904
50866992
50877168
50887701
50891790
50892363
50892811
50896951
50898052
50911546
50914002
50930374
50931317
50939400
50941670
50941774
50959632
50965562
50978378
50984905
50990771
50991417
50993267
50998013
51008331
51010598
51027668
51028107
51029574
51038354
51042093
51043123
51043264
51046968
51054929
51070021
51070783
51075260
51088513
51091425
51091865
51095165
51102655
51102880
51142379
51143351
51157869
51158508
51160409
51162045
51163524
51184645
51205316
51231493
51237393
51240212
51242725
51244668
51250843
51262144
51266581
51267338
51269448
51270149
51283408
51294784
51304029
51309527
51323070
51328081
51329397
51344149
51344558
51355407
51360123
51363438
51370301
51381223
51389279
51417867
51435054
51435508
51454267
51456313
51458345
51465578
51468751
51485297
51492452
51498116
51507361
51508595
51554506
51562066
51569068
51570342
51571969
51571975
51580541
51584992
51587200
51595746
51615168
51624619
51632393
51634708
51648715
51653664
51668380
51676232
51684229
51688894
51701110
51707237
51708525
51711917
51715890
51725797
51730261
51734890
51738466
51763495
51767738
51774822
51792607
51799949
51805509
51806699
51809367
51817963
51826715
51827141
51827361
51829377
51831167
51833921
51838375
51846571
51849676
51850314
51873052
51876018
51879834
51898788
51900717
51909937
51910792
51917635
51930880
51935059
51940165
51940231
51945528
51949159
51954013
51969367
51972552
51976398
51978497
51979612
51985743
51991610
51997313
52027920
52036576
52036957
52036973
52039505
52054355
52056068
52062578
52073813
52074310
52084600
52091215
52092513
52099884
52121976
52124384
52125376
52127244
52127689
52135667
52137154
52143617
52143887
52150166
52150669
52164713
52171444
52190106
52197938
52216916
52224976
52249271
52255233
52273692
52274260
52274969
52276979
52277457
52282553
52291131
52291565
52296942
52308274
52311967
52317240
52354342
52358478
52368414
52372148
52378573
52392643
52405102
52406181
52413628
52418550
52418875
52433746
52438297
52455512
52456653
52475301
52476784
52479181
52490596
52497536
52509048
52517840
52524376
52537194
52537854
52541420
52544635
52546005
52549798
52568938
52569004
52589360
52605382
52625497
52629266
52632081
52633279
52643698
52648973
52668747
52687295
52691566
52706041
52711587
52736017
52736697
52745129
52747189
52754894
52762987
52772455
52779049
52785865
52802978
52807390
52809790
52817449
52818888
52825725
52830994
52832090
52840204
52852783
52857195
52883274
52888827
52893821
52894567
52901616
52907345
52912061
52912952
52917297
52918154
52923653
52927690
52934383
52934510
52940320
52956622
52958247
52972984
52973869
52978479
52984663
52991278
53018999
53020445
53025247
53037171
53049511
53070819
53092095
53108133
53114620
53120269
53128931
53129550
53133009
53139384
53141211
53151272
53161934
53167323
53176079
53179206
53186718
53190297
53223737
53224583
53229438
53242835
53250701
53265451
53276712
53281846
53281862
53286791
53307629
53320384
53324375
53331394
53342771
53342798
53346710
53347474
53355725
53360231
53362148
53376259
53392558
53407144
53415977
53419934
53423036
53424859
53432461
53433657
53435499
53436413
53439248
53447090
53453528
53453958
53459441
53469774
53469881
53486582
53490811
53495656
53500999
53508588
53509859
53524109
53527372
53531308
53548137
53555304
53566007
53567525
53568427
53571712
53572055
53576977
53582961
53597882
53602572
53607688
53615774
53623882
53625430
53625794
53631731
53650659
53655432
53658242
53669665
53672797
53677626
53695158
53698004
53705634
53709287
53719896
53729349
53733283
53746667
53756974
53758018
53759092
53783961
53803479
53804506
53817941
53824512
53829065
53837056
53851279
53871601
53873353
53880858
53881049
53882788
53884637
53889113
53897221
53915833
53931740
53933250
53938448
53946609
53949255
53983556
53986193
53991242
54009701
54022019
54026807
54026955
54035437
54036271
54041103
54053826
54093410
54095752
54107694
54121472
54141002
54141707
54144699
54145892
54161099
54164920
54167718
54175558
54176693
54178403
54188549
54199973
54199988
54207706
54217563
54218294
54222274
54222684
54228614
54247618
54259672
54264065
54282546
54301276
54307577
54328572
54335800
54342406
54342450
54347126
54352914
54365293
54365379
54382042
54383112
54395338
54402915
54429176
54431659
54433608
54446077
54457772
54463902
54467993
54477268
54506254
54509259
54513300
54519253
54534543
54546243
54551927
54579072
54582596
54590688
54591951
54598126
54600430
54600447
54609922
54622467
54638587
54644409
54656151
54657211
54659338
54699768
54700216
54715873
54736700
54742337
54746172
54751759
54751952
54755706
54767221
54767443
54771698
54775135
54791701
54795411
54795945
54798696
54800110
54805514
54809293
54814156
54819636
54828033
54829537
54830353
54843456
54868004
54871124
54880583
54884276
54885991
54892949
54893054
54894588
54899080
54903975
54907899
54908148
54927528
54931937
54932292
54933317
54933418
54935705
54957982
54971814
54976045
54978896
54982836
54992062
55012444
55021820
55022622
55031483
55034180
55063303
55065669
55066703
55073794
55075354
55079960
55083342
55109936
55114666
55118874
55119331
55123805
55139742
55161997
55162096
55172381
55173606
55175603
55195040
55195897
55212878
55221828
55231029
55238872
55244486
55282506
55283281
55288724
55295316
55308545
55313211
55314348
55316041
55316445
55337632
55343222
55348047
55348607
55350340
55352916
55357788
55359094
55378504
55378614
55383543
55385875
55393898
55394756
55401692
55403461
55404357
55413354
55425769
55431763
55436800
55438775
55458907
55458949
55461495
55463478
55476245
55487355
55495617
55496567
55510241
55514837
55515745
55523157
55526077
55528612
55530969
55541126
55542433
55543179
55549204
55561954
55567997
55590150
55593810
55595639
55596295
55614157
55616796
55633413
55634530
55635525
55635837
55636544
55654119
55657311
55675042
55675272
55678356
55698577
55707333
55707967
55711893
55714694
55716868
55726290
55730444
55732136
55732315
55744224
55745799
55758616
55759003
55775031
55795881
55801866
55814737
55822117
55830379
55833938
55844814
55855128
55855834
55863207
55870725
55871620
55897679
55899806
55905774
55928597
55931778
55944923
55948804
55955612
55956420
55965086
55968776
55977044
55989073
55990445
55990932
55993265
55995709
56021139
56021316
56023335
56025758
56030981
56031146
56032451
56047487
56056337
56056680
56064728
56084552
56089556
56091166
56091533
56092449
56099921
56113935
56125605
56128129
56135594
56149591
56155177
56157098
56159657
56163236
56165707
56166638
56192121
56199015
56201323
56203874
56205878
56222622
56243359
56244800
56249789
56261912
56274048
56289965
56307768
56310222
56314461
56332250
56348130
56357527
56359229
56379440
56384879
56385603
56399165
56409428
56417462
56430786
56433128
56447632
56451908
56457896
56459951
56463223
56463840
56465776
56469375
56497828
56509464
56509520
56512112
56518726
56531061
56537844
56539110
56550550
56556608
56559948
56561325
56575132
56592364
56594240
56600009
56606423
56610763
56612708
56619557
56626554
56628367
56633173
56634928
56635453
56638813
56649456
56653237
56654107
56655319
56672463
56688857
56704571
56711373
56712999
56715958
56719638
56721127
56728456
56729234
56744056
56749016
56759324
56782170
56783341
56786908
56792241
56793065
56813966
56825625
56837179
56841551
56845061
56857715
56862323
56869386
56871480
56877756
56881323
56893821
56894819
56906028
56913549
56915102
56918763
56942180
56952906
56965761
56972896
56973934
57020267
57028886
57040737
57040829
57048164
57058636
57058844
57062188
57067824
57076848
57081949
57084998
57105010
57105346
57105519
57120082
57140430
57148642
57162906
57163357
57166214
57177414
57180668
57183056
57186961
57191794
57194822
57203229
57217809
57219366
57225581
57229209
57241488
57253083
57260328
57263415
57267077
57283026
57306346
57316464
57328122
57332925
57339014
57343388
57345708
57345963
57357131
57357445
57379316
57386378
57388095
57395206
57402520
57403472
57404248
57405208
57426886
57437681
57439399
57445566
57446537
57456685
57464738
57467312
57474476
57490441
57491165
57508631
57520259
57521025
57532933
57536335
57536967
57543890
57548946
57560131
57561552
57571206
57571874
57577016
57577289
57581795
57582234
57591181
57593402
57599864
57603178
57604284
57612715
57614456
57642631
57652210
57654066
57659219
57659590
57675696
57678962
57695370
57695400
57707188
57708267
57709406
57717105
57737525
57740730
57745209
57764221
57781119
57790043
57800799
57815010
57816793
57825799
57836300
57839181
57852718
57865067
57872416
57880752
57881784
57885499
57885824
57890809
57894441
57899523
57899725
57903341
57909674
57921925
57923672
57924603
57938165
57942596
57959435
57961003
57964412
57972310
57978300
57978613
57980479
57991454
57996596
58000187
58001942
58017662
58024028
58046225
58049863
58050590
58055660
58056879
58060425
58064538
58067852
58075017
58079343
58080889
58101180
58107278
58122414
58142555
58155664
58167916
58180546
58182547
58187970
58191267
58205265
58205892
58208334
58209992
58210056
58226487
58255735
58264647
58282727
58293628
58311971
58313154
58319222
58322430
58323493
58329423
58335808
58343400
58357986
58363198
58366788
58370603
58388205
58402433
58404928
58413057
58420096
58422459
58429025
58434490
58471197
58476976
58478255
58487258
58503152
58505030
58505868
58521197
58532688
58567049
58578537
58585781
58587138
58597519
58609457
58615923
58616405
58626675
58634006
58637088
58637186
58644484
58656601
58666484
58671156
58674152
58684024
58688243
58689049
58690610
58700616
58704768
58706068
58710394
58712720
58719245
58724509
58739844
58746701
58748902
58756904
58763503
58767891
58768981
58782683
58814570
58820522
58822158
58825294
58827372
58834476
58848718
58849230
58854845
58856728
58859075
58861761
58862037
58871904
58878546
58903180
58905312
58912031
58924214
58926753
58939382
58942737
58947777
58979263
58985630
58993932
58997131
59000336
59005299
59011690
59015237
59015963
59031041
59033649
59039655
59042014
59044726
59058556
59067304
59071448
59077309
59083877
59084314
59094905
59104422
59108401
59113206
59118661
59120631
59127037
59133224
59142585
59158676
59163311
59173177
59181242
59190969
59208825
59212027
59222140
59223504
59226926
59233692
59236694
59241950
59243941
59263648
59270696
59272055
59276470
59278936
59290538
59304454
59315488
59317440
59320086
59327848
59364778
59377451
59381745
59388555
59394280
59412196
59459430
59464735
59466572
59471380
59476687
59476893
59489512
59493145
59501631
59510302
59525626
59532545
59543255
59546065
59548502
59554934
59555944
59570054
59572800
59577033
59577666
59585084
59603421
59612095
59621339
59622478
59631059
59636965
59646754
59652871
59659227
59665564
59673192
59682635
59701003
59733458
59733534
59739697
59740447
59743503
59753280
59755240
59770681
59774996
59779791
59784333
59786388
59790706
59791996
59794231
59830599
59833063
59836084
59841051
59843195
59844435
59852133
59852879
59859427
59869172
59871632
59877328
59879537
59887814
59908879
59914357
59917268
59940746
59955441
59958830
59960578
59966146
59967235
59967626
59976922
59977550
59998593
60004935
60012241
60016237
60017465
60059437
60065672
60066498
60070275
60071953
60076722
60099409
60138353
60157230
60157912
60174498
60180821
60198170
60202007
60204419
60208463
60231362
60233172
60238305
60259592
60267740
60279121
60291671
60311448
60322595
60326084
60344787
60349305
60355584
60356507
60382774
60390591
60394799
60398150
60403956
60414442
60421296
60423191
60429344
60436758
60440381
60443815
60445375
60453802
60454504
60460582
60464416
60491114
60494877
60503097
60507737
60508220
60515777
60518136
60543037
60549227
60556907
60558099
60575383
60577610
60588058
60591311
60593660
60607234
60615051
60619255
60620201
60624606
60627305
60629589
60639818
60640897
60642423
60655602
60662395
60668349
60679374
60679928
60680894
60683561
60687119
60697867
60710903
60714701
60722481
60724449
60735662
60737405
60740378
60745433
60745516
60745646
60752610
60754746
60757702
60761568
60772271
60773230
60773684
60774847
60778493
60783040
60789451
60802048
60811458
60811459
60837099
60869165
60870185
60871303
60873696
60886443
60888462
60892815
60893209
60893228
60893774
60895495
60896704
60898574
60905220
60929582
60931095
60934882
60935932
60936925
60947145
60948944
60953097
60954129
60961316
60970473
60975597
60978159
60994868
61004739
61006633
61011484
61036589
61043075
61043763
61045710
61056783
61060572
61062221
61068289
61071009
61071456
61072036
61099429
61100480
61101246
61124005
61128556
61131181
61137891
61150148
61157468
61161873
61170768
61171231
61173002
61192581
61194173
61204443
61208676
61216135
61219398
61227170
61243958
61249732
61251401
61252651
61256051
61277178
61277477
61285568
61287570
61287613
61289767
61298174
61300397
61301944
61305530
61333924
61335999
61339223
61364540
61365277
61368631
61376954
61387874
61388896
61397684
61399298
61405563
61412219
61416263
61419861
61441340
61443078
61449284
61450770
61468805
61473883
61476788
61490603
61499050
61499279
61499637
61504962
61511381
61513880
61515509
61522993
61525548
61528887
61539894
61542061
61543777
61559515
61573903
61580519
61580857
61586602
61606938
61612052
61617062
61622577
61632663
61635638
61637459
61641747
61645252
61667392
61674340
61681630
61686927
61693975
61696520
61696571
61700971
61702666
61704086
61705477
61708045
61708838
61712990
61719450
61720776
61724324
61726689
61731164
61741665
61750971
61760279
61763912
61766452
61770480
61777126
61799257
61812170
61819356
61843773
61847825
61850076
61861639
61862676
61863129
61881112
61891228
61891638
61900335
61908439
61909663
61911012
61927393
61930309
61930478
61930692
61937052
61938960
61941722
61963694
61964686
61968108
61968525
61972103
61982027
61993938
61999963
62007600
62019038
62022999
62043937
62063625
62064646
62066941
62080864
62085612
62098378
62110637
62114480
62127082
62135198
62145584
62157469
62160188
62162605
62180672
62182809
62185689
62192994
62196180
62199257
62199603
62227436
62283761
62290405
62297756
62303456
62304276
62310662
62314173
62318561
62319175
62322135
62322406
62324467
62336308
62336497
62379893
62380541
62382827
62391236
62395994
62400241
62400899
62401347
62410745
62428238
62431730
62459087
62463725
62475968
62478178
62480492
62493888
62495370
62498544
62511182
62511396
62520678
62522029
62523437
62534890
62537195
62543742
62561491
62572275
62590448
62594350
62601351
62601639
62602086
62608784
62613543
62614908
62618729
62622241
62625797
62627069
62628918
62644362
62645560
62649407
62652233
62676145
62680812
62681357
62687018
62693994
62706240
62706754
62713204
62724011
62725559
62736543
62742329
62748635
62749734
62755121
62756806
62761391
62801786
62802718
62803929
62810970
62811187
62815432
62824104
62824974
62828093
62832333
62833601
62834181
62840418
62847769
62848607
62851501
62857106
62859296
62862866
62866875
62867543
62868214
62869188
62872084
62878513
62886785
62890829
62892606
62898990
62905628
62918679
62924449
62946619
62949668
62955262
62965302
62969001
63005388
63011654
63016498
63017537
63027006
63030363
63051354
63057178
63059502
63077879
63081591
63122651
63140693
63152540
63154049
63157824
63158736
63167095
63168678
63170633
63173522
63188431
63189077
63224970
63225662
63240734
63246277
63248858
63251968
63253102
63259003
63262277
63266998
63274705
63302188
63319184
63319906
63320537
63334077
63342129
63356393
63363841
63365791
63383677
63397497
63422291
63424444
63424887
63444003
63461406
63478736
63486171
63489210
63491730
63495701
63501382
63510043
63511351
63512366
63517731
63522897
63523249
63527549
63527901
63531445
63532257
63543299
63557536
63557594
63576492
63595449
63600520
63609423
63617665
63622582
63630210
63631199
63631956
63639799
63643959
63648762
63668519
63669363
63675177
63680418
63680625
63683596
63691287
63697503
63702098
63709293
63713568
63724285
63724735
63729986
63730310
63738120
63739368
63745323
63747135
63749732
63778165
63798249
63798254
63802406
63806344
63807121
63811548
63815162
63817328
63838140
63845747
63854094
63855803
63860543
63863851
63872131
63887537
63912187
63930298
63936279
63947332
63963642
63970203
63970687
63982618
63986623
63989062
64002767
64008673
64012494
64018607
64022597
64028894
64032751
64034530
64035382
64036970
64039452
64042835
64051294
64074547
64092773
64094161
64107434
64108317
64111798
64132561
64137084
64146414
64146769
64149798
64173614
64176491
64183419
64190365
64192954
64195769
64197064
64205488
64205971
64226388
64227397
64229295
64229366
64231198
64233823
64259162
64267654
64274358
64279181
64297308
64299387
64302385
64308070
64311358
64314694
64316526
64326749
64333593
64336744
64357052
64365285
64368015
64372710
64377574
64399337
64402465
64409100
64412714
64417738
64418643
64433212
64443602
64444866
64448633
64450461
64451594
64455357
64463986
64464597
64475513
64485042
64488976
64517440
64518376
64522993
64526151
64527237
64529660
64533251
64535026
64536201
64536480
64537493
64538987
64540697
64541463
64545357
64555000
64559507
64567223
64569698
64571916
64581410
64603862
64603928
64616265
64620495
64629245
64645871
64645988
64651962
64654122
64659954
64662818
64679842
64682848
64682864
64732136
64741247
64745654
64757511
64762900
64778252
64788142
64794135
64795936
64800656
64801862
64818882
64821977
64839658
64851416
64856258
64858647
64859192
64865248
64865901
64866660
64871425
64873385
64876912
64896257
64908511
64917489
64921403
64942821
64947716
64970197
64990661
64990811
64992215
64994152
65016883
65026867
65031046
65055715
65067896
65094133
65099886
65101258
65105701
65136397
65139962
65141232
65143293
65150663
65161334
65174033
65181520
65200028
65206743
65213562
65224549
65239904
65241378
65252954
65260163
65299561
65307401
65308648
65318387
65332105
65340468
65374455
65390713
65395110
65401359
65411144
65413582
65424244
65444624
65452081
65452180
65471426
65473857
65480412
65489177
65495620
65496680
65509070
65509744
65526331
65527596
65538379
65570081
65575027
65588008
65590920
65591107
65592623
65595395
65609021
65613647
65634030
65636280
65638450
65644343
65669815
65678096
65700343
65705598
65718685
65736172
65742044
65746343
65748295
65764347
65765089
65777116
65784066
65785576
65792221
65796959
65802915
65803539
65807668
65820263
65826346
65834534
65852189
65860685
65865891
65868625
65878360
65894587
65897920
65900226
65926977
65930020
65932294
65963858
65981169
65992937
66007299
66009501
66010602
66014583
66022020
66025416
66030114
66039230
66039346
66045582
66051786
66059935
66062778
66076852
66087582
66088540
66097635
66116029
66118706
66120582
66123245
66123879
66126433
66126465
66130066
66130409
66134473
66135283
66136461
66136810
66143000
66145607
66156223
66169505
66171378
66174004
66178916
66179421
66183866
66187596
66190799
66196019
66214540
66223190
66223680
66244549
66247239
66248555
66251385
66254872
66256317
66264977
66268217
66269729
66281580
66291847
66293831
66301759
66302286
66304827
66306933
66309607
66319927
66320803
66323712
66337966
66346651
66350654
66360670
66381823
66388234
66394535
66399912
66407339
66413924
66421340
66425215
66433816
66464416
66466126
66476036
66480401
66492719
66532847
66540926
66554409
66574968
66576072
66581566
66590073
66595816
66605360
66606563
66610850
66611012
66616565
66617261
66623092
66638788
66653782
66654454
66656280
66657635
66674305
66686792
66692154
66696507
66698879
66708933
66716212
66721198
66724324
66724987
66735149
66739706
66743161
66771545
66784231
66786409
66826119
66826949
66828568
66829372
66835680
66836481
66856759
66860120
66865180
66874225
66878183
66878325
66885838
66900897
66905585
66908292
66909713
66914798
66916840
66920196
66924839
66934893
66939247
66942036
66944356
66945826
66955135
66963867
66973323
66974544
66975385
66979379
66982792
66990685
67002454
67009450
67010990
67014863
67024278
67026245
67027338
67046915
67063683
67071390
67077161
67094221
67097488
67101012
67102282
67104841
67105541
67109285
67114745
67118690
67134482
67172620
67173443
67176663
67178723
67187301
67197968
67205058
67207928
67225387
67225947
67250357
67256268
67259214
67261693
67264421
67284837
67294071
67300942
67308910
67310854
67310928
67318007
67319761
67332885
67334549
67352817
67359615
67359844
67360526
67368837
67370210
67384815
67396530
67402809
67406327
67413771
67418691
67418823
67424129
67439978
67440238
67445575
67455398
67472599
67480400
67494108
67499912
67506451
67513985
67522736
67533625
67537043
67544432
67547464
67556449
67564789
67568736
67570654
67573019
67589785
67614953
67626150
67685987
67690049
67690570
67696251
67702488
67704749
67715580
67726595
67730487
67740011
67740209
67749483
67752696
67752923
67760207
67774503
67776869
67782148
67793484
67798230
67801565
67801930
67809347
67818995
67837503
67857292
67873327
67880908
67903941
67922321
67934635
67935476
67936220
67944862
67946135
67952876
67952943
67958193
67961590
67981625
67993688
67996075
68002164
68002427
68006604
68007480
68010507
68012930
68013185
68021810
68033332
68060730
68066981
68071646
68075490
68076342
68090214
68094840
68103713
68112013
68121081
68127429
68132194
68137223
68145638
68154448
68155002
68157497
68157737
68163936
68167322
68167848
68175526
68176533
68188209
68189118
68191307
68194808
68202180
68206343
68213415
68215116
68229025
68246570
68247691
68248157
68252009
68257699
68258002
68258460
68259398
68268613
68270742
68287200
68288465
68297911
68305184
68332670
68338676
68351059
68352563
68365249
68374606
68394506
68399272
68418885
68425608
68430723
68442605
68464363
68472394
68480662
68486458
68513362
68528057
68530589
68531994
68535611
68549163
68556249
68562325
68585448
68588796
68590719
68594240
68594288
68600155
68615147
68623682
68625631
68650306
68651422
68652680
68653383
68665743
68669850
68679598
68681380
68682292
68682822
68684163
68684624
68699164
68699225
68708975
68735181
68751705
68752776
68762591
68768989
68770469
68783915
68788653
68790632
68791284
68802207
68807476
68811835
68812197
68821251
68829180
68830469
68859023
68871005
68875339
68875467
68880137
68883186
68888635
68897681
68912319
68920656
68923061
68926499
68929795
68938189
68943795
68967467
68973173
68976702
68977231
68978327
68981123
68984254
68990586
68990888
68994142
69013792
69031157
69043923
69050595
69051921
69073061
69083708
69084628
69088095
69091105
69093495
69096436
69105269
69114682
69115424
69120606
69124614
69136680
69166133
69172445
69174992
69177367
69184097
69191625
69195661
69214822
69217721
69217844
69220193
69224091
69231659
69232845
69245945
69252738
69253087
69263906
69268775
69287206
69291664
69292033
69292056
69305791
69321026
69324506
69325507
69330253
69332876
69340568
69347623
69354098
69354479
69356819
69366538
69383692
69389720
69403603
69409834
69415423
69420979
69421421
69422774
69434713
69435165
69437060
69439914
69440588
69464786
69465726
69472927
69475081
69480120
69495742
69501629
69503582
69505056
69506166
69513329
69514652
69521461
69525409
69544953
69554432
69554592
69561409
69566643
69568638
69574160
69580711
69584065
69593172
69594557
69607038
69610631
69617582
69622118
69626864
69629821
69631089
69633295
69634859
69646120
69647818
69648335
69672415
69674311
69694730
69703456
69704563
69721738
69749995
69750255
69769339
69772339
69790511
69791455
69804209
69811691
69814559
69835294
69837392
69850988
69858725
69872326
69896732
69922425
69932026
69933795
69946094
69949378
69955830
69960764
69977720
69980387
69983160
69983448
69983963
69985747
69996710
69998442
70006604
70009890
70025953
70050794
70058594
70059652
70061598
70068914
70075622
70077586
70084915
70087169
70092326
70094165
70109999
70115314
70116567
70129015
70140829
70140851
70149373
70158598
70160680
70172250
70172260
70182732
70184254
70185997
70187862
70193991
70209329
70212239
70213009
70216108
70224120
70231026
70232233
70235549
70246098
70251345
70251814
70268036
70272761
70276997
70279995
70293115
70294673
70297769
70302395
70302565
70311376
70324749
70331609
70332968
70339322
70344126
70346942
70354281
70354591
70363577
70367917
70372788
70379337
70381067
70387604
70392812
70393461
70399635
70399709
70400395
70401776
70405102
70416750
70423835
70427617
70431117
70436689
70445304
70448293
70457077
70457223
70460733
70463896
70467302
70469643
70475507
70480566
70519102
70521316
70533457
70536514
70536676
70547517
70575328
70584884
70586966
70588736
70592967
70596786
70597425
70605045
70610258
70615315
70617911
70625345
70668447
70673460
70679120
70684268
70697374
70702410
70703797
70705097
70711518
70714900
70714970
70718660
70720208
70732549
70743420
70759346
70762388
70777908
70787746
70817854
70818980
70832972
70833076
70845146
70851443
70857646
70860283
70862236
70872114
70890348
70892827
70901470
70907880
70908670
70915233
70931321
70937183
70940145
70941701
70943269
70948170
70952187
70956879
70966637
70968726
70972434
70981864
70992942
71009988
71023492
71025107
71031892
71042842
71043678
71045301
71050099
71051318
71051661
71055734
71059637
71060505
71075510
71079991
71081635
71089116
71092886
71111686
71114831
71125118
71126304
71130985
71131220
71134034
71136664
71150667
71154259
71169134
71179561
71200524
71217632
71221833
71233145
71237904
71244635
71259240
71263215
71270695
71282085
71286722
71304457
71334070
71337564
71340746
71342165
71348832
71354002
71355494
71363990
71365369
71366804
71374001
71386688
71389871
71396040
71400438
71400541
71402805
71409701
71413376
71421260
71424454
71449214
71451868
71455770
71458574
71470982
71472213
71488479
71502559
71505082
71506766
71509707
71511543
71515635
71516215
71544403
71545764
71552286
71557376
71558516
71558603
71560000
71595737
71595809
71599404
71622002
71622756
71631282
71639370
71641597
71642391
71648066
71653975
71655184
71681834
71692054
71693587
71701197
71701650
71702542
71705422
71749876
71758604
71762664
71796503
71811750
71820821
71851846
71861981
71862085
71863581
71866581
71867921
71880094
71884456
71888107
71896248
71898575
71927428
71940671
71963217
71974462
71975626
71984481
71987103
71994204
72017558
72027931
72039784
72045707
72053070
72056289
72061333
72061825
72066592
72071355
72076918
72082290
72084195
72087683
72090619
72098348
72108727
72109932
72121691
72129407
72137916
72139559
72144915
72150121
72154343
72174473
72188024
72192049
72192887
72194534
72196459
72213220
72233668
72244051
72244888
72267320
72283663
72291506
72292996
72297948
72304589
72311519
72312463
72317214
72331283
72349846
72351719
72352783
72352945
72355046
72368770
72374825
72387352
72388045
72398521
72401061
72410182
72419764
72424284
72433338
72435854
72441633
72443217
72444329
72451828
72461571
72465753
72478720
72487565
72487574
72491714
72493401
72501524
72502817
72506113
72511129
72527651
72531200
72536083
72539286
72554086
72557754
72563469
72564606
72570325
72586574
72587210
72589476
72595541
72598182
72602017
72605922
72631628
72635798
72646548
72647445
72658064
72671402
72699946
72703081
72705491
72707390
72710511
72711515
72731907
72735182
72750188
72771831
72774405
72775539
72792039
72802117
72827509
72830261
72841833
72858196
72861823
72877653
72881274
72914962
72915284
72922584
72928644
72939241
72947228
72947808
72955420
72996577
73012114
73013717
73023452
73037764
73042032
73043579
73057615
73073874
73076352
73078665
73079387
73082790
73083822
73105237
73133413
73153780
73179487
73194058
73203905
73206008
73213276
73216017
73217155
73227848
73228873
73242985
73247233
73248531
73250656
73287431
73288427
73295505
73301296
73301477
73305573
73314301
73316122
73319510
73326618
73343576
73349266
73355584
73397337
73431808
73443968
73446845
73454950
73459545
73465808
73469591
73493531
73513983
73517313
73534096
73535279
73538936
73539000
73542503
73545529
73548648
73566963
73582200
73584334
73584879
73598299
73601896
73619533
73623275
73626054
73640436
73643987
73651029
73653062
73673412
73673896
73694028
73695390
73698479
73700393
73704924
73725698
73727151
73728736
73732206
73739214
73741643
73742759
73747898
73747964
73750527
73759090
73761155
73761719
73773656
73777933
73782024
73782768
73785337
73785694
73813265
73813733
73814116
73838470
73848046
73857706
73867492
73877733
73892573
73901405
73921567
73928906
73930697
73934359
73939831
73951404
73953381
73960654
73976131
73977505
73989691
73990152
74015121
74026237
74028701
74030611
74047271
74049998
74055862
74064545
74066397
74072025
74075932
74080711
74093488
74098304
74109224
74119142
74123355
74126805
74129321
74175066
74177942
74198930
74208857
74211546
74218023
74246118
74251713
74281676
74282231
74286158
74290669
74290895
74294012
74295174
74296100
74300415
74307079
74308926
74323244
74325011
74326707
74340710
74343408
74351741
74352293
74361746
74377349
74377881
74382803
74404810
74415612
74435967
74456875
74460190
74460362
74461037
74463567
74471443
74478278
74478833
74487844
74495643
74502204
74520819
74524551
74525103
74529439
74533365
74536478
74544275
74553200
74559070
74563483
74586686
74598639
74617468
74626960
74636749
74638814
74641821
74643916
74646253
74651455
74659928
74669759
74671345
74672688
74685191
74686113
74691061
74710416
74711412
74721376
74740100
74744867
74751989
74755730
74800854
74827922
74857905
74867897
74868664
74885794
74895717
74907716
74910719
74916833
74921373
74928256
74942169
74953442
74954912
74958847
74965152
74991523
74993009
74995676
74997735
74999396
