For an array with 1000 items set in random order, it took 0.005224657 seconds to sort the array using the insertion sort algorithm.

Below is the array after having been sorted by the algorithm: 
3281
17168
20512
172678
294607
471208
524152
692983
895596
930811
950826
978550
1167141
1205009
1418263
1637954
2122455
2143001
2328502
2364784
2515646
2555998
2671852
2696369
2763926
3112943
3132242
3177575
3292114
3403200
3417932
3421358
3425851
3474066
3492361
3577290
3642739
3671571
3941390
3949797
4039104
4402645
4452936
4558184
4663852
4697252
4790204
4865936
4974304
5017732
5096275
5132604
5289731
5368701
5430444
5440589
5568069
5602789
5623092
5800383
5923051
5927294
5968414
5979355
6008314
6050960
6187268
6235556
6326134
6334808
6339698
6349728
6442660
6499421
6516365
6570619
6573040
6576345
6696417
6787901
6789033
6822168
6838172
6893679
7037291
7066265
7166914
7224173
7235482
7364505
7387454
7445138
7560398
7622607
7673806
7873266
7991567
8012461
8033410
8212302
8335860
8391734
8431991
8446815
8665449
8846788
8955292
9092071
9211177
9257453
9258219
9304485
9378823
9468438
9472743
9514612
9524249
9651744
9683699
9724588
9782096
9800513
9885777
9965807
10011088
10094169
10308891
10406110
10414199
10456540
10471782
10487684
10713876
10742956
10850770
10867506
10957036
11363597
11554814
11646935
11732243
11735054
11737916
11834497
11880574
11903735
12148709
12185694
12204961
12279139
12352429
12561489
12667141
12685468
12741846
12842815
12911806
12954080
12997762
12999672
13000759
13069603
13207755
13243225
13343656
13437729
13458589
13468634
13581620
13640512
13650749
13712377
13777344
13794760
13801731
13810879
13928305
13981197
14072433
14079304
14099256
14103576
14116903
14139012
14195495
14348140
14356901
14369479
14393671
14462657
14609475
14680226
14740368
14759412
14777012
14848022
14888895
14909150
14917496
14965708
15022415
15069470
15094467
15119563
15139448
15276977
15290346
15359120
15392098
15437114
15442186
15461432
15595049
15725269
15731822
15842310
15999089
16046150
16047797
16098874
16222292
16320970
16356826
16817246
16917413
16936349
16974615
17152012
17198025
17354744
17363412
17386567
17431740
17434469
17512289
17522932
17665653
17668396
17699654
17816130
17868914
17967168
17986031
18061532
18141180
18240471
18384705
18506102
18630837
18669982
18718985
18792048
18793239
18800765
18835081
18995177
19026225
19058276
19072778
19163432
19209689
19381418
19413653
19427632
19469211
19507428
19511337
19553269
19608907
19706368
19716652
19767479
19792597
19826931
19860661
19999726
20051123
20067292
20317383
20514416
20575768
20598449
20666378
20742506
20764969
20940805
20943466
20985059
21024912
21039708
21061400
21077162
21105669
21371538
21425983
21459304
21465791
21653958
21705181
21708311
21730952
21771396
21977751
22154534
22300732
22334794
22372535
22549545
22582410
22657420
22667362
22696472
22704823
22728382
22739677
22871002
22871273
23012314
23044710
23187507
23208674
23244727
23417954
23428289
23429808
23621988
23634998
23683904
23778338
23868076
23889685
24073551
24091092
24279735
24358074
24375196
24442684
24491008
24577728
24580409
24780474
24783288
24905064
25014857
25034863
25112447
25165621
25209907
25287920
25455716
25465378
25572416
25810377
25897808
25915678
26056836
26099791
26178613
26305725
26313781
26384407
26438957
26609925
26618396
26793744
26809182
27168234
27206426
27348751
27576980
27745028
27820219
27885888
28009089
28066238
28086716
28122615
28186433
28189265
28276986
28333618
28334083
28368911
28446695
28454192
28525814
28538948
28643309
28696111
28843080
28961676
29009106
29190029
29237499
29275128
29371291
29395021
29409013
29440264
29472258
29485551
29520503
29529332
29587606
29692818
29709061
29861993
29975824
29992393
30042068
30152061
30252904
30331570
30386187
30412502
30447431
30474797
30520903
30800107
30865117
30910481
30931379
30951119
31406627
31486930
31578475
31584898
31659604
31674263
31732812
31856650
31875190
31941110
32003328
32130968
32159923
32231855
32269469
32272348
32372488
32423164
32442068
32751913
32774053
32777460
32831501
32881364
32915976
33136537
33259137
33291972
33298175
33341333
33353391
33381100
33429863
33465221
33496150
33750625
33786659
33789831
33805049
33917137
33967523
34042563
34213303
34344932
34482105
34687519
34762808
34816560
34898703
34929079
34939190
35206084
35437036
35457474
35474180
35517514
35636505
35717620
35771597
35868406
35875715
35896184
35948543
36029882
36041673
36084578
36088543
36120771
36163382
36187948
36280158
36292731
36458110
36611708
36665552
36928270
37142704
37167032
37182838
37224011
37294014
37304055
37374352
37401848
37410655
37581113
37655982
37662943
37723698
37775803
37898144
37957842
38016519
38147123
38254160
38305513
38321935
38372976
38377968
38399924
38495232
38559620
38601112
38663515
38699012
38743446
38747132
38776544
38793397
38877745
38905091
39014298
39135313
39214594
39277057
39319821
39389660
39420394
39550948
39592328
39681448
39883571
39966286
40143449
40174314
40247639
40295164
40297545
40301967
40323180
40393884
40451218
40481873
40750397
40847449
40965008
41019497
41043535
41051121
41073219
41092658
41431265
41441224
41470682
41489172
41756599
41800948
41821287
41958141
42085541
42107401
42113340
42157186
42171370
42347846
42391208
42438851
42475239
42606980
42632330
42716127
42776334
42839679
42849520
43045922
43138037
43139592
43287854
43315157
43643753
43698572
43750525
43937821
44032079
44089921
44162805
44166685
44186574
44491750
44628237
44635075
44645799
44674963
44784837
44975766
45070766
45083235
45163763
45201024
45224009
45431488
45443998
45535923
45711474
45914275
45916800
46006835
46087932
46248300
46286794
46309737
46383911
46440910
46464621
46506675
46519828
46575115
46630575
46666031
46704250
46740791
46776907
46801817
46817412
46841995
46858385
46896276
47134634
47210432
47211419
47246942
47315613
47442141
47752343
47883575
48020420
48086968
48282013
48342353
48509891
48566175
48576606
48640689
48650946
48708363
48719622
48724729
48769225
48858776
48861034
48924273
49053473
49134841
49149009
49153715
49162199
49283868
49473739
49496457
49636931
49893968
49932684
50034273
50091334
50153731
50360025
50410374
50483868
50563371
50693343
50754921
50757094
50778522
50849986
50852785
50887103
50943283
50999564
51036577
51038054
51177827
51224240
51256262
51498840
51579076
51579536
51639109
51666653
51675217
51837572
51934592
51999090
52050272
52142588
52217134
52340844
52369373
52433781
52480857
52654752
52673410
52760442
52787587
52820470
52848897
52865333
52964795
53039160
53155219
53381101
53449933
53513504
53638451
53661341
53678532
53690242
53794943
53870745
53924153
54240246
54248693
54386170
54505749
54530411
54643048
54650599
54703492
54734622
54803211
54823185
54877873
54904964
54908599
54946101
55108226
55108883
55144030
55178476
55192176
55662452
55733030
55811642
55844852
55873247
55877546
55882816
55930042
56002084
56030435
56057241
56177545
56217404
56259736
56282914
56453608
56505336
56509500
56584515
56676256
56689020
56964457
57190402
57283086
57310376
57357998
57434802
57472566
57688102
57803070
58087218
58102269
58143308
58199397
58233047
58350070
58366135
58708067
58764933
58774757
58850377
58866838
59166552
59199280
59234579
59267286
59353667
59369630
59451196
59507571
59831585
60011442
60341221
60437249
60539399
60554304
60581113
60714554
60731389
60852889
60864072
60872690
60879021
60973647
61018645
61047447
61110319
61223097
61272153
61418466
61445500
61597061
61612811
61746664
61848662
61865266
61944558
61952302
61981123
62044113
62181854
62381301
62393712
62406180
62410968
62449723
62571245
62629515
62688151
62777208
62888102
62988217
63021692
63342498
63357358
63472348
63654407
63673621
63710884
63956970
63993966
64040097
64125822
64160133
64353666
64511771
64571116
64616388
64651085
64869490
64938162
64971374
65016798
65119506
65193894
65302414
65372979
65403857
65422905
65570993
65588940
65685149
65711093
65752280
65870727
65875620
66051931
66085264
66146967
66313103
66392226
66491891
66547656
66607815
66636533
66710061
66736186
66866256
66881144
66954545
66997352
67111777
67166127
67267766
67439397
67458655
67511184
67542474
67677526
67807450
67903577
67949879
67969374
68177874
68325184
68507530
68568778
68664826
68679720
68708331
68755397
68857255
68962364
68978514
69029206
69076993
69118126
69161310
69242176
69257705
69428476
69448274
69567625
69657647
70016511
70289285
70306969
70348648
70377846
70490699
70519505
70670948
70695071
70808683
70870798
70951637
71022581
71093445
71104979
71119646
71135884
71211571
71231115
71362084
71369411
71377419
71403111
71668738
71780946
71867925
71924738
72194383
72262202
72310648
72317092
72483806
72499788
72633047
72665742
72676364
72737476
72810076
72822908
72852262
72925888
72932347
72965543
73055399
73232512
73332991
73344201
73405620
73473785
73519736
73550378
73729008
73763236
73828747
73837057
73861123
73949466
73964040
74059500
74090221
74154245
74197141
74251742
74287976
74362321
74396240
74417739
74493544
74528000
74602620
74819274
74839135
74853071
74994449
