For an array with 1000 items set in descending order, it took 0.008178135 seconds to sort the array using the insertion sort algorithm.

Below is the array after having been sorted by the algorithm: 
5644
93679
199752
232211
232892
280223
283720
382325
439292
521509
536060
723452
731835
748652
797372
799629
836009
911561
1026013
1026930
1053077
1081653
1142340
1153292
1212299
1219147
1231640
1264647
1295025
1341350
1391978
1539560
1574719
1598609
1647386
1724254
1831435
1873555
1966723
1977474
2034085
2052915
2054639
2211593
2322776
2489152
2619500
2725850
2740283
2758115
2767240
2901261
2919026
2919285
2935118
3007572
3131023
3134622
3257066
3263338
3442874
3529758
3743225
3784068
3787585
3839814
3841877
3842751
3885528
3922597
4120008
4148280
4154625
4263356
4375140
4417897
4458606
4505779
4604233
4678367
4787250
4941453
4944402
5035419
5038294
5054333
5113249
5197109
5481827
5553361
5750404
5841863
5879978
5884718
5914177
6069604
6127781
6183002
6279364
6298463
6443063
6464423
6572004
6614872
6690903
6756128
6814060
6816533
6831484
6846463
7067637
7094683
7126449
7130382
7139489
7143664
7196008
7395808
7483457
7487448
7553653
7658423
7847078
7873422
7886088
7965984
7988014
8170679
8258169
8282720
8459378
8930252
9003665
9064371
9163432
9178246
9311151
9438709
9502614
9540141
9563585
9649320
9779929
9921737
9927428
9967544
10059916
10076295
10221434
10226911
10277317
10297591
10299774
10334433
10543709
10600034
10650869
10654032
10656204
10660054
10671453
10732115
10745273
10746823
10866617
11013525
11066457
11095253
11280215
11326815
11526965
11552164
11621617
11673972
11881585
11931558
11943795
12050744
12061517
12303103
12398181
12637473
12649594
12658122
12726583
12772689
12942448
12971313
12984107
13052798
13130475
13204048
13306750
13423900
13448129
13461483
13511693
13607429
13676401
13837295
13844277
13890476
14053269
14106305
14413898
14440964
14473211
14480218
14608831
14775144
15006902
15030758
15113967
15128723
15161976
15221920
15260514
15263129
15273788
15276946
15299544
15330489
15333368
15512213
15523145
15543595
15556683
15569855
15693083
15755051
15808789
15859462
16075333
16176615
16229211
16418044
16507594
16542519
16573377
16810006
16955930
17013987
17177069
17295245
17295856
17467829
17678743
17787771
18144092
18152469
18167913
18312739
18608527
18730109
18772789
18820119
18854191
18882473
18924042
18966076
19014366
19155422
19195702
19275507
19296621
19687079
19806185
19978570
20006138
20065582
20136897
20216715
20240964
20255998
20308516
20342432
20585364
20633807
20735961
20738386
20798315
20857386
20897754
20926746
20962574
20980522
21022043
21178076
21208531
21453139
21494796
21567571
21631365
21650698
21883634
21961548
21966815
21999825
22164661
22239502
22332211
22398011
22548121
22754174
22981044
23012293
23381974
23417013
23488141
23575468
23580123
23604991
23696841
23708148
23805200
23852374
23872561
23919987
23996567
24055116
24180733
24195021
24220362
24251518
24297412
24308989
24324042
24405666
24450777
24540769
24640584
24670229
24686841
24932696
25028173
25075150
25131373
25157421
25174652
25179311
25325827
25358189
25409836
25442892
25500430
25504588
25557556
25820372
25826498
25915128
26049780
26507072
26560452
26631568
26777576
26806900
26919968
26977705
27025806
27031599
27086373
27116570
27144473
27242035
27299401
27521077
27589670
27902029
27957784
27962690
28037424
28266179
28334857
28427444
28435952
28448198
28499985
28537593
28602942
28694397
28721809
28772142
28817559
28838886
28969203
28990903
29083093
29143680
29270424
29384430
29484616
29653811
29762495
29869542
29903508
29923547
29932989
30243099
30432004
30453605
30607465
30622829
30757522
30785028
30869430
30915305
30953891
31011860
31036016
31070366
31286815
31349353
31369392
31512815
31701043
31724063
31773549
31902048
31932266
32041771
32059649
32151097
32176690
32252312
32298814
32319894
32338730
32433278
32627583
32652663
32730004
32849106
32869283
33026868
33073882
33095375
33223455
33224530
33238987
33261661
33311104
33346549
33419562
33459118
33489128
33490510
33539370
33605441
33644144
33684403
33767026
33809932
33925384
34071095
34168739
34338704
34348151
34409918
34443133
34597866
34686095
34740266
34789287
34803659
34838757
35117376
35174740
35325692
35362368
35387895
35418168
35467080
35531372
35677488
35721857
35754800
35933149
35965791
36045256
36076117
36102525
36222203
36470129
36568100
36589483
36784366
36992991
37010420
37033116
37065812
37155322
37288743
37366147
37412330
37457360
37469574
37518368
37683215
37916625
37927465
38011327
38136282
38159210
38226913
38242563
38261126
38297056
38346915
38497718
38654119
38722341
38722664
38811526
38911292
38961940
39002342
39016420
39095838
39555375
39590693
39729321
39805036
39847305
39933032
39968176
40010812
40046708
40372313
40464447
40656128
40697130
40749784
40805004
40946825
41386816
41543889
41546591
41620404
41654819
41693137
41707111
41735892
41805712
41853320
42085733
42154280
42239583
42325537
42392408
42436463
42450391
42561325
42603445
42757613
42832054
42915208
43014337
43133767
43243845
43255440
43445481
43517146
43618459
43677107
43680604
43726961
43855564
43863991
43876522
43909247
44016415
44038505
44397178
44644978
44743371
44864553
44883583
44889053
45017796
45054520
45098226
45229343
45310000
45368704
45435048
45488285
45518713
45643127
45652529
45691701
45720191
45750472
45887441
46104263
46306078
46328468
46396370
46519181
46532866
46589844
46638859
46642337
46689858
46700905
46705295
46826940
46831477
46853853
46932671
47148984
47181856
47248006
47354447
47355773
47363654
47374952
47453345
47513207
47519041
47575866
47597086
47999691
48003026
48040940
48046051
48064174
48253301
48398803
48406755
48433292
48500731
48521150
48565757
48771958
48793584
48811488
48824493
48914395
48917660
49040527
49064202
49086798
49110952
49303431
49303562
49334738
49349883
49414615
49731245
49826275
49883551
49897708
49906183
49942559
49986765
50067603
50075065
50157704
50186584
50246438
50256726
50271181
50296357
50304762
50312095
50394989
50511467
50606554
50762563
50824119
50830629
50845399
51030167
51165085
51277629
51308505
51376541
51560432
51594004
51752904
51771990
51824952
52044347
52064182
52085372
52175316
52205196
52233714
52269180
52273349
52304587
52415814
52521195
52541152
52581749
52605959
52716665
53278118
53833983
53892367
53922143
54029151
54091308
54207931
54271267
54326332
54456478
54532513
54752025
54795089
54839444
54926822
54956453
55025472
55074997
55084986
55151979
55168576
55218475
55230169
55304441
55489487
55505912
55506182
55538924
55835417
56127895
56180411
56196139
56298915
56299748
56320181
56338636
56350439
56458275
56464437
56465367
56579839
56718075
56782689
56820132
56828087
56851823
56855848
56907268
57254924
57259309
57282216
57287723
57366524
57471711
57719904
57751820
57858952
57972255
57998591
58001926
58014737
58018914
58030370
58196057
58239996
58243029
58298882
58449916
58596621
58695899
58813963
58820515
58965764
59067503
59184990
59204716
59393715
59405168
59504652
59511131
59643247
59948750
59990884
60078560
60135460
60158767
60172702
60176297
60199494
60237051
60249400
60321172
60518578
60623495
60958919
61015184
61041808
61049760
61155919
61253270
61330642
61337800
61398589
61504910
61515877
61525528
61587805
61647071
61759392
61848774
61851041
61871906
61920258
62020102
62047625
62055407
62150984
62178788
62261130
62297569
62404699
62408788
62409022
62516758
62621951
62631432
62652171
62697769
62724088
62748155
62779297
62805878
62817586
62900050
62948102
63019538
63412001
63488126
63574561
63579994
63618031
63754199
63807444
63862270
63869313
63886802
64014965
64024475
64065016
64065861
64110998
64281368
64290283
64352552
64482326
64498889
64594489
64684477
64705870
64711954
64729033
64885890
64890287
64977222
65125382
65165714
65335799
65339921
65366639
65407444
65499138
65539688
65546657
65617381
65643565
65877270
65878421
65913317
65940630
66003469
66048720
66076666
66168311
66295121
66306466
66488123
66547665
66576745
66708951
66775200
66831336
66881573
66948615
67136917
67187220
67203940
67261755
67320031
67379040
67388430
67397371
67420107
67481395
67613851
67650896
67668532
67729321
67807248
68006455
68216586
68229563
68296169
68296935
68371585
68416964
68459841
68664861
68758044
68813745
68867762
69013023
69069456
69189531
69217111
69260887
69286363
69299884
69629240
69662234
69664504
69713772
69763537
69796902
69813850
69882223
69958288
70006182
70217463
70295311
70327676
70340326
70435818
70645937
70824095
70870966
70875883
70876701
71131625
71193647
71293742
71324537
71327059
71486597
71629533
71698547
71717761
71738907
71760139
71770938
71789267
71854060
72045581
72051825
72140746
72233720
72266160
72357952
72509265
72514209
72539667
72553065
72596992
72644501
72645390
72899259
72928399
73079909
73191001
73192023
73211122
73307865
73370153
73485189
73510285
73510385
73517045
73716770
73722166
73807186
73812673
73904789
73976332
74005364
74191870
74199491
74265398
74300243
74307568
74316430
74340987
74503301
74969439
74994779
