For an array with 100 items set in ascending order, it took 4.741E-6 seconds to sort the array using the insertion sort algorithm.

Below is the array after having been sorted by the algorithm: 
234379
1308262
6066153
6248631
6425721
6675375
8930002
8989312
10934676
11837252
12177814
12887138
13186953
13228107
13258817
13477268
14234824
16787611
17452509
20476229
21212513
21588713
23262952
23964387
24679033
24793181
25117762
25270098
25434077
26691298
26873467
27224542
27976647
28013641
28152025
28768582
29826661
30776451
31081049
33481506
34645571
35790652
35806586
36519986
36578287
39769128
39776676
40408632
41910162
42034774
42139430
43074156
43220687
44510356
44789600
45327444
45784451
46201353
47095463
47229292
48972583
50362614
50685387
51082073
51104326
51239500
51406005
51616325
53005100
53553001
55633034
55869489
56144232
57773630
58564819
60762905
61330850
61570223
61866605
62734282
63876748
64689524
65527307
65945679
66019050
66134013
66214921
66861222
67048440
67850314
68653591
68704524
69113546
69958891
70882296
70982208
72024988
74115322
74623201
74845893
