For an array with 100 items set in descending order, it took 8.8616E-5 seconds to sort the array using the insertion sort algorithm.

Below is the array after having been sorted by the algorithm: 
803950
963974
1102885
1648019
3514721
3708013
3831101
4200924
4276959
4461514
4598185
5067545
6816889
7517098
7626500
7985142
10574947
10604804
10678465
10768851
11576395
12918639
13261095
13332879
16437733
16935794
18331107
20415950
20692793
22343825
24375305
25118467
26351550
26686480
27098329
27472118
27807826
28131714
28911218
30523481
31057501
31561756
31565025
32145659
32390925
32431284
33330551
33923399
34033709
35183842
35326054
35729907
36127007
43013012
43559349
43647634
45486398
45676527
47400614
47979474
48495510
49658800
51343847
51592677
51892978
52714618
53104508
55193969
55871866
56449587
56975198
57203538
57481144
58256205
58422354
61220109
61480714
61844429
61935337
61973259
62470061
63993362
64595880
64772380
65669499
65787851
66414952
67350639
67598605
67775915
68572882
69265379
69901758
71328820
71778296
73190013
74194001
74196968
74916029
74962064
