For an array with 10000 items set in ascending order, it took 2.18438E-4 seconds to sort the array using the insertion sort algorithm.

Below is the array after having been sorted by the algorithm: 
15013
41430
43661
45087
57583
71365
91442
103915
112380
115322
121424
126741
135007
137542
150913
185864
189867
194574
196660
225363
251726
257658
259771
266952
289532
300380
305269
305360
305591
310698
322639
330490
337465
343289
369582
373561
375958
403514
408479
414067
461146
495391
513929
516931
520097
522767
529335
530775
535837
536298
543675
545266
558865
565568
567009
573270
576542
585037
585055
588937
602531
618352
618674
631560
638600
661173
677619
692080
697257
699296
701444
712913
714424
715897
727273
727960
731635
741457
745316
756774
771896
775850
802999
807661
825737
830732
836097
841538
843335
843483
846317
847773
851003
855603
857686
858193
860951
912872
913723
937226
938634
943907
962094
967950
971547
988601
1002973
1003735
1007141
1019995
1029636
1037323
1058138
1079310
1082772
1084158
1088689
1099864
1117347
1118281
1120673
1126001
1126704
1137500
1140988
1156191
1177660
1179917
1195995
1207722
1208937
1216722
1227195
1232784
1238252
1249177
1251281
1252506
1269934
1282950
1289693
1313808
1328994
1331519
1333663
1334079
1336807
1344864
1351905
1359488
1375275
1377966
1419583
1432770
1457342
1470415
1471381
1471419
1479464
1491403
1506551
1513621
1524900
1529172
1549223
1563244
1566420
1573029
1574593
1575240
1586842
1590148
1593423
1595225
1600706
1603408
1610430
1611520
1626832
1629057
1629262
1631360
1635289
1643728
1653708
1668797
1671726
1689047
1694898
1706210
1711289
1725031
1726123
1733221
1768872
1773473
1777306
1777820
1782865
1785477
1788563
1790893
1806602
1827983
1830339
1830973
1853354
1856485
1858972
1863460
1869005
1870779
1888066
1889233
1892068
1915232
1916838
1929726
1943239
1947091
1960441
1960822
1969147
1975722
1978919
1989127
1989842
1991251
1994941
2008603
2012250
2041761
2043546
2055878
2058203
2062448
2064761
2077479
2082535
2097263
2116696
2119027
2123842
2128372
2147086
2153413
2158050
2159844
2169617
2171381
2186787
2203120
2213857
2214957
2217236
2220242
2238603
2249071
2255682
2261725
2265038
2266537
2291322
2299670
2305044
2306568
2309243
2320873
2323881
2339024
2360270
2361730
2361982
2363131
2375876
2378490
2384093
2399049
2400958
2401285
2412862
2418539
2442616
2450124
2455675
2460549
2472142
2473337
2489143
2504946
2506215
2506594
2512182
2532929
2535484
2549098
2549356
2553955
2557230
2558965
2559748
2560686
2561132
2576819
2580047
2581396
2582599
2589187
2593729
2608741
2614488
2615105
2633546
2635477
2646197
2684125
2688220
2695119
2695469
2701847
2703768
2707264
2709236
2714660
2719832
2732736
2738278
2751403
2752878
2758834
2759093
2765848
2778363
2779397
2781968
2788329
2793170
2793358
2810633
2814998
2844090
2845700
2852003
2852254
2857605
2860195
2875934
2877397
2879510
2881714
2887495
2892589
2901093
2914566
2926621
2928225
2929316
2933733
2948213
2950800
2957427
2961790
2962457
2972050
2975570
2990172
2994091
2999115
3016241
3016258
3023032
3031781
3033896
3035544
3039711
3042704
3044338
3054932
3061972
3067616
3085221
3090651
3098684
3105907
3106420
3107839
3109334
3117806
3123075
3125173
3131311
3135733
3136028
3143907
3156456
3168948
3172192
3173897
3176110
3178856
3183230
3187038
3193171
3204683
3215485
3217271
3231157
3238202
3243711
3250476
3253507
3253742
3254076
3275415
3279569
3284788
3292290
3294511
3305139
3312623
3322065
3322555
3323675
3325632
3329516
3330647
3331154
3333476
3354708
3356801
3357624
3357812
3358865
3360204
3364142
3369986
3376292
3381457
3382445
3383236
3384464
3396237
3406154
3428283
3432215
3451430
3460491
3469205
3473903
3477661
3496987
3498320
3501814
3510484
3529085
3554468
3556468
3590508
3591496
3596505
3612758
3615831
3677275
3686259
3686321
3690236
3696622
3697631
3707795
3711106
3718752
3725753
3728534
3747543
3782122
3785450
3785927
3808778
3817690
3823150
3835350
3836766
3844835
3845115
3845490
3865958
3871590
3875208
3877697
3880890
3893688
3896422
3897300
3897803
3900723
3901106
3907353
3909671
3914125
3924909
3931242
3938754
3971382
3977187
3985484
4000271
4006581
4015237
4015983
4020963
4028005
4030072
4032585
4036533
4052253
4053938
4054217
4055134
4059330
4059630
4061812
4067673
4069524
4077555
4078121
4081822
4103275
4103504
4105182
4106478
4111980
4123915
4127530
4128072
4134428
4146625
4147802
4173311
4184028
4185592
4205213
4207780
4211440
4236093
4236751
4249687
4251079
4251675
4273292
4280560
4291994
4308161
4318510
4322443
4333185
4336888
4344319
4345607
4357561
4359191
4360006
4363201
4365104
4369619
4375684
4377843
4384438
4392714
4396874
4400996
4411719
4413676
4421530
4431444
4437602
4473842
4474995
4482660
4488440
4490103
4492583
4494343
4496294
4504275
4504527
4511435
4514124
4518322
4524378
4527371
4535693
4543353
4559110
4560240
4562442
4567423
4588202
4593300
4594983
4607201
4613414
4614166
4627823
4636354
4636419
4638505
4642759
4661740
4662690
4663076
4676059
4676441
4681516
4697760
4700660
4702731
4733980
4743847
4747693
4748274
4755878
4759549
4764861
4773779
4782778
4782942
4791537
4793703
4795527
4798851
4798876
4800017
4834243
4835787
4842747
4845494
4850788
4853700
4857596
4866389
4870098
4870661
4872146
4896127
4900542
4903266
4930364
4932424
4935508
4948001
4950429
4957678
4959424
4970312
4971681
4980196
4993398
5002359
5008968
5015303
5015368
5015827
5026755
5026760
5029061
5030949
5035940
5036487
5041654
5042476
5059801
5069094
5078429
5084847
5101076
5112297
5125767
5128753
5132684
5136027
5143805
5145545
5153330
5162296
5185313
5187412
5189196
5190097
5192131
5232067
5238321
5239874
5242653
5250188
5260041
5273101
5283867
5307236
5307705
5326240
5335593
5337381
5344381
5350647
5360733
5366516
5367794
5371434
5373217
5378549
5379547
5397571
5403344
5405615
5416220
5416947
5432239
5452616
5467875
5469365
5473690
5482954
5488042
5488615
5498012
5502327
5506858
5509439
5520083
5527917
5536525
5539988
5544057
5549513
5555923
5584369
5585056
5592800
5594364
5599204
5604226
5617124
5621694
5623846
5627896
5633458
5657245
5658938
5659751
5666017
5666129
5669418
5670022
5676776
5697401
5702773
5712276
5718617
5735097
5741705
5744591
5755191
5759678
5760982
5761644
5769455
5770862
5776856
5778531
5791673
5794037
5800283
5802686
5805790
5810751
5812843
5824284
5826691
5827691
5834783
5857560
5861461
5868099
5875297
5892653
5900899
5912541
5933868
5935799
5945171
5948916
5959510
5960590
5971118
5972236
5978142
5983877
5987095
5996064
5996121
6008752
6010096
6012622
6018572
6019098
6023015
6023618
6038276
6061566
6062469
6070114
6076102
6085065
6101198
6106451
6109861
6116641
6116934
6138019
6139337
6139966
6154735
6176706
6199850
6204831
6208202
6210152
6212425
6221403
6234243
6238040
6238662
6244008
6251683
6254570
6257996
6268298
6285749
6286558
6287605
6306401
6316446
6317736
6331693
6343588
6353385
6357903
6362399
6366796
6372088
6377063
6386825
6402601
6406256
6413925
6420278
6447171
6465518
6466746
6468485
6469780
6482148
6482991
6514963
6517033
6539301
6545696
6546221
6560456
6573471
6579872
6582343
6588196
6590241
6599539
6601390
6602311
6621296
6622127
6623120
6623596
6624617
6651212
6659384
6668124
6668534
6674623
6680188
6684656
6692851
6709611
6713011
6728656
6729751
6743966
6748956
6753789
6770579
6775868
6782509
6782988
6789356
6798736
6798932
6807341
6812903
6820042
6823463
6831363
6834831
6846282
6855654
6869184
6874908
6875834
6885717
6886514
6893762
6901274
6905316
6907089
6919986
6926207
6929254
6930628
6931757
6933527
6934623
6943216
6945239
6962451
6965375
6988858
6996129
7002536
7005940
7010828
7016875
7019867
7028494
7055224
7065867
7106293
7107652
7111187
7115077
7115633
7117777
7121822
7125158
7132001
7139192
7144569
7148721
7151031
7152869
7153593
7155070
7157508
7158760
7160546
7165839
7173834
7185487
7186039
7193741
7197333
7199132
7199573
7216057
7217878
7218022
7218180
7218649
7222897
7224532
7229102
7238622
7248440
7253023
7261680
7264289
7264769
7270492
7293194
7294356
7297549
7307270
7311457
7337260
7341888
7350437
7354918
7369981
7374371
7374474
7379901
7389908
7393092
7396154
7407679
7447253
7460864
7461894
7468009
7474218
7483406
7489759
7499453
7501870
7503758
7513319
7515644
7528888
7529282
7534995
7548463
7551690
7561920
7587964
7604115
7606385
7609271
7614031
7620438
7622263
7626864
7630044
7633512
7634114
7643242
7677526
7680002
7685959
7688082
7709319
7711131
7712233
7713528
7715554
7716748
7725999
7731857
7735781
7736578
7747250
7748688
7773962
7786736
7786908
7791629
7796906
7797564
7807315
7817259
7829455
7849599
7857619
7870149
7886337
7891048
7905205
7912715
7924779
7931402
7937550
7941874
7943589
7947054
7948443
7953990
7954879
7958833
7965338
7971470
7984454
7986136
7987915
7997831
8006464
8013486
8014320
8023557
8028565
8030127
8031827
8071986
8073910
8081472
8085493
8087196
8090594
8094050
8107297
8107601
8127414
8129324
8133168
8134923
8137910
8142095
8150745
8152523
8160071
8160376
8166463
8168993
8193926
8211268
8228017
8230867
8236074
8244463
8246571
8256901
8258538
8288387
8322208
8322263
8341549
8365259
8365931
8370001
8372835
8381601
8382406
8385906
8397154
8418745
8433794
8434222
8444783
8454678
8467942
8479353
8479826
8482248
8494133
8499264
8508366
8511434
8512599
8518401
8530624
8548083
8558210
8567175
8571424
8573718
8576508
8584394
8588762
8589203
8613374
8620480
8641427
8643335
8644687
8648949
8660701
8673957
8712584
8716599
8716740
8727307
8738455
8754353
8765704
8771987
8774359
8776765
8780668
8786360
8787695
8790321
8792885
8796908
8808687
8818016
8818673
8829164
8850199
8855501
8862197
8875891
8880562
8885551
8896348
8899197
8901108
8901583
8923260
8943170
8943438
8956675
8974188
8974298
8975353
8980363
8982543
8983348
8987857
9003865
9009597
9021263
9022910
9024259
9031071
9032146
9037079
9042276
9049246
9049746
9051583
9066035
9077200
9081187
9091902
9092220
9102588
9116324
9125434
9128214
9141600
9143959
9156023
9163401
9168349
9175591
9190351
9206268
9207718
9211055
9224375
9229294
9232880
9276633
9283185
9294211
9329437
9330695
9334527
9347349
9350320
9356680
9359774
9362612
9371857
9372368
9381320
9384764
9397039
9397092
9397706
9408764
9425808
9432918
9440042
9443101
9445202
9450739
9464278
9465158
9472813
9473133
9492379
9495313
9501900
9523113
9536041
9543777
9555536
9556213
9567536
9569342
9588874
9604451
9614154
9628145
9638406
9641705
9643385
9646564
9656581
9664391
9675789
9678161
9685133
9685408
9687196
9697274
9702867
9709857
9722675
9725483
9736614
9755019
9755838
9763785
9763836
9793387
9797228
9811838
9825294
9828493
9830519
9849474
9851672
9853472
9859515
9871101
9877550
9878094
9880625
9887014
9887629
9888491
9913606
9927936
9934858
9938548
9941547
9951217
9955304
9961375
9961798
9961912
9962633
9965706
9980344
9984091
9986439
9990605
10008959
10018474
10021138
10024464
10028140
10029135
10029538
10029787
10032058
10057418
10064106
10066594
10067922
10081367
10084068
10087969
10092808
10093698
10093782
10106416
10108810
10126251
10139553
10141023
10147600
10152139
10153167
10163272
10167899
10185732
10189371
10191365
10193010
10202520
10211165
10216091
10221915
10228956
10229153
10234075
10234544
10246521
10250404
10255186
10265038
10266514
10273788
10274073
10282790
10283615
10288328
10290496
10294357
10315416
10323651
10328403
10335355
10349575
10362512
10364908
10372500
10372870
10376283
10387037
10389278
10398041
10408683
10415677
10419002
10421949
10432733
10439061
10445871
10452720
10467457
10477882
10482247
10488776
10495898
10497068
10500252
10510819
10522902
10528071
10532301
10537765
10540624
10544818
10551944
10578856
10593081
10599230
10599304
10600905
10603143
10604122
10606347
10609800
10626062
10638847
10640599
10655053
10667138
10667191
10669355
10675261
10680523
10682208
10690241
10693928
10697726
10702977
10705813
10721116
10728948
10730432
10758407
10769446
10778989
10786221
10793279
10797704
10802267
10804022
10819165
10823459
10828972
10848290
10850140
10853077
10854588
10872358
10875239
10881905
10883671
10899003
10899125
10909067
10912070
10913091
10915553
10925815
10934182
10945988
10953735
10960649
10965515
10986410
11004007
11004203
11018074
11018368
11018584
11021755
11022508
11024126
11024608
11029336
11050318
11059847
11061051
11062755
11068668
11088603
11089869
11090633
11092711
11105246
11105827
11117950
11123690
11130729
11136917
11139212
11154124
11166237
11188721
11192693
11214351
11220032
11235940
11243213
11248993
11257722
11273834
11282070
11297374
11303512
11306861
11313161
11318237
11322262
11329650
11329686
11338123
11338967
11339992
11354520
11354876
11364807
11368453
11385882
11389776
11391500
11413161
11420998
11424154
11425883
11425907
11429361
11430767
11443999
11452259
11460914
11462760
11465620
11477861
11484602
11492293
11495395
11514692
11516552
11522838
11528871
11530489
11531622
11534285
11537051
11544399
11550455
11559575
11561009
11568828
11572689
11580035
11581957
11584751
11588558
11591373
11607290
11609950
11616187
11628641
11630082
11639366
11654462
11663794
11670271
11675976
11681450
11687229
11689058
11691356
11700621
11704927
11714219
11720325
11729075
11733371
11736383
11746065
11751112
11761125
11763913
11777905
11787169
11793758
11804689
11809916
11813028
11831223
11832830
11834192
11836187
11837065
11852097
11857740
11859620
11862865
11868622
11891326
11892022
11895770
11898284
11906564
11916379
11922471
11925627
11931139
11938027
11976155
11986977
12009611
12011183
12011664
12011725
12012643
12017586
12017970
12019181
12034287
12042626
12044069
12049338
12101290
12101676
12102001
12129838
12130222
12131898
12143608
12143994
12150029
12153600
12153853
12155552
12167273
12170936
12171759
12172953
12173951
12175750
12177662
12178295
12187767
12197119
12198198
12198712
12202780
12206822
12209551
12229545
12239096
12254625
12266224
12268735
12278558
12279417
12279590
12288351
12311530
12314589
12319964
12337454
12340931
12351873
12353649
12359600
12362958
12364339
12367043
12376776
12377201
12381234
12383681
12394151
12395144
12396088
12413041
12417244
12422914
12425910
12431501
12436567
12442557
12443263
12450176
12453662
12457750
12461937
12471545
12479368
12483122
12485165
12502622
12503517
12503930
12509231
12525970
12562523
12578536
12579314
12598341
12599554
12613327
12614503
12628621
12628931
12636787
12636789
12638082
12645913
12651672
12656974
12657918
12674759
12693398
12708947
12711945
12724123
12740724
12761693
12763382
12768685
12774986
12780046
12786919
12791952
12794081
12800820
12802241
12809590
12816226
12817809
12818944
12829528
12835791
12837673
12846419
12849811
12850540
12854557
12855713
12862556
12870031
12873263
12874075
12884105
12911416
12912044
12918389
12918526
12923120
12929794
12929939
12930546
12937424
12947171
12950797
12952766
12954507
12959470
12965115
12967823
12971508
12979185
12979846
12982893
12985696
12985794
12989562
12994608
13003377
13009941
13013626
13028542
13038410
13042173
13048227
13052639
13079340
13082431
13087833
13100681
13112823
13114524
13118480
13120878
13126500
13130283
13133120
13134104
13158548
13176426
13176881
13177524
13177603
13183067
13183367
13195361
13218542
13219951
13227205
13228092
13230815
13237800
13242270
13246893
13249275
13249350
13255419
13257549
13258057
13260951
13270480
13298534
13305025
13314531
13317202
13321401
13337007
13362670
13375167
13379552
13400631
13406702
13415621
13430950
13432064
13432724
13433279
13433720
13437268
13438194
13440722
13444618
13460607
13472213
13472687
13472837
13486585
13512592
13526619
13528027
13531793
13539140
13539824
13554016
13557845
13558957
13577320
13578658
13585145
13626297
13628643
13632883
13641054
13642971
13646159
13651209
13653158
13656642
13663589
13666796
13675950
13679691
13689385
13691451
13694964
13698099
13701782
13708235
13722916
13745476
13748304
13749444
13759834
13766554
13771209
13774280
13781632
13786531
13790825
13793244
13800605
13803203
13813246
13813264
13813899
13823006
13828309
13834583
13845294
13851140
13864931
13870290
13870391
13882855
13884593
13890146
13901428
13908861
13912769
13932270
13940520
13942774
13943144
13947280
13949650
13954088
13954456
13956091
13976179
13980426
13989480
14009980
14013148
14029829
14050024
14052782
14062002
14064117
14094410
14096142
14107929
14112273
14115779
14116712
14120296
14130978
14147183
14164248
14173190
14174900
14184012
14188766
14198808
14207164
14209615
14225131
14228605
14239381
14241874
14243282
14257428
14263642
14265065
14282138
14288297
14288887
14294692
14302689
14318584
14324741
14329421
14334479
14337220
14350564
14355389
14359447
14372047
14375398
14381621
14393890
14396280
14420684
14434186
14437065
14442228
14452504
14458253
14473676
14479132
14481083
14482180
14485670
14487035
14487474
14491865
14523027
14560312
14563488
14566477
14571662
14575510
14577280
14591119
14595615
14600263
14612146
14617637
14621660
14635607
14644002
14648841
14652236
14676928
14686747
14691480
14693412
14694908
14706633
14719811
14728624
14747553
14755786
14763019
14772721
14782017
14787924
14788033
14791526
14793459
14812344
14813424
14820836
14855119
14864014
14866396
14872062
14879476
14894036
14895838
14905023
14905506
14906758
14916787
14929073
14929374
14932558
14943895
14952677
14975752
14983794
14985030
14995597
14996789
15020075
15030448
15033097
15034346
15044293
15063838
15086093
15086619
15089134
15094418
15100636
15102013
15107377
15119989
15144270
15151481
15156925
15162614
15170091
15178448
15180725
15181686
15192970
15195532
15195760
15197424
15199080
15203013
15215423
15225354
15234835
15243122
15243766
15255910
15256643
15261764
15263632
15277808
15298238
15301209
15301786
15305462
15315677
15320162
15330117
15332214
15334647
15343271
15362874
15367031
15368517
15379472
15391012
15392945
15396543
15398328
15399017
15404742
15415239
15421149
15426051
15427854
15431757
15432771
15435195
15450472
15453819
15458151
15476592
15477434
15483695
15496081
15512131
15549003
15555447
15558087
15558609
15559784
15576991
15591713
15592339
15597405
15602191
15609608
15621740
15621893
15635686
15635912
15652157
15669543
15671174
15678105
15684792
15690152
15691812
15698791
15699411
15721172
15725151
15728886
15735763
15736846
15739889
15743862
15747069
15748113
15751488
15764956
15771779
15781407
15785785
15792240
15812066
15841772
15857053
15864522
15875747
15880135
15883234
15889767
15900179
15902790
15906784
15918362
15923333
15937298
15938235
15948633
15954401
15975745
15981506
15994515
16000359
16007987
16014799
16021670
16028744
16028766
16046963
16056255
16062616
16063233
16067648
16084322
16085438
16089887
16092224
16094858
16098562
16101619
16102218
16120751
16133376
16137373
16140015
16141745
16142239
16143629
16160904
16165002
16170945
16188516
16195342
16198361
16198514
16207086
16234050
16235659
16237093
16247317
16261756
16262030
16263366
16265386
16275815
16284476
16286387
16290583
16295730
16297375
16310112
16312052
16342327
16343383
16347251
16382865
16387292
16405023
16409128
16416137
16428390
16429986
16435278
16436717
16444725
16448103
16470236
16471029
16473909
16488034
16488639
16489104
16516497
16516681
16519175
16521583
16525472
16530577
16537469
16551373
16553928
16570357
16572926
16583118
16596874
16599153
16606754
16622425
16624664
16632587
16647086
16651247
16660740
16661837
16665444
16667581
16688420
16702938
16711445
16722853
16723520
16730314
16739373
16745301
16759382
16774463
16779723
16795335
16800167
16804106
16808084
16809327
16817066
16822673
16839025
16850891
16853263
16865481
16888015
16898391
16911125
16916907
16925632
16926290
16937583
16942112
16953815
16955145
16956523
16959737
16960548
16962086
16969125
16969385
17000324
17013690
17016821
17037094
17039719
17041228
17041644
17042292
17057310
17066599
17072847
17088805
17094664
17098357
17113857
17114227
17125648
17130469
17133668
17137376
17137585
17145227
17147451
17159676
17162521
17184489
17192626
17201103
17201546
17211678
17219840
17227176
17232737
17236426
17236573
17238092
17239131
17243311
17248470
17253748
17264052
17264587
17268958
17275510
17282441
17284030
17292172
17295224
17295617
17314258
17325308
17347983
17356229
17359178
17375638
17395963
17399840
17406489
17412528
17419458
17420010
17421852
17447424
17450002
17450981
17497373
17511175
17515114
17531969
17534598
17535763
17544955
17546474
17548108
17548223
17549503
17549834
17554453
17556075
17559696
17564445
17571311
17573414
17588456
17588884
17593569
17600871
17615029
17615497
17616385
17632098
17635878
17644670
17679390
17683888
17696578
17698902
17747533
17762616
17774901
17777207
17782822
17784249
17785975
17803949
17805260
17812233
17813705
17829041
17837334
17837492
17839949
17847946
17859049
17871895
17874564
17874965
17884685
17892925
17915529
17920748
17928069
17951396
17954124
17967840
17976518
17997333
17999499
18004994
18023750
18025415
18025985
18033171
18044140
18050574
18050664
18057536
18074949
18095426
18099079
18105955
18110542
18111434
18116871
18120229
18130092
18133610
18144244
18145467
18148238
18151352
18151696
18152891
18158691
18165920
18169207
18183132
18225370
18233033
18237755
18251909
18263330
18270209
18283901
18288066
18288408
18290149
18303067
18304638
18309451
18309749
18327923
18330414
18359916
18368116
18384512
18387501
18392325
18400175
18411485
18411490
18418405
18428915
18436697
18463971
18464007
18485958
18487263
18493563
18497501
18498477
18499916
18504943
18505318
18521506
18530179
18552220
18555085
18562810
18575506
18583993
18590099
18594747
18597126
18599074
18600123
18619468
18626785
18642402
18643892
18647919
18663004
18664737
18667978
18668149
18670487
18677476
18678032
18678905
18684036
18684124
18685218
18693163
18705890
18708860
18711245
18732333
18733244
18742590
18746014
18749428
18750167
18752621
18753247
18753900
18756683
18770911
18777461
18782014
18789680
18793295
18800860
18805363
18807911
18823434
18838533
18853481
18854287
18855194
18862740
18882050
18885074
18887787
18888257
18888692
18891165
18891599
18892609
18896833
18902923
18908882
18911703
18920249
18924865
18935686
18940051
18940379
18945237
18948225
18948908
18955505
18960084
18979091
18981657
18989637
18991741
19013895
19014406
19017390
19018062
19023973
19027957
19028997
19041377
19050269
19052700
19054070
19066183
19069083
19105280
19106680
19112967
19117642
19133705
19139218
19140317
19146774
19148885
19152908
19157247
19160032
19162415
19173911
19174526
19180917
19183816
19185930
19191512
19198331
19200812
19207766
19210979
19227891
19256008
19257940
19286142
19314609
19315166
19324978
19325492
19340111
19347871
19352269
19355182
19368412
19369851
19370408
19399811
19403440
19403731
19408291
19414312
19415437
19427987
19432894
19434484
19449615
19453836
19477779
19501289
19501589
19516199
19520154
19523550
19546557
19555403
19555906
19573939
19576365
19577197
19583968
19596365
19606667
19642488
19644254
19653737
19665811
19669593
19674742
19682094
19684533
19688590
19697033
19709031
19710247
19726779
19732773
19734613
19745262
19747494
19749201
19754673
19757819
19775175
19787884
19790854
19797009
19818775
19819166
19831246
19838599
19839124
19842605
19842652
19855014
19858977
19874123
19874596
19875922
19877087
19889340
19901263
19904544
19920882
19922456
19923656
19924412
19932607
19941067
19942277
19945839
19946995
19956766
19958010
19958544
19960745
19965015
19969348
19975962
19979475
19986169
19999295
19999739
20023228
20051094
20063866
20069554
20075425
20076385
20080522
20080567
20092123
20095633
20099835
20108287
20112377
20117257
20118098
20120718
20126080
20143015
20143298
20150230
20156039
20160813
20164278
20175589
20183213
20192829
20197601
20213640
20240388
20243638
20243965
20246674
20254330
20259647
20261700
20287877
20292103
20305579
20319194
20339918
20341038
20346467
20350031
20354180
20361338
20362826
20370863
20383647
20385649
20396819
20399075
20402230
20415083
20440678
20443950
20444863
20448729
20463075
20469649
20469786
20484167
20485992
20489584
20498728
20508324
20510229
20515495
20540135
20543092
20544723
20546936
20551607
20558745
20562107
20564927
20566843
20569393
20576541
20579294
20584528
20585878
20590052
20592668
20593534
20603530
20615136
20630070
20631201
20638201
20645486
20646140
20652254
20685846
20688206
20698966
20706366
20711266
20714356
20741632
20749085
20751093
20753526
20755714
20773799
20788179
20802710
20811560
20812137
20812420
20815488
20820950
20831162
20834046
20841406
20852164
20854076
20864981
20877373
20884080
20885592
20891627
20921837
20921913
20935230
20935818
20937963
20938746
20946684
20959729
20961688
20962095
20967168
20978195
20988040
20990172
20994465
20995508
20996098
21006825
21014863
21020533
21020663
21031913
21032366
21035645
21037109
21038174
21038501
21041231
21044722
21053210
21058856
21060626
21082111
21096768
21097653
21114511
21116415
21119072
21130248
21141783
21145180
21146096
21149724
21151540
21156837
21169132
21185490
21200760
21211640
21217850
21218225
21228453
21247406
21252580
21258883
21263740
21264539
21273417
21287296
21299579
21307771
21314150
21331701
21331942
21335431
21342308
21358031
21393057
21405257
21424485
21428104
21436842
21444331
21449797
21465687
21493421
21510367
21511698
21514076
21524059
21533405
21541052
21575253
21576652
21579115
21589965
21591699
21592170
21595415
21601086
21603810
21607750
21610361
21612348
21614307
21617838
21620395
21626759
21647103
21650338
21660260
21669894
21686117
21689350
21695845
21697918
21700246
21709076
21731072
21736658
21740493
21754568
21769815
21777880
21782826
21789044
21791639
21800200
21803916
21838076
21845410
21856893
21861078
21862579
21864253
21865755
21865936
21871116
21874192
21877013
21885822
21901387
21904419
21908880
21910818
21921705
21923067
21943109
21948738
21961112
21966770
21974199
21991920
22015183
22021351
22027221
22043318
22062925
22089486
22089976
22091548
22104538
22108225
22114308
22117196
22135754
22146614
22149187
22161908
22162601
22163512
22163902
22166784
22171899
22177996
22188117
22188830
22189406
22190217
22196446
22211797
22212258
22217575
22220577
22220715
22226232
22226804
22237275
22237875
22252770
22257327
22268955
22269775
22270494
22275724
22279976
22290565
22297330
22303515
22303869
22304706
22311979
22313306
22317521
22320658
22334245
22341702
22346667
22351910
22355220
22368314
22373308
22386439
22402062
22402362
22402676
22406994
22407028
22424639
22427845
22429505
22430690
22433471
22438161
22441392
22446222
22447624
22450237
22484917
22492670
22509116
22512357
22516121
22526052
22528550
22538361
22551422
22552908
22553542
22579192
22584841
22594708
22611773
22616340
22646567
22650236
22655981
22657426
22668100
22689354
22696624
22698475
22701696
22702458
22702624
22718837
22724895
22732862
22735884
22742008
22755290
22769093
22770775
22796162
22805642
22806960
22823488
22824778
22834238
22849783
22862632
22862850
22869089
22882726
22882795
22887171
22894918
22900542
22905400
22908060
22919782
22930922
22953893
22961229
22971040
22977812
22978553
22983526
22991443
22995433
23004120
23032727
23060889
23078778
23084145
23095009
23101422
23136546
23140161
23144794
23156272
23165112
23171650
23194334
23201966
23204301
23206833
23216944
23228826
23243374
23246115
23252795
23253069
23257241
23257476
23276256
23279158
23279802
23287151
23287689
23290602
23293434
23297120
23299085
23300040
23310188
23310714
23316044
23342577
23356049
23364522
23369957
23373525
23400440
23403834
23411023
23413919
23423096
23428714
23449377
23450475
23450960
23459415
23461762
23467525
23478360
23479324
23488178
23489402
23490324
23492163
23496654
23497506
23507933
23519141
23531552
23534029
23535228
23536660
23548534
23551699
23557782
23559319
23560887
23563142
23590619
23601583
23605937
23610017
23612056
23617592
23627100
23633494
23634799
23640234
23651353
23684092
23684198
23699535
23715344
23717258
23728259
23728389
23734403
23734770
23774328
23775973
23780664
23782299
23798427
23798819
23801898
23805689
23818504
23819133
23826845
23828465
23831185
23844448
23862362
23877982
23879812
23882893
23886373
23890547
23893325
23908311
23913351
23914434
23918043
23940500
23947499
23954473
23958332
23991088
23998177
24015151
24015157
24018278
24024036
24035428
24047679
24049391
24052460
24056372
24072596
24072915
24085782
24094796
24097334
24103152
24109042
24141227
24147764
24149510
24152436
24152480
24152786
24155242
24160015
24160260
24162493
24185925
24185976
24187550
24190379
24194433
24209459
24210624
24231567
24238766
24239976
24240454
24242615
24248084
24265736
24277580
24280745
24286971
24289759
24290264
24294065
24295668
24298446
24298673
24308379
24313939
24315826
24320147
24325356
24344280
24345810
24347116
24351238
24356890
24368679
24374919
24393302
24394007
24401324
24403581
24404670
24416322
24430335
24430458
24432102
24448561
24451774
24466901
24471797
24477947
24483390
24498552
24515680
24523435
24537844
24538451
24550664
24552626
24564772
24572480
24646678
24662808
24666527
24669628
24685542
24701972
24727955
24734719
24736743
24743267
24748261
24757585
24765576
24777836
24788805
24805784
24823426
24828147
24833828
24839782
24841475
24854162
24871695
24880694
24895451
24903632
24907994
24918746
24928372
24931323
24940615
24942623
24944621
24951205
24957740
24958867
24987391
24990649
24990974
24993611
24996049
25001249
25004021
25017206
25029315
25030057
25034948
25036121
25045811
25049773
25059943
25064787
25066503
25069668
25076722
25078499
25090212
25097267
25097644
25153243
25158544
25172078
25174870
25174985
25195562
25197155
25227845
25229732
25231480
25236428
25270987
25277875
25293857
25310113
25317787
25320944
25324339
25328823
25332221
25343794
25344423
25346171
25346917
25359021
25361576
25378153
25386567
25386865
25387029
25387721
25387932
25397409
25400783
25401993
25402392
25433959
25434699
25437899
25450076
25460385
25471258
25473131
25477127
25483998
25485091
25486018
25501578
25509914
25531903
25532110
25538047
25551091
25557653
25559134
25564425
25566667
25566876
25571910
25572348
25582044
25584958
25601321
25637461
25639300
25641114
25648777
25656493
25677084
25681304
25689948
25693615
25696133
25697695
25713726
25720989
25722228
25788484
25790498
25796835
25821409
25831506
25833688
25835312
25853271
25860970
25866648
25873491
25891643
25910882
25917653
25945077
25949366
25950707
25955029
25958384
25985585
25989206
25996865
26004508
26021911
26022578
26027291
26053126
26056755
26062197
26062555
26072042
26102143
26105261
26107010
26119417
26125794
26127656
26129051
26135722
26143757
26153120
26154796
26162887
26188116
26193720
26198976
26204037
26204190
26225770
26228682
26228923
26231329
26240171
26245923
26275511
26289283
26313228
26315611
26318102
26321012
26332445
26333962
26340848
26353483
26359226
26359801
26373682
26396172
26414765
26437410
26447710
26453531
26463084
26466448
26472558
26478246
26481462
26482818
26491127
26492018
26497160
26498459
26507225
26517699
26522324
26539819
26540045
26544593
26544615
26550683
26552935
26561316
26563866
26565436
26571226
26581162
26582204
26582349
26584001
26587957
26603905
26607951
26609850
26622229
26628040
26629882
26632927
26638621
26640602
26654795
26655387
26656366
26656953
26672503
26681395
26689000
26690414
26699261
26700988
26701119
26704164
26709633
26715250
26735430
26746453
26749004
26751694
26752120
26762455
26765825
26768016
26775441
26777702
26787575
26819158
26823130
26828223
26834257
26836125
26836433
26847902
26853599
26860712
26863139
26866658
26868777
26877754
26890815
26890858
26902278
26908046
26915664
26926736
26928922
26937466
26955306
26956126
26958749
26973591
26981460
26982643
26994973
27010754
27016564
27017380
27025888
27032860
27049169
27052242
27053558
27059102
27067097
27083229
27106629
27107055
27119960
27122401
27162191
27162770
27168336
27181923
27182651
27210890
27226962
27231347
27232516
27252895
27256432
27263117
27265652
27267186
27273615
27277159
27292265
27295295
27312517
27316388
27321377
27323769
27327324
27329464
27335972
27343541
27344964
27347127
27348031
27375562
27399958
27411988
27412672
27414152
27417769
27421481
27424453
27427250
27427614
27431081
27435718
27442908
27443793
27448867
27453976
27459686
27460486
27477177
27492722
27508798
27509053
27511660
27535971
27556562
27569370
27570056
27571792
27578095
27600475
27615307
27618938
27623264
27630531
27634031
27664919
27682394
27687277
27705500
27711201
27712153
27717944
27734579
27734812
27735826
27739082
27756395
27756699
27761169
27764115
27765332
27766869
27781666
27788988
27811939
27823131
27834352
27835647
27835834
27839960
27842633
27845588
27847072
27856880
27864731
27866293
27868240
27869855
27871970
27878717
27886169
27887578
27902785
27916809
27919010
27922414
27937391
27940662
27959399
27961042
27963424
27987807
27988655
27989934
27992324
28016477
28027511
28039560
28050204
28056634
28058576
28068910
28076449
28086376
28088369
28101546
28101975
28105500
28118315
28126355
28141398
28147177
28147641
28152290
28157545
28174524
28190568
28201022
28207127
28210632
28216043
28219540
28232868
28244987
28245630
28247218
28248424
28250590
28251007
28256991
28258814
28258923
28261288
28261392
28261827
28262653
28283484
28285080
28289244
28307565
28314915
28329040
28329411
28347920
28348975
28351221
28357042
28358334
28360046
28360205
28360629
28363461
28364987
28370022
28370389
28371052
28373297
28377123
28377560
28393837
28400288
28412352
28415051
28418384
28433073
28434123
28435047
28435468
28436048
28437801
28442505
28471515
28477429
28477746
28477824
28478779
28497969
28498119
28500659
28504975
28518820
28534689
28547163
28554851
28558436
28576912
28587597
28591688
28615940
28626400
28629716
28643333
28671301
28703134
28705604
28715966
28717145
28719437
28733731
28738313
28752590
28756048
28758078
28762795
28787359
28794229
28797686
28801048
28855437
28856416
28859750
28868683
28894835
28899652
28905774
28909742
28912640
28917517
28919945
28930375
28939171
28947419
28974085
28975227
29002818
29007157
29009596
29013924
29016426
29024255
29030411
29061114
29065755
29065940
29080589
29093385
29104819
29114517
29125181
29131463
29140374
29146227
29148855
29170409
29174097
29195549
29210978
29222047
29239121
29260972
29265993
29277043
29282791
29285393
29293355
29294733
29301297
29302469
29305559
29321593
29325222
29327899
29330318
29345793
29354696
29357561
29369289
29377501
29382942
29384846
29388505
29389686
29396070
29408251
29438499
29454924
29464947
29477603
29486587
29494314
29507865
29508424
29515123
29524006
29539973
29542473
29546819
29547411
29557599
29562794
29569510
29574815
29576575
29579564
29595084
29598155
29620873
29622980
29637367
29643259
29646468
29651657
29656662
29663412
29669611
29672608
29682887
29684519
29695236
29696900
29717656
29718592
29719169
29725864
29741107
29741434
29759038
29765969
29769599
29803555
29812944
29822230
29840216
29844364
29852455
29857676
29885990
29887267
29888729
29894169
29895933
29913535
29916103
29936733
29938413
29945082
29956219
29958046
29973630
29979415
29985710
29988311
30003805
30005932
30015020
30019924
30035993
30056223
30057267
30072711
30083776
30086492
30087666
30089914
30090582
30092673
30096181
30097249
30098303
30123992
30137189
30139701
30149786
30165613
30169342
30174831
30186374
30189544
30192022
30205955
30211867
30215927
30220546
30229372
30230731
30245829
30246160
30255119
30258107
30269964
30276637
30281732
30291548
30297376
30312791
30312851
30317571
30321598
30329408
30337161
30351750
30353066
30364814
30370334
30375432
30406543
30439010
30441649
30455696
30467986
30479950
30482955
30491297
30492793
30494482
30502530
30507289
30508840
30513505
30514115
30519306
30559592
30601880
30606146
30622381
30626395
30632950
30635854
30652536
30664073
30680338
30681206
30684440
30686977
30688740
30692389
30712730
30720962
30724192
30724361
30739853
30740238
30740260
30741825
30757277
30760366
30768207
30776960
30792987
30794618
30808987
30809906
30818504
30819858
30829667
30830735
30831872
30833308
30835166
30837288
30844744
30847976
30851703
30856591
30864822
30878136
30885952
30887730
30894528
30908813
30913589
30915626
30916820
30917679
30921025
30926861
30929453
30942824
30952019
30978417
30980482
30990981
31013619
31018114
31022151
31028460
31041770
31052339
31055485
31063709
31075284
31075709
31077206
31084633
31085713
31096283
31103403
31112549
31129944
31137965
31147880
31155173
31163006
31165820
31183805
31199604
31205754
31207948
31210736
31219726
31221406
31222844
31227389
31232673
31233569
31244960
31255779
31257483
31260326
31278309
31280854
31282923
31290464
31295154
31310512
31311423
31322311
31329391
31330088
31334962
31339684
31341172
31345026
31351653
31352377
31362469
31366174
31372611
31385136
31389616
31393414
31395312
31400838
31406455
31418692
31425833
31428805
31429840
31445626
31448309
31450926
31473898
31478321
31480259
31484044
31497323
31510339
31542581
31543284
31548877
31557325
31566241
31567712
31602266
31611226
31612408
31622872
31623311
31627409
31628176
31632966
31634854
31645789
31654652
31682510
31686515
31725724
31729009
31729025
31738117
31741659
31751197
31755958
31759619
31780928
31787233
31792242
31819184
31828225
31830217
31868127
31884662
31890114
31909846
31914477
31916532
31919512
31941958
31943325
31944844
31953224
31957811
31976035
31985890
31992265
31993662
31997589
32019885
32021353
32022408
32025624
32026551
32034952
32058512
32078914
32086923
32098989
32104354
32141672
32145254
32149504
32154038
32155219
32155487
32160336
32161811
32164265
32182151
32186950
32205900
32212369
32214948
32228866
32238797
32243651
32244495
32249927
32250709
32251021
32276203
32284268
32300322
32304351
32308465
32309361
32315314
32323866
32331617
32341664
32344147
32344244
32345858
32356795
32364341
32365263
32372199
32382892
32386228
32390685
32396203
32407475
32413207
32416180
32420401
32426876
32428524
32438047
32445809
32456890
32465675
32476239
32477699
32478491
32490638
32495727
32503404
32524816
32525057
32527553
32543283
32558875
32573484
32589773
32589892
32610472
32618386
32620033
32624798
32624813
32631896
32639539
32645880
32649464
32655022
32671839
32679349
32689656
32699824
32701536
32708315
32719630
32719695
32721928
32741830
32743232
32746224
32759160
32771271
32773079
32775574
32776387
32778269
32780853
32784197
32801889
32817938
32842347
32855125
32858227
32862165
32865219
32870944
32905598
32921532
32944844
32947378
32947520
32960858
32995214
32997070
32998405
33003441
33012910
33016435
33030600
33031629
33044328
33063176
33071431
33079982
33080916
33086786
33100041
33113968
33117718
33120459
33124540
33145168
33145296
33145613
33168768
33174719
33175732
33204232
33205703
33207610
33212026
33213482
33215737
33216488
33218353
33225100
33229625
33241955
33244929
33258560
33258647
33272705
33274929
33278041
33287089
33289702
33290583
33292012
33331454
33333657
33344940
33349089
33372732
33381733
33382025
33382744
33385901
33392091
33393499
33400745
33418616
33420673
33431607
33450084
33476716
33485036
33488253
33490977
33519297
33524268
33528471
33531383
33557667
33569235
33576417
33577498
33594815
33596984
33601274
33611650
33616641
33633992
33634408
33638489
33662749
33669875
33672107
33682492
33701017
33711626
33745994
33766869
33769190
33785997
33786477
33797684
33801481
33805314
33806657
33807149
33807502
33809244
33820184
33823354
33838050
33846278
33852734
33852769
33861870
33862608
33864229
33867252
33868024
33873197
33875068
33875103
33878155
33881235
33881463
33884154
33897357
33910775
33911848
33914852
33914999
33920719
33921004
33921333
33923405
33923436
33926610
33928220
33947623
33966838
33976024
33977921
33978425
33980869
33985540
33992160
33994404
33995953
34000390
34000928
34007477
34011842
34012483
34014512
34016676
34016933
34025443
34025908
34030665
34032699
34037163
34039483
34045192
34047894
34064063
34064159
34064956
34072635
34091936
34092558
34104126
34115834
34116725
34122664
34127599
34127658
34134067
34144192
34156885
34160697
34171296
34176200
34178385
34181398
34186184
34188633
34193548
34206731
34241748
34255256
34256547
34272745
34287552
34295979
34298639
34304651
34308737
34334795
34339092
34351906
34360492
34369002
34370997
34375643
34375665
34391471
34411747
34413103
34416755
34416923
34421609
34423975
34454205
34457046
34460146
34460875
34464685
34467265
34467715
34471472
34485747
34494926
34503173
34503490
34505777
34508049
34511919
34512286
34517529
34526748
34530047
34536268
34537561
34578258
34579771
34581595
34581878
34585130
34619814
34621837
34624225
34641176
34650736
34665577
34668836
34669386
34674136
34675324
34694254
34695705
34698242
34708267
34709625
34713647
34717355
34730972
34752653
34755213
34764314
34794601
34809670
34826677
34836159
34865622
34872888
34881481
34882116
34889937
34897106
34898743
34903382
34905724
34914738
34921355
34931016
34940193
34949920
34956840
34960671
34961179
34975182
34977217
34982219
34996670
35009200
35020729
35050094
35050629
35052971
35053330
35057183
35064454
35065589
35068624
35098835
35102764
35103405
35117719
35119615
35131996
35136748
35139166
35155587
35156326
35176190
35179301
35184074
35196670
35203497
35203661
35205771
35213996
35232566
35237976
35240362
35247465
35248764
35255519
35261430
35266179
35267458
35275565
35282222
35302418
35311530
35327778
35332171
35337549
35358092
35372173
35403732
35411804
35440484
35441625
35444050
35459398
35460946
35465813
35470123
35474619
35483830
35504427
35515198
35519602
35521793
35540823
35540857
35550458
35550576
35556203
35568912
35574991
35577408
35580291
35626600
35631914
35633628
35636430
35639139
35641073
35649097
35664266
35672148
35680784
35718453
35722686
35730751
35738798
35741552
35751881
35753785
35756337
35767805
35776095
35779552
35790848
35794602
35804923
35806994
35810427
35812698
35829819
35840631
35853654
35857436
35863690
35868474
35874470
35892128
35900071
35915319
35931041
35941503
35945870
35972036
35991189
36002278
36004061
36008392
36012853
36035300
36037744
36038287
36051083
36063706
36096103
36115180
36122059
36125447
36126069
36130009
36136803
36146924
36162247
36170732
36175806
36183381
36187342
36194745
36195552
36206315
36210945
36211899
36212496
36219921
36220624
36225023
36234151
36235795
36249622
36250182
36251509
36257334
36262824
36268089
36270739
36284314
36287953
36295359
36308657
36325473
36340614
36346075
36352212
36353739
36356649
36361469
36374276
36376348
36386297
36386562
36389977
36391536
36408829
36409190
36411071
36430811
36437804
36440807
36452727
36455333
36471502
36481681
36488433
36491046
36502597
36514683
36521422
36528833
36580395
36601610
36639509
36643265
36644363
36644772
36652645
36656013
36659111
36675088
36680882
36686175
36690195
36702988
36702994
36704777
36734778
36736373
36738346
36758790
36768566
36771884
36772724
36776183
36794313
36796792
36798022
36798907
36806943
36824837
36830357
36832143
36834357
36835380
36838298
36847693
36851469
36851506
36862841
36868254
36873948
36891145
36891156
36900801
36930776
36933646
36937317
36944219
36951528
36972903
36974971
36987088
36994176
36996446
37004312
37015692
37019270
37021026
37021347
37024523
37031726
37041840
37044374
37046665
37060304
37066074
37074840
37077906
37091155
37091482
37105587
37109172
37113802
37136523
37142090
37142217
37143181
37161562
37162500
37166453
37168278
37184793
37186065
37187585
37194518
37197918
37198936
37219222
37221300
37232906
37237925
37241044
37244587
37249348
37259608
37261585
37266684
37277121
37277670
37279623
37296280
37309750
37311700
37328319
37341006
37350960
37353715
37357714
37361039
37365269
37376096
37391313
37393355
37398484
37409662
37416726
37422698
37423048
37449315
37453698
37459429
37474077
37478652
37482144
37482937
37488031
37489652
37503012
37519404
37560700
37566097
37576461
37585103
37590636
37596071
37604224
37631843
37634974
37656607
37662036
37671890
37672173
37677587
37683146
37684628
37688228
37701323
37713818
37722371
37722820
37723358
37724024
37725167
37725398
37733578
37740176
37753103
37753895
37755973
37785659
37794808
37799214
37811338
37823987
37830302
37847644
37848237
37860450
37862191
37865061
37872237
37876674
37880698
37884086
37885519
37905446
37924406
37932106
37935613
37936459
37941795
37943539
37951822
37952983
37955221
37959208
37970546
37974300
37976160
37988188
37991321
37995146
38009914
38013065
38013164
38023683
38030388
38043836
38052685
38064678
38065540
38068913
38085830
38089684
38096476
38099805
38102992
38103142
38110600
38113427
38117041
38130750
38132221
38135338
38167193
38175678
38182330
38182337
38191245
38204358
38204651
38211074
38215664
38223464
38223987
38235556
38249152
38257850
38299511
38310761
38312890
38318217
38322495
38326236
38328327
38338407
38342490
38348787
38357675
38362580
38363136
38369579
38374557
38379204
38384338
38385288
38389311
38395230
38396497
38399737
38399764
38400745
38421808
38429664
38431139
38447057
38453938
38455676
38456009
38473312
38474470
38483234
38508999
38522591
38525445
38525651
38527923
38534450
38547024
38564066
38564551
38565971
38569286
38580061
38582048
38586069
38588843
38589469
38593728
38597875
38600335
38601329
38604849
38616735
38616781
38619440
38633649
38635632
38654233
38654380
38689212
38690734
38691332
38692150
38693838
38696000
38696797
38738209
38761324
38776403
38782876
38792358
38810374
38818814
38820982
38827706
38833663
38834845
38836892
38837062
38848896
38853293
38854059
38863070
38876183
38880307
38883886
38883946
38889541
38891400
38893847
38895369
38902384
38905953
38914311
38918451
38919104
38933126
38933688
38933908
38935774
38956232
38981480
38985532
38985949
38987378
39017349
39032410
39033331
39062765
39065250
39068502
39075018
39075520
39085938
39089885
39092984
39097014
39109920
39128873
39136879
39153715
39164987
39169400
39187884
39194413
39197295
39200590
39222211
39247595
39251766
39252466
39256012
39259347
39263506
39263780
39272691
39272975
39285178
39285361
39286669
39289142
39298524
39302874
39308258
39308288
39310358
39311206
39328291
39335389
39353111
39355515
39370335
39384858
39385385
39391427
39399118
39400276
39403112
39419544
39425185
39459822
39462389
39464403
39466795
39468307
39468892
39474286
39492442
39527341
39529137
39539978
39540428
39550138
39550532
39552326
39561375
39572583
39573637
39573965
39578696
39580815
39581815
39584720
39589948
39592632
39594465
39596520
39619912
39619967
39638858
39647860
39657526
39658233
39662027
39677039
39684404
39690358
39692808
39699155
39705120
39712194
39714724
39716386
39722394
39724042
39724947
39730490
39736523
39747111
39760353
39764209
39794244
39799401
39803555
39835567
39838701
39839906
39858853
39867917
39881045
39898432
39902373
39910776
39914934
39917272
39931249
39932683
39950834
39961961
39975186
39982236
39982338
39985213
39993897
40002104
40003794
40007426
40009109
40020173
40023231
40025675
40031447
40032146
40037559
40044734
40045563
40049444
40065967
40073460
40088751
40101274
40103902
40104217
40105933
40109072
40116882
40117569
40125063
40128800
40130154
40140414
40163521
40172689
40182323
40185971
40191009
40193322
40197733
40214861
40227886
40229944
40238160
40249410
40261394
40269194
40283666
40290874
40293827
40329023
40335918
40344089
40358657
40380045
40381481
40389659
40398030
40408419
40409316
40413452
40423203
40454395
40478191
40481813
40509083
40528471
40534509
40551305
40559478
40576015
40584559
40590191
40596318
40601924
40614760
40622022
40622201
40625150
40648540
40656090
40661773
40671253
40674521
40704008
40720956
40728006
40737314
40742823
40760435
40770637
40778101
40778500
40789639
40802543
40806631
40809158
40811164
40815547
40826647
40827491
40833173
40855573
40858229
40866074
40868112
40872307
40880126
40887512
40888466
40899714
40905692
40923106
40928071
40929988
40933072
40939264
40941635
40952868
40955884
40962954
40964233
40970346
40971218
40973350
40985396
40997256
41000881
41005435
41010800
41012934
41013205
41028531
41031537
41040855
41041225
41050203
41064905
41080450
41099265
41117672
41124899
41133917
41139932
41149685
41161683
41174250
41187710
41191069
41193322
41193633
41204731
41217370
41218734
41231129
41248389
41250287
41251055
41262675
41263334
41272194
41281665
41284075
41297454
41307844
41325232
41331164
41331462
41332865
41336121
41352927
41356728
41356991
41357301
41371659
41395093
41395272
41406123
41419372
41423590
41429809
41437750
41441299
41441527
41453213
41467899
41471541
41473847
41477158
41483149
41483579
41485454
41488228
41492249
41497210
41500752
41505726
41506721
41514371
41517241
41530596
41533193
41537328
41547619
41550369
41578834
41601736
41606641
41607158
41616883
41621914
41627518
41629361
41640925
41646582
41649977
41652453
41659557
41672860
41687429
41691492
41692706
41693389
41696548
41701054
41702105
41704200
41708754
41713439
41715957
41728035
41732530
41741155
41752723
41764672
41770830
41781400
41790400
41796076
41800700
41802144
41802147
41808921
41821197
41827575
41832901
41833830
41834603
41839562
41847466
41848463
41857026
41867260
41868190
41869162
41878003
41896279
41897775
41903025
41907708
41910214
41914769
41921029
41926236
41940673
41964643
41968000
42008117
42012440
42022543
42028283
42036792
42037235
42040295
42040636
42041912
42044261
42046749
42049601
42055932
42059215
42059565
42070132
42071579
42072403
42077725
42094514
42097076
42104876
42107429
42117166
42131413
42132350
42132522
42133208
42140065
42141607
42146470
42150762
42157654
42157891
42158889
42161559
42164434
42180658
42191038
42192795
42196314
42197294
42198111
42200470
42204821
42211027
42222440
42229360
42229798
42236819
42244063
42245908
42253903
42260458
42267457
42276538
42289377
42293163
42300308
42307704
42319241
42330231
42334789
42356813
42357773
42363812
42378838
42387372
42398219
42413767
42436745
42438819
42443965
42444820
42458957
42461953
42463834
42481358
42487539
42488382
42494932
42496642
42507482
42508396
42525382
42532244
42545502
42562810
42565114
42567831
42570397
42570503
42591966
42594668
42598299
42606706
42607542
42615038
42618033
42620480
42636345
42636666
42638211
42643308
42651760
42653774
42654567
42659826
42664828
42670532
42675247
42682591
42684645
42688268
42701145
42708858
42732168
42770109
42779454
42784050
42788831
42812683
42813187
42814726
42822412
42822441
42831361
42832756
42834336
42835972
42847402
42848193
42850586
42877759
42883066
42893337
42896788
42908836
42919221
42930828
42930841
42933027
42951019
42977209
42991225
42991531
42992094
42992689
42993023
42994761
42995903
43005510
43019262
43022260
43042202
43051174
43059645
43077627
43091048
43093296
43102466
43104777
43119807
43128295
43136061
43136111
43137810
43152321
43154280
43166834
43167618
43169583
43174188
43177187
43189963
43195077
43195285
43196441
43200079
43201255
43206945
43213587
43214247
43216477
43225183
43229783
43253537
43264107
43275981
43282594
43292251
43311268
43317501
43327952
43329653
43331144
43336988
43338932
43351875
43364210
43369053
43375273
43377116
43385185
43385394
43385919
43389454
43393426
43399751
43401660
43402281
43407232
43422056
43423462
43432030
43468789
43494171
43499501
43503364
43513063
43514740
43542184
43547967
43549687
43550275
43553269
43565810
43576307
43582942
43584244
43584831
43589119
43614704
43632351
43641219
43651740
43654523
43657386
43659550
43665687
43673925
43680501
43681955
43694172
43696402
43699742
43699921
43709669
43710264
43732818
43733319
43747229
43754598
43780367
43795203
43809195
43812616
43814573
43824743
43832343
43833872
43851406
43854039
43854393
43874803
43887427
43902455
43913580
43946891
43947853
43952795
43956453
43969001
43982038
43982930
43991863
43998524
44004729
44018212
44021260
44031305
44033171
44037550
44046509
44052158
44059240
44061048
44061214
44063443
44067179
44082391
44095606
44099473
44099701
44103539
44109041
44121055
44132499
44136624
44145188
44157946
44158343
44160937
44162880
44163540
44184316
44189673
44194429
44198784
44205276
44207124
44207227
44212685
44215445
44228380
44234402
44237824
44238052
44240158
44246067
44249599
44257116
44270090
44272041
44273563
44278217
44284439
44292978
44293614
44304856
44309115
44324690
44335700
44363276
44370168
44379244
44388910
44394545
44404969
44405587
44407650
44413183
44423231
44426566
44440765
44458589
44467638
44471483
44484439
44486505
44489643
44504936
44511248
44512115
44526532
44539082
44540188
44542290
44551011
44562355
44566040
44571558
44572080
44591741
44594870
44599821
44605862
44610352
44622483
44622488
44634346
44634403
44636273
44652318
44672522
44675759
44687756
44689084
44710101
44725266
44731990
44739603
44746273
44755781
44764225
44781495
44792252
44809610
44821526
44857660
44863940
44881028
44889811
44890633
44896506
44900556
44918973
44920346
44926570
44927501
44930336
44939343
44949285
44955498
44962883
44972839
44973331
44974672
44985644
45019225
45029050
45040538
45046659
45052056
45055905
45059558
45067210
45084290
45086657
45093104
45095945
45098512
45114207
45144371
45145563
45146504
45146974
45155674
45157395
45158294
45161030
45162612
45166366
45173347
45181866
45190105
45192996
45197286
45246451
45257992
45267632
45273457
45281677
45291340
45294455
45301047
45305348
45308119
45316678
45323112
45324345
45341643
45362526
45364540
45379287
45398655
45403375
45405808
45430457
45434498
45442432
45443709
45469521
45473582
45479062
45493269
45501112
45511638
45515144
45523180
45527169
45527524
45528100
45535745
45553601
45562607
45564489
45570363
45578031
45579294
45600601
45619263
45619627
45631961
45640916
45642597
45651274
45652795
45663543
45664049
45674543
45681570
45681909
45682632
45685490
45686439
45687635
45699848
45703092
45705275
45719010
45721824
45725121
45727453
45728368
45739719
45757495
45758300
45765183
45771263
45775787
45778621
45780574
45788014
45800573
45803962
45804610
45804750
45806504
45811069
45824314
45855257
45874284
45882908
45888583
45897595
45903630
45906690
45906761
45906781
45911369
45922253
45924663
45934147
45943015
45954458
45961653
45979764
45984700
45985473
45986480
45992561
45994799
45995311
45997055
45998341
46015842
46016307
46016626
46016853
46031212
46035275
46043301
46047972
46056544
46058566
46069889
46070577
46080230
46081640
46086761
46090872
46100710
46108622
46110491
46126510
46156694
46186061
46198433
46201285
46201458
46208081
46211053
46220305
46228252
46228519
46229165
46229389
46243321
46243502
46253589
46263995
46266882
46269559
46269722
46273277
46274987
46285985
46288550
46293259
46300953
46314787
46334713
46336661
46347012
46355487
46356690
46376753
46387428
46400024
46401401
46422294
46426959
46433287
46442091
46448370
46452225
46452800
46460296
46465174
46487203
46508629
46533993
46537685
46543321
46548542
46560003
46560837
46576024
46580283
46581948
46617282
46627263
46631861
46633851
46634253
46638664
46641192
46641954
46642738
46648393
46649204
46651875
46662732
46666003
46669777
46678423
46679766
46684997
46698872
46711292
46712419
46717534
46723896
46724315
46725573
46733291
46734708
46739386
46740168
46755488
46770479
46785061
46785705
46799779
46808239
46812069
46817563
46820606
46826475
46839723
46861908
46864040
46868588
46897333
46906876
46907773
46910641
46923668
46934258
46935466
46936010
46943045
46947490
46951004
46958560
46960420
46967523
46980956
46981980
47003751
47008803
47012684
47013322
47019214
47027358
47068413
47073588
47078956
47085571
47088051
47088332
47106035
47112862
47113020
47117441
47121825
47129700
47145469
47162925
47175982
47176035
47178065
47178831
47184086
47190766
47196656
47206361
47209251
47213215
47213886
47220612
47222572
47243633
47249790
47255811
47257477
47270118
47276168
47280364
47280391
47288446
47293809
47303669
47307206
47307747
47317452
47326882
47328209
47332653
47359491
47371103
47390263
47391658
47394197
47398543
47399186
47403816
47408299
47415225
47415994
47420275
47423724
47427160
47429465
47437676
47441664
47445471
47460668
47461925
47480794
47497230
47521547
47523243
47526576
47544864
47564832
47569240
47582321
47600506
47612398
47622280
47626549
47637371
47642519
47645903
47647282
47649376
47652196
47652979
47659077
47670035
47671859
47677207
47682816
47686303
47706552
47719175
47723042
47730762
47736547
47749571
47761736
47767512
47775367
47775742
47782645
47795280
47804105
47805095
47817000
47819783
47820816
47844901
47846172
47846555
47864136
47867108
47880337
47905977
47919217
47928285
47930083
47932327
47938705
47943346
47944759
47955460
47960910
47984188
47985457
47999475
48001389
48010492
48016275
48019846
48025750
48030247
48032395
48047777
48054278
48056570
48069679
48082914
48098837
48100310
48105599
48109709
48135329
48144353
48145718
48150069
48151408
48155064
48171188
48175568
48198598
48219731
48223667
48236069
48252528
48268799
48272211
48310766
48314731
48317089
48317800
48321092
48334076
48334339
48351759
48357451
48367877
48392109
48399484
48406055
48432146
48446944
48447505
48457373
48471443
48492952
48522156
48527928
48553806
48559707
48566622
48568496
48575998
48582502
48585854
48587035
48596576
48608160
48608343
48643955
48646619
48656224
48658276
48662594
48665914
48676250
48690991
48694787
48699053
48707386
48726636
48739887
48751096
48762734
48765515
48778468
48779353
48780819
48792220
48812857
48817195
48836072
48849706
48862816
48875938
48876661
48880218
48880992
48886978
48893976
48895160
48906878
48907290
48946030
48952432
48966753
48968597
48972078
48988152
48995907
48999850
49010263
49010938
49014924
49019102
49043738
49046009
49047010
49064814
49070004
49076359
49079804
49087286
49109456
49115115
49117576
49132882
49133127
49135838
49145215
49161900
49166340
49169899
49178843
49186012
49188870
49192208
49211118
49219996
49223364
49236251
49244154
49253275
49253538
49259255
49269040
49286125
49295278
49297750
49303619
49311959
49342745
49356007
49362168
49364549
49364640
49374532
49379186
49384833
49395593
49398821
49401507
49409921
49416124
49435287
49441072
49446072
49446388
49461804
49463334
49468905
49473955
49480291
49495888
49504432
49506916
49511593
49541179
49546410
49554064
49570984
49579295
49581095
49581192
49583414
49586869
49587196
49592188
49594542
49595255
49599007
49625175
49637041
49638081
49645101
49649536
49656222
49663974
49682702
49689678
49690603
49702434
49703969
49714460
49731696
49748324
49759117
49794279
49798355
49801932
49802164
49819405
49829186
49829452
49831747
49831897
49834326
49837299
49855853
49866117
49867140
49867430
49869640
49873248
49874425
49878679
49878919
49884405
49886606
49892294
49897156
49899082
49903636
49905090
49906817
49908660
49914009
49921429
49924363
49926906
49929904
49936245
49938358
49952761
49966782
49968621
49985930
49991359
49998322
50023243
50025877
50037123
50072204
50076243
50078714
50098845
50099348
50105465
50116361
50116852
50118538
50122348
50132407
50135296
50151602
50158521
50162532
50171385
50176396
50179958
50180607
50182888
50187182
50191274
50197852
50212493
50215312
50225650
50226396
50230620
50238520
50245195
50250306
50252102
50252431
50254667
50256747
50257075
50308554
50311194
50316848
50318699
50334197
50342810
50352139
50352208
50355080
50357134
50360802
50366052
50369463
50369648
50372870
50376601
50381711
50421940
50426754
50435697
50441897
50442164
50443406
50457789
50459752
50466961
50467031
50476854
50482004
50487424
50489484
50503339
50503594
50505806
50506434
50507479
50507965
50512920
50515765
50528899
50530953
50540430
50542308
50558224
50563263
50583208
50593168
50598278
50608501
50608845
50614525
50614754
50628704
50632002
50640406
50641223
50645740
50660905
50666148
50669024
50670374
50690444
50690871
50712024
50714585
50718375
50726080
50728147
50738128
50757232
50762557
50791423
50801259
50803148
50805237
50807808
50815075
50815333
50818184
50824653
50830107
50830220
50842287
50881582
50888728
50890005
50894589
50899390
50899808
50905814
50908628
50908712
50916799
50920678
50921546
50925050
50950441
50951081
50967384
50970674
50971387
50974660
50975959
50990005
51001820
51014774
51019781
51020407
51024791
51036516
51040305
51044037
51049847
51055141
51058614
51060628
51062781
51070687
51075384
51081251
51082100
51086850
51090825
51101673
51117747
51118391
51130616
51131124
51144523
51149463
51154407
51156495
51158800
51159770
51162958
51167505
51180068
51195769
51198530
51209053
51219176
51224899
51237079
51244327
51244366
51265408
51279037
51281946
51295504
51299525
51303373
51312126
51316030
51317520
51320385
51325560
51329606
51345220
51350370
51376949
51380321
51385797
51388609
51398462
51402688
51418318
51419113
51452632
51454826
51455606
51458423
51464583
51469209
51474141
51486025
51493287
51500947
51504157
51507641
51507676
51508800
51510990
51515950
51521428
51537848
51543650
51545729
51550579
51553313
51561724
51563616
51581155
51586372
51590501
51623242
51629901
51635626
51643318
51672141
51689941
51703528
51711156
51712650
51714950
51716899
51720228
51724964
51726377
51733878
51740454
51746953
51765776
51771571
51795185
51798076
51807222
51817060
51823013
51832787
51836229
51836848
51848548
51851830
51856295
51865183
51884073
51884492
51886461
51886874
51892464
51896927
51901755
51907018
51907780
51908069
51915538
51965509
51966485
51969109
51993754
52006717
52013792
52039968
52043692
52058821
52067809
52070016
52075462
52080354
52092143
52106156
52133023
52136649
52138120
52144013
52156187
52164192
52169448
52175943
52183070
52186003
52191475
52195236
52204485
52212471
52212843
52215230
52216177
52224657
52225609
52226842
52242071
52249629
52261151
52261571
52265263
52266855
52281376
52293365
52304563
52318998
52323365
52330144
52331687
52347669
52354150
52361600
52367897
52375685
52383845
52386017
52404230
52420942
52424860
52426121
52426578
52427018
52428759
52432495
52442123
52449711
52452442
52452449
52453624
52461657
52466420
52467203
52467506
52467687
52470283
52474362
52476061
52476446
52476597
52481258
52486013
52492788
52493677
52498538
52504355
52515344
52522152
52523367
52531009
52532307
52540433
52544265
52551531
52552711
52556586
52556993
52557213
52564777
52574816
52580988
52589136
52590435
52593151
52593935
52603244
52605866
52605895
52616744
52620897
52643301
52659374
52677588
52681018
52692244
52698775
52723877
52730568
52737090
52741679
52751698
52754355
52755334
52759455
52782513
52782555
52800762
52805416
52809114
52815289
52821580
52850755
52860369
52865288
52882404
52891186
52901349
52911368
52919588
52933058
52946448
52958413
52960377
52975027
52982806
52991625
53006043
53013886
53016698
53024876
53029828
53032785
53035013
53045947
53047231
53048070
53062781
53065538
53066958
53069215
53073747
53073892
53074329
53085058
53096611
53106910
53112685
53118522
53124354
53137804
53140875
53152709
53169088
53185446
53214500
53218188
53223309
53229810
53248667
53250174
53265011
53267816
53268261
53272713
53278311
53280053
53282554
53283697
53284247
53290836
53295009
53303540
53305318
53313164
53315630
53338343
53342388
53350122
53353981
53357456
53359760
53362827
53370844
53385747
53386778
53393519
53406394
53407000
53412904
53435348
53441973
53444066
53454593
53492273
53500193
53518277
53544084
53552658
53559252
53559976
53567636
53569057
53579080
53581528
53582384
53591050
53595189
53610449
53610811
53610886
53618152
53631486
53639203
53646171
53648122
53651606
53652735
53655196
53661544
53666386
53672613
53676166
53676471
53679763
53689773
53690067
53695895
53697484
53703623
53704854
53716408
53729532
53730697
53731226
53736610
53741923
53748530
53752544
53788397
53799739
53800516
53803621
53809748
53817298
53819635
53823752
53833490
53838215
53842530
53845360
53847362
53854819
53876248
53877620
53891079
53891509
53893570
53901051
53907488
53912130
53912962
53932329
53935297
53951792
53951989
53963518
53968112
53968851
53971305
53977508
53981420
53985148
53986087
53998573
54009304
54048325
54049487
54057641
54061424
54065437
54068088
54076389
54082366
54092754
54107623
54110306
54125482
54127161
54135998
54137318
54155157
54156342
54156364
54156585
54163975
54178972
54181969
54184156
54189424
54200876
54213158
54214503
54218311
54222148
54225543
54232929
54251678
54258265
54261229
54261317
54268033
54275233
54283430
54289068
54291143
54295507
54321203
54329450
54337715
54345236
54355606
54361131
54361710
54361863
54367420
54375732
54377747
54379541
54394904
54399583
54404784
54412641
54416200
54434427
54436956
54446196
54452590
54457586
54480552
54480587
54481499
54485930
54494117
54498045
54501525
54507024
54535391
54551462
54557037
54565339
54565898
54567881
54574487
54578421
54598278
54607719
54608316
54621148
54629405
54634514
54657157
54667090
54668050
54669577
54672060
54683590
54686903
54694996
54705757
54720929
54725304
54733173
54741421
54748411
54760052
54769027
54792155
54796018
54796350
54815558
54826660
54830471
54856460
54863828
54866525
54869720
54874010
54876353
54887238
54889573
54896252
54908470
54917020
54925583
54943680
54945326
54945641
54949077
54961086
54962471
54977539
54980946
54992586
54999946
55011866
55020526
55031722
55034107
55047740
55051598
55055694
55062268
55064419
55067179
55072181
55082435
55102305
55104070
55107412
55107683
55120270
55122404
55129855
55135759
55136523
55143705
55149737
55156266
55167454
55169867
55174617
55180587
55200153
55215700
55217569
55221296
55232302
55235450
55239437
55247444
55249756
55249769
55251410
55272969
55279337
55282243
55287368
55293983
55294775
55296552
55299354
55317622
55319780
55324811
55332174
55345356
55349511
55351239
55351667
55355945
55368474
55382430
55382642
55385608
55387295
55403585
55408654
55417170
55417419
55419311
55434565
55435891
55440051
55442283
55444732
55449031
55454442
55461820
55487918
55488908
55497549
55498637
55507013
55525310
55533139
55541189
55553483
55553959
55565139
55568701
55571212
55573768
55574566
55580595
55597963
55601289
55611930
55612953
55618053
55623483
55634343
55657559
55661563
55667950
55680896
55680951
55683031
55684011
55686820
55686853
55690636
55694561
55723068
55723480
55728783
55749330
55762616
55772193
55772209
55772490
55777339
55784910
55786606
55802466
55803795
55807203
55813581
55814272
55819899
55825041
55828246
55829446
55836753
55848515
55864604
55871158
55879211
55886061
55914424
55924957
55932529
55951607
55970705
55973285
55979600
55988915
55989154
55989973
55993851
55995173
56001445
56005042
56011221
56015465
56032140
56033791
56035203
56046535
56066237
56072261
56088574
56095896
56099492
56103368
56109094
56117660
56122665
56139909
56146621
56157846
56166723
56186340
56187468
56187925
56191196
56197171
56198913
56204414
56205712
56211505
56218658
56223252
56228825
56228981
56233437
56237148
56244761
56247018
56250903
56254520
56268836
56271078
56273853
56278650
56280230
56286681
56286970
56291125
56300349
56310725
56313945
56314313
56321634
56322015
56322080
56322133
56330811
56344061
56351853
56356177
56358638
56369434
56371796
56372094
56374503
56377092
56380217
56382913
56383931
56388499
56399215
56399960
56405486
56407567
56411568
56427181
56441697
56468692
56472369
56477166
56479900
56521061
56547282
56556793
56561108
56575015
56586762
56588045
56590944
56598684
56610359
56628574
56659203
56661444
56669902
56671328
56703396
56720186
56721870
56729598
56734189
56743906
56748789
56756501
56770754
56780708
56791687
56793377
56811261
56815489
56817091
56824189
56824538
56834922
56845232
56851580
56854308
56857034
56859328
56864652
56866934
56874329
56879345
56891635
56891648
56892368
56894972
56905218
56919467
56920776
56926552
56947177
56949148
56954233
56958773
56967773
56971360
56980032
56984423
56987745
56987972
56991892
57002541
57007272
57012727
57014731
57018204
57024835
57024873
57034311
57035071
57037002
57038191
57042765
57052877
57060442
57071421
57079600
57084777
57093154
57127791
57128530
57146064
57151436
57165260
57165549
57186198
57196445
57216224
57220881
57223082
57228747
57236058
57255207
57264133
57269023
57283743
57289529
57291038
57293298
57294656
57306795
57317343
57335898
57360419
57377337
57381045
57392766
57392893
57406175
57410568
57425338
57427455
57431892
57457532
57467183
57484912
57491191
57495066
57500544
57528955
57543695
57548032
57550139
57554653
57555455
57579903
57621359
57638899
57640185
57649661
57662275
57665505
57680187
57682161
57682865
57686670
57700605
57715972
57724915
57727676
57735462
57735516
57745571
57755579
57766564
57767672
57782630
57784539
57787881
57792467
57795686
57797190
57804381
57809145
57815748
57819646
57831297
57840181
57844222
57864548
57866448
57870688
57873489
57888704
57895322
57920031
57931999
57938372
57945759
57952352
57963700
57970289
57971897
57973645
57978397
57984391
57986046
57994335
58044979
58045475
58055236
58060000
58068877
58078484
58081997
58087105
58088111
58099755
58112026
58118645
58137242
58146379
58155765
58157863
58175856
58180332
58182718
58186848
58194770
58195875
58210638
58212601
58212843
58229102
58239618
58243660
58244404
58247918
58255895
58269013
58274083
58296051
58326754
58329060
58349851
58356477
58358113
58366266
58368391
58377745
58384602
58385487
58397887
58410120
58420430
58426655
58450024
58452903
58455032
58455714
58468179
58481919
58486362
58487807
58499789
58518793
58519072
58525517
58535322
58538248
58547917
58552777
58557173
58558716
58571724
58583579
58583952
58589580
58590637
58597987
58599817
58611278
58613003
58619464
58626052
58631800
58636006
58640295
58644384
58657470
58659902
58662015
58662356
58662697
58665239
58673152
58677049
58686028
58692792
58711817
58718770
58721434
58727316
58731047
58737242
58739174
58740447
58741441
58750809
58752316
58763683
58778443
58780230
58796221
58805138
58806346
58818280
58818595
58826976
58827771
58845409
58849240
58853813
58854846
58866009
58867433
58869351
58870066
58888315
58914145
58920415
58924507
58926757
58955190
58955729
58958043
58965021
58971842
58976806
58978357
58982145
58985476
58998491
59006803
59011969
59015497
59017514
59017969
59022313
59026767
59038460
59039874
59041783
59043864
59052291
59055004
59059265
59072334
59080035
59080139
59080671
59082742
59084638
59112148
59116995
59160633
59181565
59183255
59186026
59187047
59190596
59196700
59206499
59207013
59210625
59211105
59219251
59227640
59229907
59243150
59258661
59262500
59265241
59271042
59278745
59302508
59307365
59313512
59314878
59344875
59345024
59354135
59357739
59358593
59363667
59363778
59365844
59366496
59367731
59367782
59368044
59387755
59393136
59410417
59428859
59444848
59450542
59466598
59485033
59492112
59496081
59503219
59515450
59532899
59534382
59553048
59556568
59559917
59575818
59578726
59579459
59586872
59616952
59636756
59650793
59652670
59661325
59662665
59666879
59670282
59683861
59692625
59695796
59706450
59711300
59713042
59733743
59749802
59753986
59772292
59782632
59786936
59804120
59821074
59821088
59827438
59845255
59847978
59850973
59860594
59868064
59881513
59897397
59901125
59904592
59905666
59907630
59919564
59925371
59934003
59942181
59943134
59944569
59945779
59952459
59956479
59960265
59971546
59975359
59995344
59997570
60017016
60037483
60065356
60085138
60087165
60088752
60092526
60108725
60109613
60126115
60135805
60149248
60163472
60165228
60166991
60178178
60179478
60192867
60234936
60248922
60254929
60257676
60265715
60287745
60288155
60300293
60315740
60321606
60331755
60333415
60336937
60338354
60341198
60373622
60386567
60399659
60408434
60409045
60425209
60430925
60440735
60453559
60463434
60464087
60476536
60478702
60482958
60493853
60498062
60500210
60500511
60501371
60511361
60512160
60518799
60526703
60527192
60534011
60535265
60539973
60552194
60557531
60562743
60570553
60581415
60588032
60602645
60622786
60623838
60637486
60655269
60683987
60684503
60684934
60691017
60701070
60704846
60720728
60736468
60739927
60745814
60748356
60751446
60781592
60812711
60815713
60827161
60853190
60857702
60859689
60907689
60913522
60923833
60931089
60934215
60937677
60939497
60947522
60967125
60980730
60994237
61001174
61015080
61015573
61021444
61037123
61047979
61079029
61083854
61092364
61098671
61098755
61098997
61100002
61106758
61110425
61113705
61125304
61143041
61150182
61152863
61155212
61162615
61168884
61177036
61203088
61213151
61219048
61221120
61222283
61223081
61225709
61226618
61232283
61241535
61258936
61265632
61269257
61275634
61282356
61291832
61294070
61297492
61308316
61324235
61336364
61345319
61348155
61357189
61365184
61394116
61408368
61423458
61437350
61442019
61442739
61443579
61452363
61458404
61463986
61464767
61467148
61495556
61497696
61503674
61504746
61506106
61511961
61519442
61520609
61522831
61526818
61544447
61547579
61553451
61559000
61559928
61564384
61565050
61572059
61577633
61581958
61612606
61619730
61620265
61623020
61626908
61636859
61670515
61679246
61681236
61691288
61703124
61711545
61725735
61732253
61741115
61746591
61764120
61770295
61774663
61776198
61779083
61781078
61785027
61790452
61792186
61800688
61801089
61803267
61806309
61807911
61815640
61816657
61817396
61827052
61832014
61832569
61849048
61851784
61859355
61865617
61871047
61886438
61894434
61900451
61907716
61913746
61914958
61923532
61926012
61941096
61944885
61955427
61956261
61964665
61969077
61972399
61988616
61990138
61996262
61998599
62002894
62005862
62014663
62020393
62021787
62026341
62034392
62044020
62045362
62048054
62055909
62063206
62063637
62065189
62067694
62076860
62080427
62086875
62094275
62098262
62115487
62119652
62134565
62139828
62141398
62142159
62154951
62181664
62186800
62190523
62195325
62200079
62200711
62202079
62205874
62211142
62212813
62213959
62219711
62223873
62224039
62235151
62240324
62241742
62242984
62243218
62245331
62255294
62258224
62262397
62262650
62267672
62269322
62271935
62273746
62276579
62286503
62287023
62288682
62301508
62305419
62313486
62314985
62316985
62326721
62327692
62328861
62363188
62387093
62397107
62400713
62406294
62408899
62417598
62426761
62441636
62443500
62446894
62448776
62450603
62454256
62455120
62455659
62465525
62470496
62471503
62474174
62476115
62485125
62495281
62501150
62505528
62508083
62525968
62549592
62557471
62558592
62566144
62566393
62567887
62593434
62604151
62614733
62627155
62628944
62644365
62644692
62650837
62655596
62658967
62662214
62665970
62667527
62670889
62671192
62687211
62689956
62700051
62701440
62723351
62731091
62732418
62737029
62740794
62754888
62764008
62769708
62770669
62770995
62777817
62780354
62786323
62794927
62811179
62828185
62830256
62835088
62835643
62842799
62878838
62886360
62887285
62888461
62893673
62907585
62909116
62911381
62921436
62923530
62930057
62938876
62939628
62945804
62948225
62955747
62975248
62975733
62980664
63003179
63008446
63009136
63026294
63028083
63032417
63044076
63053211
63070668
63074207
63099599
63101419
63101700
63113170
63119088
63127172
63135224
63135305
63143900
63155370
63158941
63159710
63160140
63187399
63191442
63199770
63200311
63204172
63213332
63214320
63216106
63239375
63257219
63278483
63285138
63287997
63288075
63289568
63291472
63292368
63302724
63319702
63337735
63341979
63344205
63348514
63352629
63366620
63368757
63371374
63390548
63395804
63404255
63409179
63410475
63410481
63414471
63420142
63427933
63433556
63447225
63451912
63473686
63478076
63495613
63505753
63515978
63518827
63553112
63556905
63558481
63561343
63563278
63569319
63578361
63587100
63587693
63588697
63596187
63598430
63603376
63605660
63612499
63612901
63617194
63619349
63623256
63629633
63631811
63633936
63641033
63644153
63649140
63654769
63664404
63666531
63670657
63688267
63690572
63690628
63691518
63693578
63693713
63709949
63713825
63714086
63715245
63741526
63747844
63771245
63776587
63777282
63798840
63823852
63830965
63832895
63837861
63843034
63852739
63860339
63864112
63873261
63881878
63891138
63892950
63896760
63908945
63909173
63910070
63919751
63924120
63928270
63928306
63934094
63934730
63938459
63946591
63963134
63968777
63974676
63977039
63984285
63993475
63999708
64002659
64002962
64015276
64024776
64037101
64039280
64046449
64055326
64057340
64064838
64074760
64085016
64087143
64092962
64094111
64112023
64122958
64133872
64152975
64161693
64166311
64186197
64195570
64197889
64200330
64201404
64203833
64213953
64214119
64219061
64224968
64225190
64239131
64243567
64246964
64256287
64259919
64266189
64274748
64275709
64286194
64312259
64332241
64332816
64336682
64342006
64366565
64369253
64389136
64390133
64392318
64395178
64418643
64430729
64444018
64446129
64453534
64466446
64466843
64470730
64482788
64490591
64491706
64491919
64493330
64493735
64533100
64539004
64574852
64579094
64590130
64600368
64603522
64617445
64630821
64642900
64646727
64653859
64659825
64665344
64668095
64676498
64677468
64685403
64693185
64700728
64707963
64708700
64711246
64724775
64736669
64738677
64741207
64744371
64745075
64745953
64746505
64753734
64753828
64757901
64784534
64785171
64790378
64790573
64816347
64818739
64820263
64825706
64831498
64836279
64851718
64862470
64863388
64869162
64870759
64900786
64913199
64946630
64958807
64967971
64976079
64984477
64989731
64990561
64995529
64998165
65009456
65025728
65027471
65032707
65037200
65043360
65044985
65045671
65052940
65059265
65073931
65074626
65085262
65090344
65097450
65109529
65116142
65117833
65118877
65144371
65150327
65157796
65159142
65166872
65175181
65182915
65190031
65212790
65216291
65216708
65225146
65226140
65228812
65235602
65239593
65241634
65250968
65271574
65274249
65277880
65290536
65294300
65298632
65302507
65308039
65315965
65325385
65326593
65329016
65360311
65363091
65375142
65378551
65379852
65382119
65390767
65396444
65402163
65405604
65406145
65417565
65423462
65424771
65426317
65427831
65435646
65437960
65461599
65466982
65469112
65488956
65505176
65519084
65544536
65546047
65557098
65561996
65565406
65589271
65596385
65598426
65598896
65600530
65607360
65615613
65621573
65622452
65622643
65625187
65625878
65628897
65650296
65650461
65655988
65658443
65661879
65693855
65695429
65697062
65699912
65703495
65708452
65715812
65719811
65726088
65729415
65732380
65735988
65756864
65765547
65774011
65818349
65829041
65830828
65838940
65843361
65847446
65853640
65869864
65875277
65883541
65897646
65899088
65906517
65906834
65915034
65929701
65935438
65950611
65974492
65977559
65977856
65993742
66000225
66015999
66035663
66036894
66042961
66047833
66057905
66065040
66065471
66078812
66078972
66079908
66082392
66086912
66089281
66091441
66098265
66107839
66109745
66116867
66121949
66133963
66135302
66153689
66154501
66159994
66172424
66174769
66181057
66183886
66187080
66195790
66202210
66218336
66225548
66226030
66226893
66229842
66250080
66266403
66267950
66298718
66303859
66326552
66344836
66357134
66359416
66361070
66361124
66367192
66368112
66374033
66377077
66388869
66422221
66428327
66428905
66436012
66447175
66451261
66466185
66490154
66494440
66494453
66498624
66500990
66514968
66515362
66532153
66543616
66551276
66552510
66552555
66555620
66558626
66568425
66570047
66572320
66590630
66600324
66601722
66601751
66602418
66606474
66607647
66614853
66618036
66620991
66626644
66633009
66633168
66641712
66651404
66654581
66656034
66664521
66667012
66678487
66700140
66700911
66707637
66717009
66726651
66733539
66733892
66747970
66750147
66752998
66795854
66797110
66808029
66810940
66816874
66849596
66857692
66863458
66886633
66890629
66896963
66910077
66916839
66920298
66931579
66933242
66941107
66942915
66955412
66961116
66968596
66972517
66982288
66982730
66985337
66985983
66989524
66990986
66999841
67000324
67003674
67005088
67005752
67045301
67056101
67067483
67071710
67091786
67095046
67116937
67125122
67125472
67132808
67133517
67135240
67154493
67169340
67183575
67188238
67189845
67191576
67193959
67206290
67212884
67220218
67221321
67227612
67230256
67233830
67238699
67239994
67264783
67274497
67274732
67283004
67306773
67309027
67313485
67315436
67323633
67328194
67331834
67331898
67337212
67350297
67358559
67360746
67370980
67372978
67380286
67383111
67387965
67393884
67405969
67406187
67409886
67420575
67436770
67452959
67455183
67461090
67464833
67474644
67474903
67477479
67485834
67495333
67506933
67535856
67536486
67539664
67550834
67551148
67555561
67577774
67589729
67591447
67609806
67616258
67634464
67635404
67640952
67642605
67653892
67659550
67661598
67662765
67675551
67678320
67679247
67693195
67701034
67705901
67707048
67710606
67716079
67723790
67731316
67743046
67756623
67757023
67761901
67767299
67781509
67784195
67793986
67794189
67799903
67816657
67818667
67823360
67824560
67831178
67837128
67841320
67842940
67855849
67858249
67869794
67897814
67903348
67907201
67907316
67915536
67918192
67946947
67947612
67950246
67951408
67965587
67972679
67982820
67983238
67988777
67994984
68005859
68006323
68008078
68008367
68008918
68018521
68020602
68023153
68026839
68029251
68031169
68033045
68039441
68040974
68046938
68056283
68059214
68061969
68070920
68071187
68090799
68104038
68104434
68104917
68126934
68133831
68135384
68137818
68147827
68156085
68160171
68165215
68165642
68168395
68169398
68177299
68177583
68200282
68219767
68231259
68247708
68256847
68267003
68273141
68275131
68286224
68287193
68296182
68304864
68311241
68322583
68326648
68330005
68330780
68332087
68337831
68342204
68349190
68351453
68354464
68367947
68390947
68399309
68405267
68406180
68415239
68417775
68420430
68431473
68453991
68470920
68478649
68485977
68505871
68523360
68528473
68528590
68530092
68540166
68547036
68547087
68547394
68564062
68582680
68591101
68596325
68598895
68602004
68609699
68610908
68612218
68624475
68656299
68656981
68668128
68668851
68670244
68676072
68681739
68694158
68702135
68728656
68731342
68751193
68757033
68764106
68771936
68775994
68778142
68782383
68819689
68826427
68831721
68838892
68839185
68867274
68878869
68882373
68903178
68905327
68906502
68908694
68916771
68918908
68934594
68935690
68936459
68956989
68974191
68980897
68983791
69002296
69017357
69031907
69037317
69046154
69048079
69049873
69052887
69056543
69081380
69104350
69105258
69108399
69124466
69126705
69136361
69137709
69166985
69167843
69167847
69172146
69176636
69178152
69204972
69210230
69216839
69243844
69246585
69248414
69248574
69249795
69254080
69270585
69271879
69272352
69275219
69296695
69297088
69298600
69300113
69308210
69311753
69320337
69321264
69332381
69340165
69344131
69361506
69363015
69363548
69375992
69384356
69387744
69395691
69435185
69439042
69458135
69459446
69468334
69471805
69475957
69479769
69482055
69482059
69483912
69486356
69497326
69509741
69518430
69519189
69520270
69533775
69534488
69536664
69559289
69580440
69580716
69596548
69597118
69604855
69619185
69626740
69641184
69656399
69657978
69668542
69672625
69672924
69689653
69691220
69697923
69701823
69711374
69713346
69758042
69759600
69762069
69763523
69768229
69774283
69785313
69785663
69788378
69794741
69806999
69807529
69824134
69845573
69854701
69857295
69859761
69861017
69861758
69861821
69863952
69868668
69871273
69877715
69882412
69886264
69895770
69901605
69906527
69913437
69915359
69921593
69932877
69939246
69949483
69956756
69957528
69966611
69972204
69979405
69992730
70002270
70013785
70032275
70043568
70075779
70084368
70085856
70086509
70093217
70106429
70120897
70130502
70131489
70147269
70150838
70153600
70188376
70192645
70206646
70207494
70220517
70229216
70236610
70239845
70245603
70258039
70261806
70263631
70269799
70283560
70284467
70285208
70288899
70289300
70291605
70304175
70306265
70307935
70313881
70344875
70348809
70354837
70355648
70358871
70361062
70373695
70374642
70377459
70397190
70404035
70407017
70412097
70424251
70429094
70429775
70437194
70437407
70438542
70444040
70452674
70456083
70466376
70468957
70469510
70471531
70475745
70487483
70501422
70507546
70507580
70530046
70530986
70531460
70535572
70542669
70577293
70583976
70587558
70588045
70591818
70604913
70608055
70630117
70637830
70638866
70640257
70646429
70649998
70668952
70681600
70685727
70686163
70691435
70700020
70702404
70723104
70730063
70730804
70730942
70736847
70762787
70764752
70767079
70780882
70791077
70796088
70835351
70857865
70866176
70875033
70880576
70882339
70888571
70894678
70915463
70920289
70923492
70963693
70967232
70969653
70979037
70981704
70990600
70991795
70994897
71001133
71009005
71032017
71034929
71035309
71050785
71052259
71057771
71087061
71093157
71098131
71101588
71104824
71109797
71112724
71116924
71120899
71127719
71128943
71134839
71148392
71152522
71159670
71163075
71171480
71182098
71188395
71191332
71198472
71207877
71215780
71218410
71219722
71223265
71224840
71239283
71246046
71248461
71260637
71268170
71288956
71314470
71318722
71320261
71321668
71327508
71332400
71333732
71337445
71339761
71348325
71350088
71361234
71363674
71369262
71373441
71379199
71382524
71397152
71399310
71401893
71413693
71418994
71450336
71450578
71450762
71457276
71466337
71473881
71478145
71499789
71512824
71515062
71545529
71549248
71568112
71597518
71598794
71605218
71606998
71607561
71608831
71614201
71615976
71617841
71618820
71623539
71628908
71633877
71636303
71641338
71647114
71672745
71673135
71675449
71685718
71687154
71708498
71710338
71733013
71743914
71756551
71756576
71780044
71782266
71788636
71791248
71798762
71799438
71799659
71801309
71815116
71822645
71826162
71827117
71827614
71836161
71841751
71844345
71850002
71851525
71852944
71855554
71864530
71869184
71870552
71871221
71872039
71876735
71916412
71923033
71927546
71934757
71936002
71936959
71957244
71959619
71971965
71984579
72004295
72012868
72047111
72056958
72061505
72063136
72067248
72067484
72070518
72070760
72081374
72087227
72113092
72137031
72148752
72149720
72151001
72154852
72157917
72161912
72167306
72167611
72177879
72186219
72190327
72190635
72197542
72227193
72236111
72240514
72244607
72250704
72251827
72267799
72307368
72308647
72309822
72315287
72320449
72324940
72328007
72342605
72355324
72356998
72362370
72367902
72368603
72375125
72391161
72402484
72406757
72406997
72408488
72425086
72429769
72435477
72439769
72443126
72445974
72448035
72493762
72501392
72524537
72530906
72531866
72538108
72551890
72555891
72561455
72562061
72564973
72578867
72580421
72583525
72586717
72607847
72612003
72612462
72642760
72645287
72664520
72671504
72675260
72678698
72698436
72725732
72744162
72752571
72753249
72762707
72774120
72799245
72799686
72809280
72831874
72853650
72854465
72856210
72858981
72867323
72890387
72894391
72896251
72897026
72902733
72913448
72917703
72926252
72931272
72949275
72951081
72953393
72974507
72985720
72993567
72997575
73000167
73007700
73016637
73021008
73022876
73023843
73041937
73046332
73049713
73051211
73057914
73070910
73072014
73085183
73091667
73101254
73101630
73104626
73106278
73112501
73122054
73126494
73131071
73135908
73136224
73136728
73137551
73142139
73143840
73148295
73150979
73153154
73160345
73164987
73180476
73193555
73199012
73203115
73212986
73214834
73215318
73230518
73231262
73234648
73240276
73245822
73248972
73257341
73299827
73299934
73307015
73312778
73319254
73337106
73340753
73347360
73355719
73360845
73361813
73370558
73377913
73378026
73380068
73393067
73393566
73396872
73409259
73411081
73424205
73437586
73439977
73456783
73472073
73477049
73477720
73481421
73486167
73494423
73494766
73500450
73523817
73527569
73536745
73545422
73551036
73552616
73554118
73554768
73561343
73565491
73571258
73577269
73583173
73587070
73606484
73619207
73620532
73635566
73645994
73664153
73672059
73690528
73695723
73699624
73710499
73710828
73720018
73724084
73741696
73747399
73747610
73753654
73760704
73785480
73786205
73794807
73813433
73833359
73835401
73841331
73851067
73853091
73860300
73861234
73869200
73887615
73895490
73899711
73903936
73932567
73936148
73951464
73958149
73964774
73966529
73976451
73985699
73996471
74000011
74017739
74018684
74018743
74027931
74030572
74031385
74040099
74040422
74048702
74063121
74065330
74066180
74078333
74080289
74109250
74109542
74117431
74122049
74132111
74139781
74144133
74146633
74153535
74170048
74170712
74190860
74190888
74192143
74195648
74195879
74201079
74214974
74228365
74229111
74231734
74232961
74246510
74247041
74249593
74257036
74258682
74260466
74266224
74268314
74275146
74283093
74291601
74299382
74320097
74326896
74327692
74334902
74341273
74342267
74346246
74357223
74372794
74380658
74392238
74409206
74417280
74419754
74429637
74435112
74437383
74454439
74459457
74459867
74465406
74472571
74477163
74518721
74524451
74528436
74530830
74532238
74534953
74540359
74541622
74545456
74558586
74573851
74574200
74589396
74591081
74609188
74617574
74620297
74647756
74649810
74659777
74659889
74669794
74683941
74687802
74694437
74695979
74706207
74731543
74731657
74740699
74742504
74744976
74752392
74781028
74782897
74786382
74806289
74806652
74820102
74824198
74828479
74846011
74849363
74861203
74861531
74862507
74872121
74873989
74875256
74875644
74881749
74885280
74888938
74893303
74896086
74898786
74902054
74902699
74918429
74929760
74937643
74945142
74957095
74963589
74970373
74973618
74974525
74974995
74978174
74979308
74983524
74987607
