For an array with 100 items set in random order, it took 6.1994E-5 seconds to sort the array using the insertion sort algorithm.

Below is the array after having been sorted by the algorithm: 
9864
62896
672661
3352345
5157416
6067650
6342213
8501212
8874782
9472334
10213187
10864656
11784677
12205769
12931589
13656286
14220468
14287110
16257133
16870552
18151504
18200868
19147907
19934204
21751638
22278654
23224270
26030444
26660281
27546406
27985276
28498822
28638247
28844737
29456180
30881923
31333706
31427645
31457999
31928849
32047499
33210998
33383824
36300127
36999517
38183052
38878497
39020615
39122508
39402131
39519267
39629732
40771426
40911943
41109723
41112041
41221088
41221777
41433464
42330846
43593775
43883776
44557977
44795459
46378696
46589903
47316325
50558317
50646019
50788948
50907441
51495394
51703614
53870056
55941265
56512768
56797641
56818625
58285120
58866077
58890753
59003337
59314890
62445584
64156827
64601130
64760064
65377953
66244592
66734292
67132098
67289865
67424704
68355212
69352507
70560229
70855266
72569815
74969310
74983658
