For an array with 1000 items set in ascending order, it took 2.5527E-5 seconds to sort the array using the insertion sort algorithm.

Below is the array after having been sorted by the algorithm: 
145937
222799
259641
262027
273806
315992
348709
402808
462649
512867
567281
662234
806208
816742
852829
908632
942361
991941
1054725
1098532
1244150
1266728
1299945
1323994
1352700
1491044
1569124
1699026
1831523
1835895
1951893
1955546
2047266
2171150
2412978
2431963
2558846
2567655
2659073
2690153
2797566
2852647
2873949
2938955
2964814
3017198
3039579
3183955
3236552
3331769
3379853
3455631
3552642
3578287
3590667
3812622
3851599
3884639
3906829
3988300
4052509
4155917
4363074
4415637
4423736
4483790
4517838
4700228
4921842
5472363
5499188
5542067
5629538
5640304
5754867
5856456
5868329
5897003
5986402
6133036
6321473
6359016
6388996
6410451
6416740
6461962
6518999
6538694
6593003
6609764
6658991
6675161
6842675
6846572
6914670
6933682
6975131
6979462
7030605
7048267
7061730
7130102
7213254
7249413
7279096
7489879
7491192
7501320
7522417
7589043
7628790
7649451
7656603
7930396
8018593
8088555
8141610
8152200
8282380
8432995
8444879
8476117
8542473
8617648
8689303
8732722
8785503
8899525
8933213
8965865
8969496
9006258
9009280
9011600
9080500
9146357
9175164
9243336
9318078
9335434
9349174
9397306
9523344
9581296
9654196
9792195
9810688
9870806
9885438
9943363
9949568
10049359
10076890
10084326
10107551
10124822
10186730
10201790
10205932
10364228
10382980
10383631
10406901
10454852
10516008
10578463
10693038
10709280
10977853
11021777
11202208
11489495
11592489
11606332
11700524
11787291
11869952
11934345
11949231
11984962
12009436
12038845
12296099
12475313
12532750
12579742
12668780
12678706
12882783
12884818
13037495
13045880
13066455
13336193
13403600
13603934
13620004
13647934
13798244
13842160
13992507
14031234
14077004
14115276
14229300
14310935
14316697
14417855
14418829
14475763
14700730
14861310
15074072
15196295
15240556
15293513
15419952
15446332
15529060
15605733
15607880
15637266
15704200
15735065
15865329
16037697
16043820
16121273
16176136
16203395
16239043
16330745
16357207
16514920
16569474
16609875
16625274
16646593
16663806
16735118
16753752
16769987
16924761
17208571
17227698
17309406
17574197
17781279
17821505
17877264
17968339
18064391
18178174
18232035
18341520
18348937
18429357
18465517
18784003
18804721
19118345
19225368
19256955
19332283
19416772
19419205
19455713
19477737
19502326
19511791
19649613
19713248
19763542
19817302
19817725
19958606
20035341
20245214
20261690
20278218
20457090
20484975
20625300
20688962
20740427
20887460
20902156
20902685
20946086
21170083
21214535
21244455
21245560
21301197
21400190
21420514
21436263
21438883
21460709
21487822
21511962
21614497
21627449
21637077
21776270
22042615
22100317
22127163
22282774
22315918
22389558
22396496
22425865
22442871
22757009
22953573
23115130
23227533
23270910
23411544
23477430
23507194
23557887
23623844
23735621
24001875
24107238
24127646
24134329
24145772
24247481
24293485
24395261
24436261
24439854
24591945
24713274
24731847
24856923
25081328
25134454
25231696
25266074
25285107
25392128
25442034
25449274
25520646
25762583
25843086
25951821
26164802
26281856
26379683
26513050
26523028
26557526
26659855
26665270
27030399
27033802
27050511
27119456
27276667
27405155
27514521
27556956
27581572
27599446
27681987
27724053
27782091
27793141
27838723
27873951
27915440
27926498
27990031
28104362
28146492
28160279
28264240
28313655
28402105
28453859
28467440
28550177
28575812
28611072
28831020
28908127
29193938
29332050
29427148
29502501
29510297
29556995
29651983
29693240
29785752
29810914
29901275
29943492
29947339
30072489
30218517
30319675
30473083
30571401
30664738
30669042
30683735
30773804
30838696
30893695
30911197
31026150
31091160
31189920
31236989
31291266
31356512
31363714
31365102
31427297
31638147
31647218
31687811
31690936
31815576
31861237
32012964
32245634
32277615
32392925
32519643
32623835
32683054
32828858
32870079
32973466
33050414
33051984
33111488
33338487
33475069
33497472
33510569
33527502
33565142
33571630
33805204
33831113
33862903
33872576
33950287
33989372
34031415
34092213
34220317
34351291
34382578
34469828
34556463
34608663
34612774
34689084
34696845
34715245
34918588
34999571
35049491
35058915
35194930
35262014
35276296
35303207
35327658
35460324
35559951
35624575
35625187
35673608
35707333
35723132
35781235
35831699
35885852
35886598
35915499
35972938
35993495
36029240
36113836
36131733
36205640
36348374
36399835
36496582
36503717
36604668
36666396
36701200
36748302
36752354
36951282
37017150
37019263
37020449
37092504
37132949
37211599
37459428
37501654
37531393
37712204
37747010
37747042
37788205
37900414
37953762
38049407
38113141
38460033
38565414
38604084
38673846
38772676
38773632
38811420
39068987
39072460
39088969
39181435
39241184
39303540
39350729
39361663
39426433
39459611
39677787
39732751
39905320
40013225
40027304
40035009
40054344
40109262
40160090
40180648
40259916
40282631
40356789
40468543
40505523
40513448
40517878
40549943
40632109
40733269
40759306
40799786
40922287
40926702
41030429
41259735
41279327
41455486
41491908
41597602
41606880
41669939
41701203
41716224
41754178
41875501
41899605
41913811
41944792
42152298
42192363
42194812
42510565
42523581
42628738
42807153
42889727
43051738
43164980
43286413
43286953
43515196
43664771
43698046
43733128
43804134
43978902
43998036
44156987
44264685
44358894
44391817
44401369
44468232
44637431
44653394
44689842
44720345
44757934
44795063
45002501
45035851
45087105
45187476
45207130
45229959
45243281
45249709
45283781
45295532
45306568
45315279
45370605
45385745
45471525
45487795
45585616
45660077
45717090
45743694
45865793
45964408
46007092
46010272
46028192
46448693
46543219
46551676
46610308
46619410
46682239
46766523
46941049
46977266
46995311
47042081
47047217
47161789
47190490
47212739
47260398
47329936
47374874
47412505
47453041
47561651
47645108
47897264
48024865
48199651
48215233
48258380
48337877
48357590
48426438
48446327
48488503
48514195
48561408
48617461
48623852
48770436
48844121
48864433
48915701
49108529
49134841
49172331
49215879
49217680
49444691
49525367
49572391
49618838
49739529
49794855
49865081
49900656
49952611
50006231
50084405
50201079
50281387
50318815
50443585
50468301
50473073
50507668
50531798
50571936
50596716
50783738
51192274
51235810
51489386
51710328
52096193
52159892
52163859
52250008
52360184
52423540
52466315
52513906
52515797
52630517
52740914
52833631
52875186
52905332
52924062
52939598
52957358
52997185
53285028
53318389
53319086
53378343
53495859
53549128
53622541
53689708
53690557
53805819
53910968
53917595
53974059
54047572
54073358
54077856
54196991
54220929
54229135
54280897
54372675
54388704
54651811
54676512
54693420
54741690
54827706
54898995
54952347
55101100
55172120
55177732
55203114
55235950
55293469
55339314
55668225
55777887
55881959
55993283
56016261
56100976
56104246
56125954
56167141
56338381
56368966
56382677
56595290
56595297
56598330
56627050
56679907
56940801
56955048
56991662
57012845
57094114
57173861
57224438
57261229
57474118
57682702
57764122
57791937
57799925
58099962
58206119
58344240
58495632
58553433
58570366
58848652
58878305
58965662
59067094
59098029
59117417
59190055
59216037
59350926
59371731
59401754
59547484
59560740
59576128
59684367
59818928
59830933
59859288
60026063
60154115
60183645
60279062
60280559
60416022
60421347
60507753
60686879
60694099
60795785
60805647
60852550
60963003
60992316
61020517
61138714
61148977
61213509
61405958
61439246
61508315
61544028
61591430
61639047
61671265
61722543
62115112
62235104
62333576
62367769
62402768
62473597
62494444
62569210
62641950
62746331
62831224
62924607
62932138
63093487
63159923
63398515
63604519
63719877
63873113
64054369
64173833
64194591
64401280
64404784
64457537
64494224
64513973
64585513
64618146
64664569
64673850
64780874
64884632
65028391
65045859
65114147
65157144
65191563
65251971
65270034
65312453
65427226
65435792
65527354
65685557
65700494
65817706
65822412
65870373
66020204
66145585
66200696
66411793
66430856
66490618
66535594
66561658
66643382
66697443
66730826
66871411
66955839
67062112
67063782
67073146
67094419
67179364
67181366
67382508
67446213
67478335
67562615
67600857
67614902
67647845
67649408
67689512
67768363
67809388
68073725
68108850
68425138
68567466
68593235
68666628
68666741
68702360
68764663
68843664
68979693
68979745
69145069
69285142
69322446
69529848
69552184
69600060
69631144
69732761
69797294
69838663
69998972
70038258
70114054
70130057
70145164
70185671
70186630
70231663
70324097
70417522
70428335
70576571
70924944
70938771
71054398
71224417
71422976
71531506
71548288
71760826
71967535
71980181
72009418
72012582
72063560
72258823
72287131
72394678
72401467
72546527
72634538
72687881
72777372
72996319
73008409
73074226
73109389
73279161
73365631
73525799
73561354
73566094
73597856
73731586
73951004
74074844
74171931
74267986
74445120
74536404
74669298
74681331
74725258
74738278
74751620
74823480
74860608
74893628
