For an array with 10000 items set in descending order, it took 0.813907861 seconds to sort the array using the insertion sort algorithm.

Below is the array after having been sorted by the algorithm: 
12883
22392
29941
52340
53549
55380
63897
66914
69170
75113
99561
105382
111805
113426
113432
117343
120045
127813
129689
131255
145104
150170
167015
167472
183356
185733
187870
199469
209950
211881
213720
215281
216006
231018
243870
248903
249755
253814
266446
269382
270459
277263
290075
290285
345225
347244
358481
366082
400736
408547
413692
415054
423026
424858
431249
441309
441837
464345
471736
490461
503742
506007
524510
529630
533842
546024
547770
552748
555642
556094
571980
605321
612882
616477
616817
626145
626566
636049
639949
643285
644179
645776
649840
656808
674278
675833
680967
681998
685461
698484
706104
724355
729890
730301
772599
781026
787148
790192
792479
793790
796588
798880
799707
802970
817445
825943
829978
832194
832624
858578
861095
863005
863275
887278
890024
890462
906026
907050
922854
941158
942039
949667
953590
957004
962002
1002329
1012876
1023076
1033089
1038150
1038425
1038594
1045832
1055948
1064527
1070675
1077941
1078525
1087986
1088135
1109179
1126950
1135309
1143763
1158810
1160655
1165793
1184332
1185929
1197452
1206134
1208982
1210223
1216673
1221329
1222757
1222922
1231763
1245159
1255441
1255512
1276212
1290062
1293560
1296121
1298434
1318871
1340245
1358216
1362197
1370351
1379469
1380509
1382165
1387337
1390242
1404181
1411166
1414761
1419473
1439018
1445314
1448759
1451190
1456928
1457480
1457682
1460334
1461657
1462029
1462109
1464847
1469113
1482700
1487455
1497479
1498165
1500466
1501558
1503586
1530424
1539972
1541247
1541801
1549141
1560857
1580475
1601357
1629097
1636568
1640430
1649809
1655110
1660444
1664752
1669024
1680454
1690893
1698472
1706805
1708488
1714768
1714970
1741247
1746727
1752729
1757120
1769213
1773025
1773237
1781885
1785285
1795702
1800068
1807231
1811008
1811470
1830725
1840770
1844252
1845292
1848021
1860654
1867391
1872853
1887390
1890370
1898775
1921011
1934795
1938945
1946999
1968372
1985588
1991335
2005243
2007073
2007747
2012526
2027259
2030332
2041511
2059717
2067211
2077071
2087067
2089018
2094848
2099959
2106335
2115415
2132261
2142463
2164613
2165420
2179441
2181149
2191722
2199915
2201690
2215523
2226955
2245839
2249144
2251375
2259915
2272413
2281671
2283764
2292911
2295308
2296808
2304349
2309093
2312498
2316332
2317510
2319167
2323093
2326101
2331135
2348200
2350244
2356439
2370607
2380788
2386609
2389700
2396358
2404931
2428529
2431164
2443055
2449021
2466695
2466754
2470769
2477558
2479718
2479976
2516482
2525364
2536421
2561841
2591962
2595171
2599097
2599679
2622088
2628805
2631048
2646792
2652632
2656864
2660468
2663936
2675584
2676112
2681822
2682619
2688231
2695530
2699997
2714025
2722578
2722774
2739573
2742747
2743349
2758933
2775672
2782767
2788250
2788549
2792456
2809850
2828811
2829825
2830065
2845522
2882441
2901916
2902227
2905304
2910270
2912638
2931796
2938585
2957114
2964985
2964985
2975699
2986006
2992804
2998858
3019054
3031495
3044496
3046409
3046529
3050618
3055987
3064868
3069048
3073482
3078065
3110292
3123017
3124738
3132260
3136365
3141193
3141380
3157836
3161036
3164380
3176916
3204641
3209231
3213504
3229392
3230583
3238440
3258551
3275398
3277420
3283176
3284949
3303650
3311894
3319719
3334838
3343873
3345676
3355703
3365026
3367186
3367476
3385786
3389724
3396870
3399295
3409603
3428954
3437000
3453157
3455879
3457992
3458202
3468474
3470310
3483709
3489038
3489261
3492765
3502319
3505073
3509683
3528166
3530612
3534383
3560750
3575850
3589647
3590180
3591066
3603866
3624532
3628555
3631391
3638964
3644601
3648944
3666168
3668680
3676307
3684429
3693264
3710369
3710990
3712948
3747920
3754725
3758921
3762960
3769259
3774376
3776112
3777756
3782612
3796108
3796262
3801795
3806895
3807045
3807416
3813145
3823592
3841939
3843828
3844340
3845494
3859646
3886144
3890697
3910270
3938519
3943455
3959365
3965866
3967928
3970938
3976293
3979075
3979562
3982723
3992248
3993151
4003863
4008230
4008573
4013651
4026459
4037099
4047839
4066535
4078830
4084012
4085421
4091254
4104902
4107774
4111546
4130681
4146386
4147309
4155651
4160942
4162531
4168233
4191176
4194140
4197819
4200703
4207037
4211109
4221724
4255226
4256762
4267236
4275353
4277110
4277843
4289948
4292632
4293978
4309727
4310097
4323137
4339184
4351246
4359817
4364969
4365660
4397217
4406395
4420501
4421531
4422004
4426258
4427743
4436133
4438284
4454633
4464257
4466114
4466214
4472043
4476439
4481059
4484177
4496689
4508672
4528780
4534023
4554839
4571776
4579979
4583794
4592292
4593878
4601317
4617833
4628224
4631404
4633706
4639455
4643697
4667405
4675220
4677413
4688341
4690588
4711366
4730039
4732278
4736765
4742726
4751511
4756211
4765059
4769223
4774888
4784373
4784888
4785601
4792948
4794579
4795945
4803437
4823879
4843027
4864211
4867243
4868310
4880380
4882886
4887287
4887745
4892478
4896597
4899361
4901448
4904990
4912391
4918827
4947409
4953951
4955791
5010199
5022515
5024186
5026632
5050576
5070136
5072221
5073094
5078781
5097750
5104343
5111580
5111643
5115539
5118541
5137521
5151918
5168832
5171788
5178199
5188101
5193235
5194794
5199824
5201256
5207569
5209923
5214595
5220717
5247578
5261425
5275921
5278244
5282641
5291963
5298011
5298021
5300362
5314558
5318546
5325701
5346611
5358769
5372328
5375108
5375264
5377869
5378377
5386327
5395686
5397538
5418937
5420263
5423676
5429293
5433447
5478272
5483181
5487423
5508681
5513688
5516700
5518897
5531534
5531606
5532057
5548732
5553815
5557620
5560429
5560657
5574157
5579971
5581312
5587900
5587983
5591022
5609155
5619022
5621166
5622775
5623822
5624649
5629051
5637298
5645740
5656214
5658321
5659978
5660548
5671631
5674129
5679448
5679920
5682705
5687489
5690416
5698036
5706085
5709053
5739123
5743332
5748372
5756425
5764710
5776524
5781224
5783158
5787992
5795032
5802097
5806788
5813480
5813716
5813790
5817125
5834797
5852894
5861109
5874344
5875993
5888645
5928748
5935212
5938308
5953710
5967357
5971599
5973419
5974973
5987852
5993353
5994057
5994199
5995191
6000749
6009034
6039217
6040976
6041044
6059055
6070864
6072012
6072866
6094910
6108684
6123590
6131834
6136650
6144574
6146104
6147898
6149741
6154562
6178478
6197091
6206231
6208333
6236131
6241801
6252817
6265462
6273842
6281106
6290951
6293648
6294023
6303962
6305530
6309109
6311558
6313491
6326436
6328855
6335396
6338978
6342752
6346063
6356803
6358179
6360469
6360913
6361654
6389260
6391261
6396732
6397208
6405224
6405729
6426314
6426515
6428093
6432231
6450059
6453652
6455259
6458634
6459233
6485249
6487305
6488960
6491273
6497912
6500127
6501612
6502539
6504775
6507827
6513026
6550289
6559003
6562631
6564804
6569945
6572285
6577167
6584572
6585632
6597650
6611767
6625110
6628433
6629988
6630997
6633025
6634150
6661602
6668359
6680359
6686786
6697369
6721157
6727518
6729887
6742549
6743593
6747696
6759010
6770244
6770915
6781150
6781383
6798398
6810378
6813756
6817457
6827406
6829114
6833265
6835367
6836270
6840767
6841893
6850902
6851338
6854999
6873728
6911611
6927220
6945568
6949861
6957012
6971678
6982957
6990349
6994790
6996902
6997039
6998502
7007053
7041108
7045009
7052665
7053627
7070496
7072609
7084348
7095608
7101416
7115634
7130152
7131685
7145866
7151749
7156836
7160132
7168914
7171334
7174550
7175360
7183647
7185041
7185548
7185634
7197402
7208577
7211558
7215697
7218072
7227723
7228888
7243141
7250329
7253749
7259736
7268971
7272690
7284757
7289173
7291986
7307044
7321715
7328221
7352379
7357252
7358521
7364274
7372515
7375212
7382761
7388129
7391549
7394664
7398059
7405538
7406027
7419100
7423557
7429566
7431165
7437701
7441129
7454307
7464352
7469158
7480664
7482758
7484017
7498941
7500407
7516039
7516306
7524707
7530513
7530603
7531091
7532803
7534280
7535833
7538517
7539003
7539186
7540758
7540828
7550893
7561209
7576716
7594562
7611511
7613515
7614746
7619704
7638627
7662084
7671858
7674004
7693554
7695785
7719843
7719963
7721436
7727575
7739741
7763404
7768821
7772329
7774144
7780676
7829372
7836948
7858797
7880330
7885861
7886522
7887365
7892762
7905595
7912894
7926253
7953284
7956322
7957290
7970662
7988032
7992544
8011148
8013676
8023257
8023979
8027710
8060872
8070241
8097183
8101102
8113821
8117858
8127563
8127720
8131144
8141806
8145571
8152105
8161793
8167364
8177833
8184595
8193592
8194352
8195956
8214714
8229967
8231541
8244384
8252158
8252377
8287282
8291276
8296250
8297844
8300232
8308073
8310047
8318182
8328290
8336373
8341403
8345807
8349145
8358596
8358855
8362303
8400513
8423754
8435536
8439769
8445371
8457445
8457970
8463050
8476737
8480793
8481813
8487414
8493137
8493888
8515346
8531205
8534054
8539805
8542050
8551362
8560253
8574170
8588554
8589231
8589521
8590799
8595911
8605431
8611472
8611544
8621665
8626928
8634168
8640179
8642109
8646104
8655355
8665345
8673024
8687586
8705307
8723730
8725139
8726285
8726795
8748541
8768286
8782611
8783966
8784470
8787080
8801380
8821549
8822964
8823234
8827853
8839911
8844124
8847757
8871536
8889864
8893251
8893296
8893378
8894998
8895898
8903962
8918576
8922209
8922731
8930499
8931721
8932925
8933782
8936951
8939389
8955184
8960731
8969385
8973848
8974572
8975690
8997393
9002034
9006219
9023127
9028814
9058868
9060809
9063220
9065203
9068860
9073006
9076024
9081779
9098753
9099188
9104683
9106061
9109982
9120452
9123587
9126181
9133455
9139171
9160489
9210899
9212026
9221586
9226319
9236559
9238453
9238900
9241000
9251826
9261169
9281873
9282781
9283225
9284603
9285061
9295926
9325455
9327726
9338453
9340435
9347725
9351064
9360976
9369957
9380514
9409419
9416195
9425467
9427030
9434436
9444498
9458115
9467264
9472030
9483204
9486502
9488403
9499833
9504327
9507187
9511032
9516038
9517595
9519549
9521968
9528890
9541589
9556854
9561430
9573431
9575271
9597508
9597662
9598191
9598305
9601897
9603014
9609684
9612172
9625334
9630232
9637950
9647227
9655097
9660544
9664289
9664501
9665801
9676787
9699538
9708826
9713822
9719924
9737832
9738110
9788242
9795943
9808602
9823239
9827347
9829737
9829881
9836925
9842822
9852539
9853758
9865205
9867856
9873000
9874234
9876649
9880633
9889057
9895327
9898793
9901316
9904865
9904886
9922115
9943919
9945922
9951166
9951234
9984348
9987969
9991413
9992893
10000634
10002153
10003730
10006627
10006669
10006961
10008764
10009734
10013844
10016048
10017931
10020296
10039749
10040322
10050986
10059691
10066754
10067561
10069922
10079927
10081368
10083011
10088084
10099645
10105577
10107090
10110174
10134504
10149042
10155478
10182401
10183600
10187369
10188757
10192341
10207295
10222188
10240404
10248231
10262493
10267705
10275209
10292861
10310344
10311988
10312052
10323359
10328936
10329830
10330806
10343854
10347376
10357343
10358253
10361102
10363324
10378203
10381830
10383258
10389114
10419906
10423240
10428741
10443502
10449786
10456254
10456738
10471963
10485179
10485520
10495833
10497433
10497492
10502320
10508073
10515417
10532830
10537136
10538463
10545854
10560202
10563045
10567924
10574373
10582554
10596722
10597162
10606215
10606343
10606375
10606740
10630915
10634603
10638033
10640005
10640194
10644174
10654491
10656051
10658487
10666353
10678943
10688608
10690080
10693623
10699177
10708291
10712535
10715953
10746394
10749719
10751687
10762664
10763411
10783142
10785434
10799701
10800564
10806408
10811898
10824779
10837828
10861509
10875323
10881045
10881631
10892064
10906420
10912772
10924118
10924981
10928351
10929165
10932775
10933208
10939843
10943155
10946690
10957014
10959540
10961734
10986952
10988481
10989726
10992939
11006111
11011934
11021740
11022072
11035993
11036553
11064517
11074349
11074378
11075570
11085442
11089612
11101530
11110431
11125078
11125649
11126701
11128565
11139000
11139945
11146659
11150895
11157687
11158580
11165424
11166954
11171012
11182170
11186314
11187108
11192284
11195542
11207418
11220543
11238749
11241074
11243596
11255903
11257853
11259714
11260022
11267216
11270744
11286325
11295678
11313901
11314148
11318686
11328294
11330039
11336768
11338274
11345978
11349032
11364847
11370949
11388797
11392810
11400619
11401028
11411806
11427040
11432734
11436625
11449387
11451820
11452266
11453463
11474753
11477654
11486758
11488324
11489022
11489821
11499176
11506107
11512828
11516409
11523973
11526474
11528995
11530794
11548874
11554089
11560053
11564276
11578559
11590151
11596675
11598966
11604788
11613788
11628985
11632124
11632566
11643874
11644191
11651752
11661848
11670481
11675469
11679477
11681287
11682574
11683907
11690706
11702455
11705190
11706621
11721489
11726962
11733425
11744116
11747859
11749753
11754627
11789743
11803643
11817037
11818641
11820920
11849815
11855532
11886448
11890769
11894479
11921048
11948350
11949683
11955944
11959333
11969597
12000244
12004654
12007546
12014860
12015597
12021014
12037930
12041684
12056034
12059694
12062079
12068501
12086969
12090735
12100207
12104680
12108479
12112089
12112867
12130173
12140442
12142418
12143488
12171576
12176470
12176944
12180421
12195403
12203355
12205310
12205994
12209509
12220953
12222628
12235970
12251428
12259172
12267102
12269149
12283038
12286180
12292593
12295417
12300101
12308242
12324910
12325433
12331691
12334444
12336291
12347646
12349387
12358830
12361959
12364113
12368453
12372723
12375592
12379385
12382958
12383788
12384987
12392518
12399963
12406756
12412433
12418583
12444213
12451420
12452399
12453784
12453978
12454088
12454222
12454480
12465694
12466412
12483271
12494909
12495188
12501907
12501966
12505154
12508362
12522014
12522309
12528165
12535680
12546963
12570507
12576549
12581407
12591901
12598692
12634418
12640480
12640927
12658296
12658465
12660257
12668051
12683576
12691947
12700699
12710907
12716905
12718058
12756169
12759704
12766128
12780974
12786380
12794501
12796505
12804491
12811820
12812976
12815635
12823925
12830518
12847246
12849032
12856271
12857088
12868921
12880708
12906482
12912609
12926195
12941864
12942246
12944227
12955356
12965592
12975154
12983904
12989795
13001056
13001793
13002666
13010300
13022053
13027404
13027653
13038779
13045236
13054144
13067450
13077351
13081735
13086345
13096037
13101791
13108135
13120139
13138513
13143867
13150643
13172506
13197891
13201025
13203565
13217839
13218209
13230308
13235453
13237606
13239683
13244860
13245213
13258491
13261011
13269448
13278309
13297861
13300554
13326861
13327902
13332518
13351103
13354613
13362374
13378729
13381194
13383308
13387203
13394174
13396730
13397847
13398506
13406797
13411871
13421066
13429587
13435091
13460953
13462430
13462927
13463959
13465063
13466676
13478163
13481850
13482357
13494735
13495510
13501218
13519832
13526954
13527091
13527335
13538730
13551327
13554188
13563631
13582925
13586983
13592221
13600523
13608085
13615684
13632744
13636310
13639308
13643670
13644928
13645029
13652770
13653962
13658721
13684219
13741724
13770607
13786058
13796287
13807554
13821307
13823777
13830884
13833970
13834373
13836543
13844805
13846913
13854374
13854600
13871156
13877274
13895542
13903313
13905423
13909236
13920897
13924683
13926308
13931886
13933664
13959991
13962014
13968876
13978873
13986230
14019421
14025205
14036989
14045281
14047508
14059325
14063236
14082632
14107545
14111553
14116882
14117560
14121623
14122992
14124960
14128445
14133780
14158088
14161891
14163014
14165051
14165913
14166964
14183358
14185741
14206962
14213823
14225754
14230115
14235357
14236507
14238862
14242751
14246252
14246302
14248837
14303225
14304457
14320829
14328513
14334299
14341251
14381004
14389208
14394996
14400944
14410116
14423919
14434243
14443924
14450989
14451047
14459671
14471449
14484834
14490819
14496819
14522244
14523436
14525858
14548753
14549622
14549821
14561273
14561444
14562828
14577220
14595373
14603866
14605061
14628961
14632629
14638934
14645857
14649032
14649612
14654324
14678014
14680703
14686948
14691751
14692006
14692969
14693144
14695804
14698251
14704688
14712473
14714604
14734792
14744099
14744720
14751352
14755634
14760566
14761342
14764825
14773007
14777681
14786883
14798540
14811164
14830174
14836872
14839407
14840849
14841717
14843252
14863500
14864282
14877114
14887049
14889334
14902353
14905385
14909650
14918745
14924518
14959239
14968401
14977428
14981493
14981703
14983136
14995678
14996876
14998790
15006602
15008453
15014080
15018202
15055348
15055372
15056667
15056732
15058147
15064954
15069289
15071459
15078832
15089707
15092508
15093880
15095085
15103907
15106048
15107174
15110011
15115517
15117461
15144214
15147619
15152172
15161838
15169434
15178254
15193714
15195986
15197332
15204381
15208314
15210213
15215040
15222757
15232346
15240491
15251568
15264866
15295988
15301779
15313497
15313895
15315874
15321479
15336852
15351163
15366876
15369483
15384285
15395102
15403224
15405335
15407947
15410082
15413556
15414457
15438822
15451142
15462551
15470526
15473366
15475844
15479177
15501138
15512193
15514778
15522106
15525765
15526593
15541483
15555457
15563570
15564128
15566622
15567857
15586704
15600078
15612855
15617174
15625699
15629653
15639014
15651039
15654598
15655349
15662489
15672641
15677413
15688796
15694628
15706143
15710632
15712944
15718620
15719010
15725220
15727022
15727701
15729560
15731859
15742192
15756054
15777446
15790197
15791411
15795790
15796749
15800813
15804860
15813992
15816377
15831636
15832982
15846456
15850994
15859715
15865553
15865810
15866325
15874624
15904303
15904913
15915149
15921832
15927332
15937943
15938368
15943963
15945188
15984907
15985724
15997353
16012329
16013157
16020588
16035135
16037198
16055991
16073386
16078767
16080237
16082393
16106972
16120722
16123115
16131946
16136493
16139781
16152292
16153464
16161498
16162158
16170977
16179515
16181962
16186582
16187875
16189270
16192406
16198238
16203572
16216056
16218509
16222066
16227115
16243634
16243904
16247719
16274845
16282707
16284245
16295213
16299445
16302576
16311528
16315932
16325001
16331074
16331201
16332675
16338127
16349659
16351041
16358234
16359306
16367886
16369520
16371506
16377922
16422658
16423042
16433301
16438889
16438990
16447131
16455503
16455742
16462035
16466580
16467285
16471381
16473197
16485807
16485891
16494946
16497151
16498658
16500099
16509937
16523277
16525153
16532954
16533261
16538364
16538943
16544875
16548445
16551272
16555727
16561287
16590573
16592129
16604774
16606787
16608783
16610100
16615045
16615533
16615884
16636955
16639958
16645403
16663296
16668097
16673362
16676791
16688181
16697631
16699802
16713530
16713993
16716707
16724017
16738343
16740013
16752849
16776079
16776874
16778989
16779054
16783231
16788466
16789445
16801092
16812443
16812818
16815897
16815998
16826105
16833971
16839011
16841219
16860978
16861283
16866255
16878021
16885378
16893694
16900761
16910318
16925145
16926299
16936422
16937001
16941055
16945814
16946366
16949736
16954055
16975718
16994527
17003663
17004082
17011021
17021033
17023605
17025773
17049067
17057038
17080421
17093371
17102279
17107495
17118413
17125461
17126364
17132944
17143700
17169213
17184696
17191443
17193756
17194287
17202603
17205819
17212961
17224047
17231899
17233460
17250911
17256537
17260764
17261215
17273073
17292276
17294400
17305474
17319450
17331895
17356861
17356913
17367070
17367463
17377807
17378719
17401199
17412705
17427334
17436458
17438401
17444295
17444968
17447885
17473730
17474291
17476977
17491696
17492700
17496362
17509062
17515525
17532282
17532908
17550113
17561261
17578194
17581861
17603458
17609900
17619099
17621667
17630203
17636646
17640411
17644893
17656171
17660415
17667097
17668833
17674903
17678969
17679244
17680099
17682999
17700965
17730646
17732844
17739656
17740659
17754533
17758851
17765363
17765408
17771552
17775304
17777021
17783906
17786245
17788218
17795901
17802529
17812098
17820036
17827428
17857581
17869890
17878811
17881353
17887978
17903235
17907597
17910174
17915076
17926700
17927386
17927923
17930217
17936457
17938625
17948239
17963013
17975043
17990389
18001868
18002463
18008051
18011722
18018565
18031314
18047342
18047530
18053769
18057661
18061745
18064526
18064711
18075090
18081781
18094294
18103278
18106637
18111974
18120676
18122794
18125325
18154049
18180913
18187380
18198505
18199547
18203881
18211610
18214763
18216710
18220586
18224054
18241922
18243827
18244794
18249722
18254044
18256251
18258259
18267763
18273650
18274233
18276617
18281787
18284008
18288253
18294862
18296141
18323484
18325342
18325964
18331769
18345465
18352330
18354712
18359747
18363462
18363823
18366835
18374578
18378740
18381703
18398013
18400357
18406053
18423546
18423995
18427637
18432634
18435666
18439743
18446613
18459490
18461446
18483818
18497980
18501684
18506810
18507963
18508318
18519371
18525119
18525660
18533728
18536339
18536806
18539085
18553827
18559775
18560125
18561112
18563685
18565171
18571510
18580542
18581574
18582142
18595237
18631716
18634098
18642081
18643424
18657538
18678859
18682725
18686426
18704242
18709594
18725632
18741320
18759101
18760338
18768983
18779312
18785568
18792221
18830591
18836111
18837706
18838204
18851330
18853734
18869763
18897458
18897954
18904293
18909912
18935189
18947513
18964217
18974292
18974513
18982322
18988502
18994869
18999911
19000233
19006693
19014036
19014565
19015958
19026173
19029243
19029692
19030865
19039810
19046248
19047962
19062687
19067600
19076621
19078478
19084537
19090603
19099266
19099662
19137289
19145907
19150006
19153326
19173383
19174679
19179551
19179999
19182603
19183137
19193929
19201383
19201579
19215584
19215676
19221672
19222981
19233820
19235459
19241741
19261139
19285084
19298296
19299193
19301172
19307974
19320030
19320878
19325988
19329443
19335444
19336166
19338361
19339876
19344584
19356493
19367939
19375863
19376843
19379290
19383433
19391383
19392713
19403976
19404804
19406680
19414732
19416738
19420901
19425786
19433610
19438154
19450223
19455424
19473910
19474016
19474271
19479761
19480945
19486575
19494542
19498331
19505954
19509951
19512578
19515033
19525564
19534330
19538783
19553265
19569020
19573189
19588484
19588732
19591694
19612769
19619438
19621887
19630097
19632693
19635403
19650382
19678776
19685707
19690140
19704526
19709006
19709369
19718113
19719716
19722134
19724844
19763962
19767771
19788255
19794772
19814657
19818380
19818732
19819740
19831634
19834829
19856503
19876048
19879637
19891931
19893746
19900634
19903222
19908746
19922512
19937410
19937729
19942435
19955022
19964491
19969218
19969725
19971016
19975510
19979454
20001008
20005784
20018454
20020304
20025479
20025772
20045771
20050236
20061628
20071266
20072252
20076193
20076676
20091861
20115483
20120733
20127851
20129588
20135591
20144567
20176173
20185218
20203867
20214275
20217097
20228018
20228336
20240250
20241499
20249643
20253392
20253815
20264716
20273923
20288471
20292718
20295133
20307054
20307123
20313560
20313780
20318166
20319533
20334410
20338477
20353776
20359499
20379272
20382405
20388589
20391276
20397090
20397326
20411700
20413315
20422031
20422803
20423852
20427673
20429162
20435943
20436409
20444192
20444447
20444786
20448338
20452345
20462902
20465239
20465550
20465904
20468701
20473011
20491002
20498980
20503153
20516821
20547291
20554591
20557296
20557304
20576898
20583944
20597000
20602394
20604286
20612282
20618104
20625859
20643191
20649633
20656957
20672508
20676246
20677676
20678453
20679336
20683195
20684029
20684096
20688508
20692352
20717789
20724620
20733542
20734486
20749136
20754424
20766960
20771694
20781868
20784237
20793538
20804940
20805449
20806656
20807365
20812708
20815117
20825144
20834594
20847054
20866298
20874664
20888755
20894574
20900132
20926905
20931636
20931684
20935533
20936099
20946372
20953361
20962535
20969808
20982532
20983579
20985350
20989026
20994013
20997630
21004946
21012831
21025413
21026584
21026868
21033472
21067696
21071440
21073506
21080619
21082245
21087736
21090827
21091156
21097703
21115771
21118099
21132572
21153007
21163623
21177420
21190001
21195512
21203142
21218893
21221008
21232839
21244617
21261972
21267407
21268619
21269311
21273591
21275870
21293470
21304102
21314575
21316033
21317294
21318098
21320850
21327141
21337673
21340993
21352889
21358510
21360388
21365753
21370732
21388007
21402774
21410623
21410739
21415835
21428872
21431964
21441196
21450769
21450954
21456570
21467685
21480062
21493165
21495475
21514985
21518589
21534878
21562908
21572635
21574424
21577119
21580400
21581913
21599433
21602123
21607344
21610897
21619812
21623501
21628630
21633150
21644394
21649258
21651863
21656701
21657136
21657198
21680272
21689040
21694606
21701282
21703580
21714342
21735314
21737095
21744197
21751264
21756107
21758244
21773255
21775487
21787905
21797030
21797989
21798580
21798639
21798793
21812547
21817924
21826773
21846474
21847126
21868265
21878102
21879931
21880098
21908503
21910172
21912159
21918812
21922863
21923637
21930230
21930364
21948660
21953764
21955183
21962579
21984042
21985652
21988748
21993384
21995954
21998556
22002862
22013265
22026392
22047097
22056994
22059864
22064030
22068582
22076127
22078874
22080200
22083858
22085415
22100534
22103945
22105310
22129909
22144351
22156508
22158869
22161132
22164884
22171583
22181163
22183426
22190564
22191946
22200811
22215716
22218915
22229065
22240344
22241815
22243036
22247581
22260816
22265230
22265588
22272070
22279872
22289503
22289692
22292148
22319685
22329212
22341925
22359450
22383108
22395072
22403522
22413610
22413834
22425359
22433009
22433282
22436212
22440355
22441464
22455706
22476531
22483094
22487679
22491771
22496986
22518322
22519230
22524428
22524518
22529750
22530900
22538105
22550441
22555313
22570703
22573110
22573935
22575226
22585349
22585957
22590600
22593436
22594601
22596952
22626433
22629014
22674129
22688014
22694344
22701284
22720716
22754069
22754196
22770369
22779622
22781432
22783311
22799983
22802766
22804139
22804792
22809595
22813816
22823942
22833852
22843985
22852835
22853273
22854139
22854822
22863728
22867190
22869540
22874778
22885047
22918148
22923809
22924850
22947581
22951900
22955207
22972902
22984037
22987504
23000055
23000314
23001617
23005373
23024332
23046261
23046608
23050634
23052966
23059496
23068111
23071617
23074237
23074549
23087172
23109943
23117650
23131070
23133326
23133334
23142733
23147111
23148376
23155479
23156906
23160189
23165601
23170006
23170379
23170832
23175386
23186262
23191369
23195086
23197559
23217372
23218169
23226639
23231947
23233123
23233202
23243674
23246011
23247391
23249016
23252906
23254447
23256639
23259510
23272223
23274697
23275756
23288247
23296230
23298798
23302430
23322507
23323566
23323860
23330137
23335559
23369023
23429499
23434294
23435196
23437534
23440871
23441522
23442473
23446636
23447366
23450528
23455405
23456323
23460315
23479353
23493588
23497896
23513846
23518978
23545666
23547154
23548905
23562340
23573055
23587128
23593186
23597321
23600461
23601720
23613361
23614012
23614474
23619672
23651068
23657013
23658940
23662064
23671409
23672479
23676593
23680544
23702920
23705016
23741986
23749591
23769274
23769759
23776974
23781657
23790588
23795837
23800965
23823569
23825525
23826294
23852402
23871022
23893277
23898503
23899152
23905389
23916570
23923513
23932359
23935155
23941274
23944073
23944275
23945682
23961824
23964445
23967812
23986767
23988395
23998241
24013654
24017225
24018987
24020240
24030140
24031138
24036718
24039895
24042500
24049144
24050882
24057143
24069805
24073357
24088254
24097128
24111890
24115511
24118028
24133681
24135336
24138046
24142385
24142683
24144498
24151531
24162700
24174818
24205301
24205979
24210100
24213452
24215500
24224078
24243390
24273545
24280066
24290585
24302641
24307388
24315328
24322021
24330201
24335833
24336069
24342469
24352029
24355777
24369854
24375831
24379447
24395698
24403566
24422984
24425934
24445773
24448361
24467752
24482606
24486148
24490587
24519816
24522476
24538832
24544910
24548760
24555305
24558689
24568718
24581372
24608726
24611546
24611690
24613519
24613928
24620399
24632734
24632811
24635188
24651418
24655375
24666426
24670836
24670912
24694662
24698792
24703811
24724165
24725762
24733202
24737944
24761037
24761927
24765790
24767518
24771047
24771879
24779543
24793554
24805602
24817912
24818338
24819460
24821848
24833316
24846006
24848246
24850808
24855252
24868618
24889479
24900443
24901044
24910040
24918874
24940354
24940393
24940561
24944233
24945246
24953286
24958999
24974189
24984432
24985924
24988186
24988206
24993928
24994259
24999784
25008764
25009131
25023364
25026701
25029792
25033698
25038546
25057018
25058609
25072637
25073579
25076545
25081476
25084284
25108600
25126134
25129508
25154204
25157836
25162710
25167454
25168783
25170945
25188244
25197225
25205061
25213063
25215077
25231891
25234891
25238732
25249523
25276686
25288963
25294269
25298260
25298313
25300666
25301232
25303078
25303562
25313662
25316394
25336967
25339658
25340350
25347520
25353924
25375504
25379798
25382224
25386491
25387064
25416306
25417787
25436833
25440001
25446048
25457427
25464815
25465533
25471786
25482297
25484206
25490028
25498095
25502236
25507627
25509602
25515743
25518743
25526446
25542849
25542894
25559393
25568016
25569537
25578230
25581364
25581370
25583800
25585054
25602600
25603435
25604756
25651591
25655592
25665378
25678869
25682558
25688392
25693737
25706755
25720125
25727771
25735165
25741232
25742133
25748674
25750178
25758349
25761537
25771162
25773974
25774370
25775238
25780335
25782674
25785187
25796521
25808811
25818158
25823917
25824946
25844780
25845207
25849913
25860447
25887672
25895776
25914409
25918552
25922307
25932782
25941041
25944161
25956885
25957731
25972141
25977126
25983403
25984250
26011843
26013171
26048989
26050737
26060997
26067161
26095165
26099539
26100838
26105895
26111205
26113964
26129573
26143641
26145406
26152916
26159818
26160502
26168456
26180046
26180858
26183351
26190938
26192549
26192702
26194201
26196108
26200792
26217399
26231266
26238915
26262221
26272736
26276813
26279184
26280733
26281993
26285038
26291898
26294511
26320173
26325307
26333457
26345029
26349858
26356370
26368370
26375736
26382561
26384689
26388132
26420842
26422182
26433027
26434470
26438255
26449887
26450630
26467852
26470341
26476447
26480748
26481743
26487961
26496153
26510100
26517640
26519841
26520918
26527498
26550641
26561049
26561210
26561420
26564039
26564367
26567162
26572253
26575411
26599800
26600202
26610865
26642956
26654107
26656792
26657894
26666863
26685384
26687277
26693548
26707372
26721452
26726403
26726654
26728818
26730947
26753316
26775187
26782002
26783684
26799865
26805631
26810195
26812145
26815720
26828232
26864711
26865175
26866655
26878049
26880428
26888954
26889082
26890505
26897868
26908474
26917601
26917793
26918552
26922584
26925300
26928076
26930466
26932243
26950896
26964227
26979485
26983438
26991677
26998750
27004576
27014924
27015159
27036790
27037498
27039417
27041211
27047851
27068400
27068431
27069839
27084158
27084563
27085885
27087541
27099231
27126804
27127095
27130958
27132619
27145386
27147973
27162809
27164231
27164280
27165955
27197147
27203465
27219801
27223686
27240692
27244811
27245995
27249455
27256269
27277520
27278607
27286667
27293565
27302179
27310841
27318982
27324950
27333581
27349373
27355088
27370834
27372692
27374827
27385926
27389081
27412281
27416873
27421346
27421851
27422474
27430827
27431707
27435130
27437015
27438844
27439637
27440420
27462440
27473066
27473195
27476234
27481386
27513870
27536502
27537642
27543045
27548425
27560129
27575417
27575471
27578787
27584569
27601556
27611648
27612784
27614894
27615210
27620885
27631814
27633299
27636848
27639468
27642519
27643818
27645727
27651538
27659692
27661571
27669226
27675537
27693153
27708620
27714860
27715765
27721693
27730087
27738528
27754189
27761502
27766470
27771302
27772075
27774599
27781956
27797202
27797878
27801304
27831241
27831949
27839421
27858989
27864957
27868869
27870805
27908267
27908482
27908634
27915443
27915799
27916108
27921794
27926552
27936781
27947076
27948506
27953367
27969300
27969941
27981212
27983265
27989654
27994368
27995566
27997105
27998803
27999238
28016821
28032716
28038304
28054122
28062928
28063612
28102113
28106066
28122594
28126061
28129560
28139484
28147873
28153202
28170298
28176365
28191603
28194283
28198100
28198515
28204669
28204821
28205414
28208073
28209170
28214070
28248616
28249604
28252546
28252901
28255771
28268561
28280416
28288371
28300211
28302442
28313701
28316923
28321235
28326711
28327307
28344433
28347404
28355388
28356288
28373766
28388173
28390029
28391904
28392575
28396041
28396702
28411291
28417256
28428650
28444735
28446313
28453084
28465764
28469712
28480353
28480676
28489721
28499435
28502198
28534561
28539748
28540260
28549524
28550494
28557773
28590755
28597048
28601787
28610848
28613725
28632979
28640246
28661914
28663789
28668470
28671976
28683010
28683737
28685331
28697244
28704079
28709543
28715213
28719228
28728045
28735891
28744238
28745253
28753120
28778880
28780819
28783460
28786644
28797434
28799443
28801725
28808379
28809239
28810903
28816447
28826189
28830766
28839147
28841153
28858364
28862073
28864072
28892556
28895350
28897592
28908550
28919207
28920423
28934983
28936268
28939633
28941033
28941748
28942296
28951327
28955746
28959610
28963129
28985698
28995757
29007257
29015230
29016384
29020489
29026443
29027375
29032226
29036117
29039737
29041629
29046594
29055203
29059154
29074107
29085636
29086566
29090314
29101284
29112199
29116604
29121528
29127556
29144919
29149187
29153048
29166905
29174417
29178676
29195120
29198584
29204152
29213284
29215933
29219082
29221423
29223163
29235026
29236917
29252534
29265440
29276932
29280441
29284500
29288656
29303734
29317147
29328774
29344899
29346088
29368632
29370271
29373188
29376477
29387236
29396547
29399922
29401046
29402921
29403667
29404918
29406641
29408228
29410628
29415081
29468495
29492904
29497471
29500686
29537999
29554531
29560687
29561918
29569021
29572168
29578724
29580733
29585535
29622208
29623640
29625568
29631163
29646762
29653467
29655769
29662159
29682475
29690543
29701990
29704515
29709758
29713033
29718657
29722875
29727227
29731581
29736905
29756497
29764021
29766984
29771873
29784222
29787534
29791757
29806686
29830294
29842666
29842735
29849048
29850081
29886355
29895844
29897203
29899783
29905552
29920149
29921252
29923500
29923941
29926811
29940525
29943746
29950492
29958585
29968519
29978181
29984491
29989986
29996178
29996635
30000324
30012717
30031160
30040054
30055706
30060020
30062098
30062684
30070477
30079404
30083880
30085337
30094543
30103305
30111488
30118499
30121677
30130066
30132630
30135666
30146787
30149664
30154084
30164703
30166390
30170013
30177200
30192053
30194012
30195039
30201266
30204844
30208342
30209773
30217168
30222876
30224836
30241015
30247259
30251603
30255392
30261115
30286117
30324202
30333572
30341752
30343886
30345496
30348869
30356161
30368489
30369121
30381065
30391314
30407326
30407793
30411432
30424929
30436441
30453664
30459400
30461434
30473492
30478916
30488048
30488993
30492367
30496571
30510829
30521158
30526906
30530338
30542208
30554593
30575280
30576013
30576124
30578262
30583191
30588268
30599650
30605269
30605562
30614942
30619806
30622621
30627639
30630052
30638853
30642399
30647660
30649081
30658099
30659037
30666714
30668472
30672053
30687385
30707182
30707592
30709893
30730059
30733622
30751462
30752282
30772330
30775253
30780993
30782736
30806029
30809690
30813431
30854554
30868387
30883661
30892237
30898756
30903012
30904169
30905764
30919147
30919636
30922778
30928418
30933421
30940047
30948520
30957845
30963195
30963852
30969101
30981616
30990086
30991570
30991794
30996310
30996812
31007555
31014285
31033162
31041759
31043486
31052923
31078031
31085720
31088282
31099388
31102422
31114803
31116559
31121943
31129970
31132942
31133434
31154520
31156106
31156330
31158612
31160928
31165501
31171851
31173728
31195977
31202795
31207466
31216516
31223106
31226128
31231719
31241929
31242557
31246575
31259100
31259733
31261398
31263646
31299270
31304598
31312972
31343795
31349067
31359211
31363694
31365510
31366402
31367030
31384791
31385793
31402458
31403804
31404593
31417205
31420004
31431683
31437996
31438742
31441952
31444941
31448958
31451092
31465240
31465389
31472018
31490281
31497480
31500132
31501710
31508268
31515888
31523111
31540884
31541177
31555749
31577892
31578248
31586452
31590218
31593216
31595186
31601902
31606552
31606602
31610945
31622415
31625789
31628851
31630976
31640889
31657032
31668464
31668567
31672290
31682213
31684576
31698714
31699148
31709538
31720507
31721360
31722904
31728706
31736754
31738042
31747973
31748799
31792296
31795109
31798230
31798685
31800235
31801877
31819510
31827208
31862725
31867260
31871420
31872274
31873790
31886576
31893015
31896089
31902493
31914129
31914421
31916779
31920159
31924930
31933794
31934155
31935182
31954933
31968805
31977711
31995575
32003644
32005733
32007948
32048773
32048791
32054033
32063974
32065153
32066908
32067833
32068643
32076751
32094298
32114450
32115624
32119967
32123328
32125120
32131678
32137698
32147884
32153314
32168804
32174483
32177378
32184725
32208789
32215350
32226627
32234479
32252040
32256320
32256821
32297633
32304093
32306186
32315014
32326058
32330275
32333054
32348439
32348833
32351231
32353249
32361535
32362761
32368210
32374650
32379130
32382847
32394107
32395942
32396183
32412162
32414620
32416889
32427738
32429966
32433428
32443628
32447247
32452304
32454141
32454800
32456954
32459020
32465075
32466997
32479382
32479659
32492139
32496299
32504602
32534064
32542716
32543272
32549183
32557253
32572504
32573466
32577180
32578344
32585039
32588277
32593174
32601167
32601682
32612482
32620985
32641784
32646027
32651145
32656093
32656318
32656990
32661942
32667206
32672667
32686669
32694009
32698374
32715484
32718656
32725149
32728522
32734473
32737564
32738621
32742521
32757321
32758557
32767976
32768942
32772254
32775464
32784273
32788075
32793337
32794712
32799959
32814711
32820363
32829115
32830236
32832890
32837332
32847666
32857740
32861520
32864808
32867267
32869028
32883958
32884628
32893203
32911294
32932606
32948000
32964424
32970064
32976752
32984628
33008599
33041845
33044800
33071068
33072420
33075075
33076155
33078158
33091521
33095190
33098873
33114513
33121497
33128388
33132018
33136694
33137628
33137950
33143162
33143490
33152807
33163345
33166579
33204760
33209511
33210062
33211015
33211826
33224224
33230806
33239381
33262787
33268995
33302934
33303480
33306226
33319271
33324448
33324845
33326234
33330944
33335394
33342182
33364970
33367735
33368762
33373368
33377074
33378827
33382127
33394442
33400091
33419831
33424736
33429814
33432202
33443147
33445098
33446718
33446731
33452219
33453995
33456542
33463507
33481246
33484634
33488328
33490262
33495819
33503171
33503818
33510561
33524302
33543884
33553780
33557008
33562913
33586072
33587721
33612262
33637014
33638865
33641874
33643500
33649352
33653598
33659238
33660480
33665493
33674406
33694609
33696667
33696782
33698364
33706143
33707904
33717230
33726611
33727839
33734918
33740885
33745720
33760124
33784724
33786744
33796639
33818598
33826664
33839508
33843066
33852468
33854279
33863968
33865685
33865961
33870069
33880802
33882647
33893484
33926635
33934862
33951987
33954997
33968879
33989154
33994316
34005044
34007038
34009484
34009910
34015683
34017424
34021173
34039197
34044633
34047036
34077809
34103399
34121186
34123802
34131036
34137808
34140529
34142222
34146094
34147096
34152635
34161343
34163927
34174995
34177507
34182711
34186749
34190381
34199156
34211145
34217496
34243474
34245905
34281777
34286464
34289386
34292417
34300593
34313656
34328211
34329476
34343274
34364028
34364867
34368830
34370567
34386579
34392922
34411442
34418589
34455546
34461145
34481793
34485500
34496324
34503380
34503474
34505882
34508658
34512850
34515667
34525171
34545141
34566736
34568396
34579390
34581904
34582012
34601766
34611325
34615898
34622950
34636563
34637377
34642843
34644024
34666158
34667673
34667994
34668330
34672449
34708722
34711703
34729071
34734965
34735304
34740098
34742802
34753612
34760670
34774024
34777838
34790194
34792877
34795325
34817153
34829021
34833001
34847706
34849681
34855218
34855329
34859971
34864268
34884595
34884608
34886835
34886992
34894429
34896174
34898235
34910974
34913242
34951569
34952233
34963442
34965087
34966731
34995661
34999468
34999618
35002921
35008669
35013175
35018926
35030228
35038006
35040513
35067500
35068672
35070180
35088484
35105123
35108899
35122468
35130539
35161332
35184718
35184772
35213332
35214368
35228439
35240385
35242057
35243155
35245744
35246908
35249337
35254855
35258183
35261931
35268643
35271923
35274078
35282413
35282474
35295283
35299051
35299664
35319742
35321403
35324643
35332645
35337916
35350207
35353735
35360825
35362671
35363379
35365573
35372260
35382768
35396539
35400264
35411906
35419770
35432972
35433947
35436573
35446523
35447837
35454585
35462977
35467771
35471514
35476401
35504063
35522075
35539419
35543692
35558008
35578635
35594301
35595379
35599507
35605513
35610709
35611255
35611772
35616138
35617588
35624854
35644398
35646759
35650833
35666371
35670838
35671312
35672762
35676478
35678299
35680330
35689246
35699522
35700858
35716315
35732684
35735144
35743653
35761595
35767442
35775487
35782339
35782676
35790359
35793599
35793979
35814265
35829159
35844693
35859761
35884185
35891182
35894048
35897503
35897855
35913471
35936133
35936658
35938272
35945455
35959317
35962222
35980093
35983984
35986123
36011450
36017022
36018971
36020471
36020868
36036598
36040852
36043726
36045312
36049737
36059492
36064202
36084167
36085854
36091071
36095515
36095810
36111150
36114921
36115433
36124257
36124346
36124637
36124814
36132140
36144274
36144550
36148861
36152867
36159114
36162539
36177650
36179262
36194631
36213756
36222790
36223112
36228913
36232753
36243984
36258588
36267342
36268805
36287549
36288335
36293004
36295024
36303712
36304895
36306591
36316108
36316227
36323528
36328642
36329684
36337317
36338592
36341040
36350314
36350984
36363256
36363674
36380574
36400628
36405461
36406778
36412002
36415250
36420075
36420817
36426334
36428601
36431195
36434339
36437263
36453275
36465988
36470345
36477506
36510383
36515874
36521960
36533806
36536836
36542961
36558762
36571207
36576821
36595843
36599404
36600152
36636602
36647945
36674879
36675758
36681604
36690834
36691595
36695830
36698198
36716998
36730054
36734491
36748611
36750086
36752308
36759473
36775372
36776438
36788335
36791458
36794442
36802545
36809480
36810689
36812764
36820814
36821732
36823551
36823784
36824043
36832433
36853178
36860623
36864588
36866493
36875473
36888617
36894857
36905267
36910309
36925317
36933528
36934800
36945750
36948254
36981959
36985706
37017640
37032919
37034121
37036368
37037640
37046493
37060143
37087473
37092118
37103409
37115827
37129361
37144658
37148811
37151023
37166767
37172452
37181898
37189391
37196280
37198261
37198614
37209380
37211177
37220342
37228336
37229225
37230935
37234716
37240476
37242740
37248141
37262528
37267819
37268071
37269643
37272221
37278839
37279790
37280947
37293691
37297893
37310441
37316714
37340995
37350842
37360327
37376303
37376524
37387422
37393811
37400664
37404305
37410176
37423425
37439448
37442142
37472498
37503030
37524018
37528046
37537507
37544710
37546918
37551166
37553663
37556975
37563803
37581024
37586251
37588420
37613003
37631124
37632135
37632589
37641778
37643537
37653579
37660652
37666314
37685361
37689611
37690139
37704272
37705209
37709997
37721450
37723887
37724550
37735334
37735427
37739011
37759262
37771000
37771179
37772203
37776812
37796445
37800472
37812396
37812950
37822802
37823907
37825882
37829437
37847691
37851918
37859808
37871444
37884066
37886529
37888960
37903536
37909161
37921984
37937669
37938820
37939058
37941915
37944180
37949357
37951726
37955252
37970816
37991968
37994609
37996247
38019628
38024658
38045210
38085924
38097089
38100830
38100969
38112573
38122840
38132599
38144438
38149232
38160966
38161805
38170241
38174004
38174112
38181817
38187530
38195014
38197155
38202475
38212861
38213022
38213819
38215887
38225308
38236623
38243626
38269363
38290096
38309913
38322933
38337876
38338501
38352763
38363279
38375255
38376151
38390175
38393852
38394403
38407744
38421912
38427454
38428226
38428492
38439354
38465779
38475399
38477821
38484536
38492847
38494299
38498819
38502417
38509191
38509920
38537970
38545967
38560969
38579058
38612438
38616221
38617145
38625238
38640606
38644173
38645348
38664258
38683209
38692371
38701267
38721259
38722380
38724893
38734429
38758522
38759985
38791426
38796860
38808121
38808690
38815367
38829449
38830802
38833801
38838651
38846813
38849310
38868202
38895309
38903812
38932429
38946846
38952823
38953056
38962582
38968414
38980035
38980918
39001381
39021990
39023623
39024321
39030540
39032642
39034102
39042539
39043617
39048256
39062622
39068152
39074956
39085403
39086884
39088104
39092734
39098356
39104395
39123812
39124450
39128696
39130061
39134896
39168562
39183439
39190535
39195501
39198360
39198724
39213367
39218576
39224337
39226664
39236099
39244486
39249065
39257773
39260395
39270673
39301455
39314675
39320015
39325224
39345201
39356114
39372658
39377897
39390449
39396633
39399311
39402437
39406724
39413608
39414256
39421631
39432462
39435109
39447891
39463338
39470361
39471132
39476859
39476907
39489742
39506321
39508467
39529981
39552864
39576702
39581610
39591771
39593061
39594473
39600149
39622676
39629408
39656000
39657510
39658713
39658765
39676918
39678190
39681052
39681434
39681535
39682056
39695443
39698373
39709342
39726680
39761827
39763372
39782037
39796911
39798077
39807143
39815176
39819471
39826325
39835196
39835511
39837287
39865528
39886507
39893780
39901338
39902959
39906478
39910515
39912009
39917763
39929755
39929774
39938809
39940309
39950891
39955780
39961828
39965700
39980924
39992341
40000099
40008873
40013199
40014576
40021974
40022500
40034104
40035319
40037413
40046053
40048701
40066340
40071070
40089845
40096794
40099244
40119509
40121625
40143652
40147110
40148832
40152634
40154766
40157642
40159498
40162624
40162915
40172521
40175735
40179237
40186596
40202613
40205713
40217428
40227076
40227820
40231685
40232792
40235532
40237192
40239420
40257055
40268160
40278572
40300384
40310733
40311108
40320252
40323270
40324201
40324491
40326653
40338655
40346315
40380987
40386147
40392104
40392659
40401182
40406935
40424625
40424725
40430598
40445371
40446923
40473088
40481954
40487742
40489906
40516135
40521748
40538512
40545107
40548775
40552626
40554310
40566752
40567291
40570713
40593997
40613642
40623058
40658857
40660835
40664408
40669147
40670553
40677007
40687199
40688195
40688287
40689596
40692799
40693143
40711393
40722732
40727926
40742665
40748527
40749090
40756502
40773429
40775948
40790607
40792259
40794718
40799902
40802565
40814794
40829775
40837851
40868767
40873194
40875162
40875343
40899492
40902439
40902503
40903229
40908931
40914799
40914873
40925995
40937575
40940910
40978036
40982854
40985314
40985893
40986497
40991492
40992489
41010409
41015758
41042306
41043372
41043587
41051115
41053016
41055093
41064774
41072480
41078266
41091544
41099220
41109378
41109917
41117271
41127439
41133953
41143678
41146063
41151143
41158121
41158723
41169378
41171266
41196029
41215262
41221781
41232664
41253029
41254005
41270723
41285819
41287702
41291555
41296646
41323536
41330116
41337700
41337876
41338179
41344429
41348052
41351510
41352375
41360904
41362033
41370882
41387581
41388234
41417203
41421440
41433284
41445158
41446217
41456913
41464953
41466251
41467432
41467435
41474041
41474165
41474573
41475750
41479702
41486856
41487780
41498869
41501657
41503403
41533360
41535147
41545569
41547448
41554966
41556612
41576456
41577995
41605004
41606716
41616115
41628205
41637460
41640272
41641410
41642101
41643471
41649062
41653970
41657967
41661580
41669075
41673300
41678160
41681996
41690371
41692668
41700686
41703750
41714329
41718903
41719751
41728896
41732023
41743851
41749687
41749932
41751214
41754695
41762082
41769786
41769920
41770782
41772016
41780465
41783795
41784285
41808439
41816424
41817886
41821698
41822698
41829407
41831653
41832401
41840577
41847190
41848782
41875105
41878082
41881758
41885986
41889634
41891858
41905376
41918278
41925289
41933815
41947968
41952680
41959986
41962190
41964853
41967443
41969804
41980526
41988361
41989113
42002601
42004553
42009199
42033495
42048974
42055803
42063369
42072796
42076151
42078158
42082067
42120874
42137720
42140623
42168652
42169501
42177444
42177444
42179066
42179131
42203051
42209308
42220570
42230423
42241358
42243279
42250301
42255243
42262582
42270548
42271290
42271703
42280358
42284341
42288687
42299463
42303636
42320912
42325800
42330284
42333953
42341802
42342795
42345507
42349674
42354095
42363715
42403334
42410674
42427154
42428442
42437412
42441441
42454156
42463919
42484448
42504249
42506278
42515060
42515739
42522404
42528252
42532806
42538891
42542893
42546224
42547407
42549906
42567438
42579645
42580885
42592639
42596947
42603284
42612780
42613486
42628766
42629824
42642103
42649901
42651678
42655688
42655953
42663766
42665166
42673760
42674900
42675432
42698374
42699166
42706040
42706660
42706711
42717483
42728549
42739465
42758349
42760247
42763899
42769774
42790173
42791105
42815253
42819189
42819804
42828200
42831683
42839058
42841416
42859875
42861192
42861905
42863881
42870162
42874580
42904444
42916534
42922154
42926751
42935547
42939568
42952213
42967237
42979001
42980013
42984273
42990682
42997991
43004369
43015786
43015821
43026389
43037387
43047017
43050188
43054257
43058032
43059767
43060777
43061511
43068999
43076824
43077699
43096089
43097235
43114202
43114880
43127438
43129676
43130175
43133185
43149976
43156642
43180952
43181488
43190880
43191135
43195967
43197379
43202335
43202943
43208889
43212161
43212589
43220549
43234262
43234866
43236948
43249243
43256251
43257638
43258428
43262154
43300945
43306558
43313724
43322721
43326262
43329897
43331975
43331993
43335081
43344911
43346527
43347077
43354475
43357818
43358186
43358859
43360960
43369471
43387736
43403795
43405933
43426986
43437101
43440908
43448592
43451035
43465950
43475424
43481906
43485095
43489144
43490366
43497571
43507570
43512928
43524159
43526563
43527262
43534387
43537813
43544999
43555497
43561015
43566127
43581999
43582897
43586304
43589114
43589287
43598968
43599067
43647566
43648460
43655325
43694689
43717111
43726894
43729810
43731433
43732202
43761565
43776905
43784253
43785312
43798370
43807127
43812076
43825262
43827552
43838115
43861187
43865546
43866592
43869946
43875397
43881097
43884141
43886639
43888166
43900995
43906435
43932902
43933866
43936234
43942819
43964950
43986948
43989864
44005094
44031145
44034659
44034809
44038114
44049889
44051939
44058260
44067373
44068688
44077385
44080990
44081532
44083948
44098366
44123449
44141432
44148957
44160343
44194090
44203534
44203578
44205377
44208846
44236009
44242102
44251202
44271097
44304415
44312570
44326416
44337251
44337923
44338903
44346946
44357740
44359458
44365437
44369310
44375779
44398514
44410957
44424679
44427539
44468750
44469655
44475885
44478256
44479163
44482011
44485705
44486673
44492201
44495910
44508477
44527856
44530316
44536705
44536960
44541379
44547276
44548289
44549629
44553740
44556226
44572789
44579250
44586263
44600796
44621796
44626442
44629895
44665337
44674901
44675495
44678509
44680028
44685140
44689652
44703991
44709282
44716486
44724954
44728885
44731721
44731915
44743466
44746700
44765717
44768289
44771878
44780371
44781410
44782364
44798232
44798673
44802541
44807390
44811265
44815498
44818005
44819331
44837390
44840779
44843609
44844914
44848806
44855810
44856981
44872064
44878791
44884668
44888416
44893937
44899676
44900712
44901652
44908697
44910281
44916258
44920713
44938423
44941665
44942178
44943501
44944388
44959458
44964262
44982948
44986209
44995357
44998267
45002470
45002770
45006682
45011813
45020268
45021060
45031738
45032656
45033000
45049153
45067154
45069430
45071931
45082010
45082890
45093980
45105738
45111301
45113062
45118999
45125035
45127281
45129241
45137670
45138108
45151865
45157692
45162790
45188126
45191947
45197515
45201807
45220941
45227082
45231072
45232725
45236226
45238934
45249282
45253331
45255658
45265262
45267538
45272948
45279359
45291173
45293935
45307479
45325731
45327559
45328704
45356725
45357843
45362544
45385644
45388363
45403394
45404887
45405607
45413868
45416607
45420324
45422132
45424425
45429402
45430232
45446438
45451745
45453063
45453894
45460170
45463362
45463734
45474585
45482512
45484594
45487906
45490574
45500451
45511430
45516713
45524040
45527090
45530552
45533630
45535641
45541784
45543630
45546626
45555012
45556347
45557337
45561235
45568019
45576730
45583001
45591721
45596862
45600009
45600416
45616589
45618492
45625590
45644396
45666921
45688024
45688660
45720730
45732345
45741396
45756962
45764189
45764853
45776032
45784647
45792718
45798910
45806601
45808998
45810693
45811284
45826183
45826347
45838109
45840192
45841439
45845542
45848925
45851253
45877197
45883037
45885176
45891007
45892499
45894070
45913778
45918283
45922269
45925517
45929103
45935149
45935210
45936114
45939160
45940563
45941035
45955683
45958734
45977320
45986803
45986876
45989654
45995910
45997491
46002215
46010813
46011149
46018013
46041658
46043711
46048478
46048896
46060924
46075248
46077899
46088934
46094299
46100117
46105884
46113965
46119797
46143264
46148378
46149879
46149997
46156801
46172593
46185365
46185608
46191196
46191590
46196195
46201872
46225135
46226025
46227079
46228653
46238141
46241825
46255907
46257873
46258861
46263174
46271845
46279214
46285233
46305077
46309661
46317036
46317716
46319146
46322312
46326678
46340570
46342734
46363787
46370963
46375895
46383606
46393392
46397582
46411458
46423648
46442971
46443792
46451422
46460079
46460248
46463259
46463833
46467803
46468720
46468886
46491144
46494599
46503680
46520525
46535449
46546526
46557827
46558165
46595653
46608866
46608916
46612552
46618168
46635125
46635293
46637208
46640689
46648548
46648660
46653142
46674558
46683033
46685322
46706909
46707197
46720059
46731325
46738262
46743014
46745508
46745718
46746809
46747348
46777852
46779883
46780774
46789981
46791013
46793323
46797188
46800611
46802736
46804749
46810608
46815437
46818878
46833254
46836269
46837436
46842759
46844849
46846914
46867124
46871952
46887601
46899698
46901407
46916333
46922454
46934972
46936882
46939061
46966525
46969572
46972701
46972876
46977556
46988710
46990835
46999118
47030278
47033576
47039740
47052585
47055329
47064049
47069119
47077207
47087780
47091928
47098792
47100296
47106982
47109838
47112110
47115293
47129683
47131149
47132862
47133486
47148559
47154544
47163277
47167520
47168068
47184563
47196866
47220867
47228474
47233626
47237741
47242755
47257863
47268275
47268372
47271658
47273829
47273934
47275648
47286799
47288885
47289148
47304160
47326227
47332000
47335138
47335290
47342588
47346723
47358577
47365305
47369737
47371438
47374433
47380710
47395854
47398101
47399376
47400327
47406324
47412479
47413739
47451689
47457064
47458088
47460630
47463958
47472755
47480344
47492811
47497728
47507871
47508445
47521276
47531544
47549834
47562786
47565908
47570053
47574961
47584136
47590298
47593361
47609077
47624578
47626494
47634455
47635539
47649448
47658336
47666468
47667769
47670671
47675916
47679467
47681722
47692115
47708939
47733237
47734533
47753616
47758342
47764181
47767666
47769563
47792386
47811391
47815241
47820999
47824673
47824953
47831811
47840786
47842061
47848262
47849110
47853953
47861961
47864387
47874735
47878216
47880677
47881721
47883429
47889280
47894516
47900392
47901747
47906379
47906987
47933923
47934557
47940313
47942917
47943294
47946456
47950621
47954064
47971057
47972978
47989114
47994793
47997683
48008027
48019045
48033153
48042923
48049080
48056249
48061994
48080856
48100962
48105318
48109237
48109775
48117500
48147523
48168909
48173295
48179090
48179384
48184009
48190502
48192498
48198074
48213100
48225157
48227752
48228217
48233037
48234723
48238793
48240635
48241643
48242027
48242767
48249008
48273033
48273978
48277491
48288477
48301111
48302266
48312621
48314754
48322564
48334363
48334516
48342397
48344594
48353067
48362114
48366952
48371904
48383708
48383884
48388726
48389315
48390836
48392469
48417449
48428101
48434105
48435961
48446862
48459654
48467908
48471698
48472710
48473677
48474956
48482717
48483737
48493350
48514414
48520694
48526559
48546831
48549738
48563413
48563436
48565097
48566882
48588694
48596183
48598028
48603406
48616078
48630219
48639934
48641242
48646083
48647153
48649331
48658124
48665098
48668680
48694421
48703363
48709231
48717163
48718582
48723561
48729756
48729824
48742164
48757754
48765255
48768372
48770331
48790959
48792738
48793791
48798300
48803581
48846842
48854773
48870833
48870976
48877583
48885760
48896816
48906189
48919535
48928210
48930050
48935843
48938764
48944511
48956675
48958063
48969839
48971139
48988244
48994436
49008373
49018111
49018289
49034428
49045026
49051470
49057440
49069889
49077170
49082312
49084900
49088697
49093901
49100415
49101772
49106504
49106982
49124509
49126269
49127998
49137082
49139703
49144522
49153030
49161722
49199042
49203135
49205284
49207070
49214419
49227715
49234303
49235742
49246306
49269171
49272397
49273589
49275772
49276348
49278811
49297138
49311824
49312791
49315136
49328418
49333002
49338952
49346076
49350308
49362188
49376504
49379382
49389082
49393260
49400132
49428397
49431956
49445263
49448934
49454781
49459195
49461049
49461833
49466881
49467103
49472252
49474541
49474606
49477637
49489565
49494717
49497635
49499751
49502590
49515007
49520644
49543238
49563890
49568317
49576772
49583625
49584340
49594410
49596747
49601990
49609032
49609207
49612214
49618816
49619325
49620077
49628585
49629707
49634401
49641858
49645583
49659296
49661104
49667744
49672767
49698023
49708992
49715631
49717423
49719078
49724098
49744742
49747885
49748910
49749203
49758537
49764193
49781737
49789577
49796156
49799192
49810495
49810754
49836438
49842274
49847845
49859122
49862255
49871498
49889268
49890321
49908591
49909584
49911794
49927281
49928183
49931637
49936153
49937895
49942038
49962220
49965107
49969693
50007592
50009378
50010469
50013255
50021534
50028197
50030508
50040584
50045945
50055156
50055411
50056673
50058889
50060637
50070852
50071865
50072646
50074110
50081542
50108247
50108750
50112965
50120731
50122135
50122315
50125301
50151643
50155291
50169720
50170059
50172351
50180323
50182290
50198561
50199185
50202926
50203208
50218082
50222311
50222882
50228057
50245534
50247556
50280886
50287952
50305829
50311391
50324837
50335041
50336068
50341403
50353597
50364790
50378031
50388601
50390695
50391439
50394079
50403292
50417473
50423114
50426723
50441402
50447534
50454876
50456764
50458600
50487024
50489097
50493745
50495876
50500795
50508227
50509119
50519469
50522209
50528696
50564403
50567926
50581668
50599767
50606611
50614827
50629304
50632175
50635459
50642503
50654705
50655519
50664611
50666342
50668304
50671968
50677195
50679018
50692823
50708503
50710408
50713641
50715081
50722519
50723544
50729726
50750176
50756570
50765110
50770026
50770950
50776426
50781031
50795220
50812203
50816620
50817383
50833370
50839961
50842298
50848258
50850961
50851564
50867317
50875838
50898969
50900769
50904956
50911893
50929776
50936138
50953425
50956571
50957851
50960006
50985735
51022081
51025855
51026573
51035459
51047792
51051105
51063434
51071625
51073282
51073870
51075466
51079957
51094043
51101388
51106381
51122979
51127774
51133664
51134329
51138451
51143256
51162802
51165240
51178883
51188763
51194501
51235985
51253454
51256879
51265419
51277288
51278226
51281298
51284531
51297150
51304968
51306135
51308916
51310423
51310539
51311843
51313822
51322004
51327567
51327691
51331619
51346044
51349393
51370157
51371245
51371440
51375199
51375865
51380560
51392538
51418538
51418867
51436337
51439474
51446107
51447469
51468855
51469080
51472752
51473565
51478572
51502081
51506655
51508988
51526664
51538664
51544616
51554140
51555742
51557787
51562351
51563649
51571431
51578292
51580608
51591243
51619678
51642845
51656463
51680547
51682911
51707058
51712757
51713563
51723587
51741274
51747191
51748821
51752003
51756491
51773617
51775898
51777980
51785121
51789891
51803812
51805166
51814793
51818038
51818603
51829295
51835205
51838593
51840388
51842010
51843914
51846515
51858869
51859886
51882332
51903063
51933523
51936710
51942311
51948864
51952499
51964497
51970097
51970120
51982411
51984795
51991342
51996057
52001699
52004715
52008862
52014475
52016745
52031972
52033854
52078645
52089657
52093834
52102564
52105036
52106914
52112190
52122744
52123784
52136576
52137059
52138579
52140604
52143616
52147452
52148385
52173439
52174258
52174400
52176957
52177463
52189517
52200177
52202639
52203166
52226060
52228256
52230689
52232664
52235595
52237742
52242752
52262276
52267447
52278641
52279661
52280026
52283471
52286484
52295687
52297632
52299961
52328166
52329083
52376775
52384206
52388480
52402200
52403027
52428226
52432344
52439703
52445966
52449677
52456630
52459844
52470782
52478408
52496584
52520991
52524532
52530336
52536579
52552061
52565070
52566591
52570889
52590909
52596464
52599575
52600285
52612657
52621887
52640065
52648333
52652495
52657999
52667712
52674218
52678301
52678649
52678988
52705854
52735226
52735483
52755163
52758360
52763188
52765729
52774803
52775559
52797699
52801119
52825982
52848284
52850009
52862004
52867042
52868636
52877569
52882448
52884877
52889098
52898883
52915918
52927848
52940294
52975270
52978828
52985368
52985673
52996844
52997563
52997778
53036053
53038524
53042710
53042786
53045539
53090500
53097948
53100633
53118520
53136160
53149801
53154870
53157014
53170053
53176800
53194665
53208251
53211533
53216086
53220877
53223835
53231010
53245674
53246736
53248848
53269136
53271424
53281500
53282695
53292636
53294447
53308240
53313153
53321753
53330285
53332401
53342203
53342425
53346462
53357532
53368386
53373287
53401984
53408854
53424553
53448074
53453911
53470550
53476547
53477413
53477600
53485390
53491433
53499363
53501415
53506378
53507984
53510032
53519263
53520542
53530348
53537566
53539302
53539308
53550502
53561313
53564013
53567934
53568780
53598348
53599088
53600872
53601742
53603092
53617510
53619092
53625169
53646032
53648099
53657513
53668991
53670442
53670451
53678836
53697490
53698531
53715495
53729891
53734631
53736180
53739474
53758136
53766494
53774508
53780794
53796081
53801173
53803129
53807909
53815662
53816224
53817618
53817750
53847603
53859844
53861803
53865093
53868907
53871002
53873825
53882594
53887489
53893719
53898420
53901498
53905837
53914773
53917513
53928910
53932888
53935770
53939593
53942591
53952681
53963022
53966205
53970145
53973073
53979714
53979899
53997281
53997691
53999952
54004662
54006355
54024565
54030238
54035911
54038012
54044949
54047608
54062582
54071225
54097276
54101219
54102838
54104960
54114519
54136654
54139258
54146716
54147768
54150510
54166045
54168447
54179845
54188285
54188610
54191052
54196907
54234749
54256739
54260402
54280411
54285704
54290550
54307423
54330493
54331500
54349584
54359110
54366227
54390861
54411773
54413217
54419346
54420495
54426242
54428846
54432936
54439602
54453133
54455686
54464098
54469340
54471076
54474273
54474597
54483615
54485341
54514487
54524331
54538341
54540793
54561784
54568567
54577972
54579088
54599495
54613112
54636288
54637483
54640366
54642613
54642635
54644079
54651809
54653150
54653526
54659081
54671101
54674531
54675168
54678552
54685456
54691510
54694893
54695875
54701049
54708435
54711147
54719259
54719776
54720116
54724290
54729882
54735773
54745136
54751598
54804339
54812073
54820243
54833161
54837710
54839790
54855521
54877120
54879794
54884138
54887450
54891376
54897756
54921298
54925106
54939276
54946887
54950241
54954483
54968992
54994473
55005907
55008997
55013007
55021733
55022581
55033679
55035431
55042300
55053066
55053431
55065229
55065293
55076043
55097733
55121546
55128069
55133300
55136555
55153059
55170273
55179628
55182242
55188391
55192770
55195514
55195653
55201934
55204659
55207949
55215730
55236046
55241483
55263701
55272394
55277502
55281226
55285295
55291685
55300995
55303258
55317719
55337220
55340441
55355628
55372311
55374592
55380569
55381655
55405672
55406088
55411243
55418599
55419928
55432739
55436158
55443803
55449443
55456062
55457434
55459399
55466238
55467935
55483053
55490346
55495831
55497068
55517513
55519441
55528740
55532054
55540077
55558856
55574032
55583582
55599855
55601612
55603569
55621171
55623158
55630708
55631376
55632941
55647975
55648826
55664431
55675715
55678771
55680702
55681102
55688886
55702451
55704297
55714784
55720401
55733334
55733773
55735060
55749370
55750949
55752510
55759190
55770052
55790989
55793402
55794407
55797457
55803377
55825076
55833005
55843009
55847990
55877704
55901932
55903909
55922665
55925467
55927407
55928676
55934329
55934995
55943180
55958732
55968627
55970966
55971351
55990108
55990198
56020134
56035953
56043324
56043662
56049099
56059386
56087005
56094734
56098450
56105679
56117106
56119681
56120443
56122442
56123104
56130791
56131392
56131426
56139146
56139427
56140033
56140769
56151132
56151410
56154903
56155888
56164972
56183404
56201160
56204924
56216174
56218423
56220085
56222815
56268885
56280937
56285614
56296053
56307841
56308029
56334288
56336477
56349036
56351641
56359300
56359917
56362827
56363231
56368866
56372129
56379947
56382701
56384710
56386606
56413486
56423091
56433982
56435183
56435769
56442510
56466996
56479896
56484497
56487677
56492695
56498350
56499187
56507880
56513180
56518109
56519662
56540222
56544578
56553925
56558360
56562110
56572026
56577239
56579983
56581818
56592042
56603587
56605071
56605270
56607393
56615992
56617749
56627689
56628192
56637714
56638407
56645367
56649344
56659160
56676356
56677053
56744064
56755766
56760009
56768448
56773427
56776471
56785097
56789070
56790214
56794780
56812591
56817093
56818199
56825090
56831427
56832133
56839775
56849147
56851561
56853515
56889312
56901856
56905690
56912681
56929291
56930867
56935339
56943150
56946911
56954847
56955636
56962656
56979689
56980302
56985231
56987403
57022118
57026037
57032572
57038450
57041343
57044135
57050312
57103342
57104586
57117868
57118682
57125082
57131896
57134045
57141526
57143606
57165793
57171642
57179572
57183036
57211754
57213933
57218644
57221320
57227146
57230867
57240421
57247203
57249867
57251414
57258360
57260542
57261341
57264545
57269418
57270698
57288196
57290891
57303388
57303867
57330576
57332056
57332513
57354100
57367830
57379932
57388781
57390215
57390765
57402987
57406445
57406984
57412258
57414091
57416411
57423991
57436954
57445278
57446801
57454318
57461437
57489697
57512784
57515277
57515928
57524137
57528865
57562720
57563295
57567406
57574898
57577870
57578318
57583482
57591849
57599643
57605517
57619347
57624365
57638051
57640717
57649019
57653805
57675536
57676930
57687626
57717910
57723682
57731690
57734402
57762057
57790328
57796018
57803661
57821539
57825529
57826883
57832364
57842539
57856249
57862041
57869348
57874386
57878290
57885040
57887489
57914199
57920418
57959610
57959624
57961338
57973201
57974286
57983240
57987998
57990604
57993558
57994333
57994904
57998921
58002903
58014586
58027651
58034046
58050633
58051331
58053846
58069539
58073839
58084730
58094620
58095469
58105344
58105971
58130891
58143953
58158930
58162756
58167860
58169950
58176279
58196463
58202252
58215122
58220429
58222436
58222542
58230147
58236121
58249062
58250307
58252706
58252770
58262212
58266536
58279623
58287598
58296203
58297092
58300222
58301765
58302480
58315205
58316608
58318220
58320899
58322457
58322739
58351499
58361769
58374170
58376064
58377582
58389246
58389864
58410176
58411887
58412921
58414439
58415648
58419808
58432139
58442698
58469377
58471868
58495015
58496770
58501069
58506118
58506841
58541208
58541870
58566769
58582347
58582544
58593369
58615756
58624096
58624307
58624855
58626335
58633522
58634005
58643273
58644581
58647512
58653560
58658707
58660801
58662117
58683918
58684969
58686994
58697280
58701687
58701749
58710737
58721109
58721114
58729905
58732088
58733216
58739345
58744676
58748039
58763040
58772429
58790848
58795675
58806305
58806562
58806982
58808316
58812679
58816150
58820023
58822566
58834109
58838241
58854362
58861732
58868343
58869910
58875161
58877539
58907039
58926121
58927049
58933132
58934704
58944510
58950562
58961760
58975290
58993334
58998927
58998956
59015340
59015617
59026068
59044698
59046999
59048613
59053155
59073251
59076517
59081297
59101436
59105742
59114137
59129221
59133483
59174411
59174814
59180165
59193899
59198085
59199318
59206475
59208109
59216162
59216730
59221139
59229741
59232556
59240387
59242250
59244134
59244600
59268725
59270516
59271721
59271964
59284662
59286200
59300397
59320086
59322747
59334385
59336115
59337738
59347002
59348145
59361596
59373593
59376961
59380999
59386277
59391683
59393581
59394779
59411839
59420011
59453469
59460497
59460634
59461813
59462980
59470423
59479166
59488736
59495076
59530557
59550625
59556722
59561668
59576865
59578663
59592227
59595202
59596538
59601010
59611311
59612842
59626768
59637033
59655507
59667808
59668639
59672552
59684626
59689195
59692019
59706452
59715324
59719031
59726260
59739562
59747010
59748042
59750719
59757140
59761631
59763972
59764872
59785351
59791985
59795247
59825382
59827133
59827283
59856625
59859264
59864722
59873957
59879120
59886837
59889289
59894162
59903431
59919612
59927512
59930808
59933142
59935558
59937395
59938066
59943192
59961160
59979988
59984890
59985500
59986699
59990739
60003149
60007959
60010267
60016801
60020164
60024724
60029660
60030207
60041785
60065699
60065787
60067738
60079708
60083274
60091262
60103638
60107574
60118239
60126445
60129546
60138253
60139982
60153674
60160469
60172943
60175538
60181537
60195425
60211808
60219030
60241087
60248393
60248924
60292361
60292692
60304910
60308455
60316965
60321917
60323479
60325004
60326412
60336370
60336532
60340093
60348558
60356770
60361418
60370414
60377741
60380301
60384652
60387214
60395883
60398138
60403458
60405551
60406538
60408873
60408898
60411752
60429012
60429244
60435688
60443337
60460309
60474432
60475412
60482558
60483078
60486863
60493734
60497842
60503130
60503507
60507513
60508608
60511640
60516053
60524720
60528897
60530075
60536586
60537560
60540520
60552987
60555325
60556294
60556558
60557230
60572173
60573628
60579129
60582167
60594577
60594847
60602586
60607217
60635511
60640480
60643097
60645005
60660303
60668275
60669869
60677407
60684221
60685136
60686925
60692454
60700102
60703617
60709375
60717014
60726502
60735033
60735117
60738389
60754897
60770502
60773016
60782487
60793090
60811947
60813544
60821838
60829199
60835771
60839242
60843684
60845619
60847232
60851323
60858542
60862270
60866620
60869260
60874872
60876950
60885821
60895262
60895340
60904834
60909890
60910536
60916745
60921349
60923265
60926357
60930060
60957436
60959720
60960919
60962124
60966077
60999905
61012466
61014898
61026556
61034065
61046701
61051152
61051494
61066022
61067853
61070264
61075066
61077434
61078670
61079536
61080920
61081019
61085072
61085872
61091954
61104724
61109547
61116254
61118827
61124834
61130692
61131828
61134533
61152088
61160215
61164543
61164614
61168061
61175032
61175734
61182880
61183091
61186356
61188781
61192668
61195514
61196938
61198642
61199716
61212747
61215880
61224050
61224588
61227843
61241703
61248588
61258188
61277688
61278570
61281816
61289561
61309301
61316664
61317123
61320251
61326785
61327744
61340727
61350134
61351622
61361915
61364235
61375455
61378142
61379575
61388319
61403804
61407647
61437674
61447360
61455617
61457684
61462366
61508496
61531447
61531552
61537664
61541549
61545723
61560833
61570431
61575423
61577882
61585456
61586753
61595312
61596198
61616583
61618357
61621560
61632347
61637803
61639344
61651733
61678197
61684054
61696844
61702729
61707999
61725717
61734436
61736185
61742815
61750208
61753495
61757578
61762311
61777856
61795292
61813091
61816811
61827908
61834671
61842303
61843993
61847125
61854260
61855007
61859282
61864098
61882300
61896677
61901483
61903576
61905975
61911311
61923715
61928147
61931217
61936150
61936324
61940193
61957061
61965042
61966698
61980958
61981996
61984878
61989529
61998231
62030960
62033258
62038415
62042122
62046544
62053718
62069808
62073519
62082119
62083967
62085474
62101490
62111779
62114127
62122464
62125260
62135922
62144721
62146876
62160142
62162112
62172166
62177640
62183754
62185338
62192809
62194558
62199991
62200449
62225630
62235748
62258666
62262711
62264385
62269984
62291447
62302392
62303955
62308282
62311714
62313366
62344306
62345986
62351688
62363727
62387471
62397619
62400067
62412642
62425896
62434378
62434740
62436581
62438225
62440365
62446348
62449773
62451322
62470971
62478528
62484950
62485224
62491257
62494987
62515544
62519228
62533492
62538649
62541480
62563552
62568930
62570080
62572166
62581323
62588616
62592640
62595218
62597271
62600091
62602754
62628797
62632718
62635023
62651334
62653794
62654031
62654174
62657166
62667778
62671562
62673943
62679000
62685185
62689875
62699505
62701327
62724981
62742713
62743723
62749752
62760602
62771133
62777100
62780202
62784866
62798066
62810297
62811873
62813433
62820298
62828372
62830977
62831260
62833728
62839192
62846880
62849804
62871239
62878238
62882706
62886196
62889191
62898627
62915880
62922535
62954801
62956085
62975393
62976679
62978439
62986929
62990804
62996002
63001365
63015004
63015005
63028295
63029435
63034479
63035774
63049441
63059261
63065304
63071722
63073382
63085478
63092418
63105322
63106798
63116084
63121354
63125679
63128506
63129304
63136797
63144178
63149458
63171488
63180355
63196972
63210322
63214771
63216842
63224793
63225435
63225777
63226662
63255122
63255290
63259452
63260051
63267102
63290301
63290387
63302812
63303518
63309629
63313328
63334737
63342875
63362485
63373573
63375848
63380252
63381806
63385132
63391713
63392133
63417241
63434389
63438972
63445399
63451116
63453441
63469130
63473059
63473723
63480722
63488286
63489864
63533436
63535187
63539798
63543314
63548699
63567064
63569739
63575503
63578508
63578851
63585075
63589028
63589686
63604857
63606314
63606339
63607634
63617159
63619794
63623616
63629184
63632001
63635215
63639975
63661494
63666132
63666527
63669370
63676383
63702583
63705602
63718274
63733303
63736429
63739224
63739812
63745335
63748509
63751536
63760088
63761996
63765895
63769052
63773778
63781765
63793076
63796481
63799130
63803612
63810138
63822473
63841301
63843874
63849340
63851181
63857711
63865536
63868420
63869366
63898514
63899067
63901015
63902600
63906485
63908132
63916145
63916910
63917989
63928366
63929526
63930226
63935793
63939972
63946976
63947319
63947603
63971162
63972870
63975633
63978112
63981006
63988529
64002225
64006405
64006763
64008668
64009937
64011071
64020678
64039357
64061494
64062687
64072072
64085974
64089496
64090189
64099118
64099239
64110724
64111793
64113770
64116333
64122365
64132870
64162350
64170196
64171382
64172647
64178777
64185743
64196403
64198019
64204016
64207175
64209920
64213304
64215433
64221162
64223787
64231125
64242927
64246853
64264738
64273478
64273547
64276419
64298752
64306890
64309918
64315559
64320119
64354090
64357640
64359016
64368401
64375478
64378692
64379380
64383201
64384030
64384727
64385787
64385789
64396259
64412092
64416518
64423325
64449953
64450517
64458365
64466022
64476562
64487806
64498336
64506517
64532394
64539187
64547298
64547450
64569291
64574709
64577706
64582134
64583196
64583904
64594923
64633290
64643904
64653717
64654414
64657623
64658885
64661025
64666574
64667087
64672119
64699050
64713237
64713542
64718036
64727668
64731973
64746514
64748880
64764646
64765465
64774570
64776300
64777146
64816556
64819835
64823196
64825972
64838184
64839357
64840310
64848635
64853731
64859106
64859802
64862830
64879451
64884053
64890021
64891825
64903436
64915498
64919137
64920089
64927819
64927978
64929460
64942299
64957628
64963283
64966062
64974488
64980497
64982074
64991330
65007000
65021692
65022065
65026151
65026287
65036334
65053103
65054965
65060044
65085345
65099552
65100259
65104785
65109929
65130775
65144776
65145052
65146057
65171790
65175588
65182182
65184889
65197893
65222664
65236519
65238138
65242093
65243020
65248492
65248749
65249160
65252355
65262872
65267512
65270753
65271470
65287398
65290207
65290845
65293712
65302424
65309545
65330009
65336337
65346229
65363484
65377966
65381775
65386109
65390857
65392205
65431550
65439220
65443474
65444678
65454486
65461508
65472034
65472999
65474075
65481282
65494496
65504787
65512596
65512610
65515655
65518371
65519031
65522749
65525347
65525703
65526294
65527924
65533741
65534214
65539370
65541414
65543440
65555277
65555990
65568279
65568582
65575528
65580471
65583453
65585150
65590538
65597851
65599656
65605305
65605546
65634866
65635664
65647138
65651069
65668438
65679793
65690783
65693398
65702278
65714600
65726887
65736865
65737435
65755192
65764181
65767022
65768100
65771289
65773688
65777083
65777759
65783238
65794699
65805407
65806418
65806982
65814982
65822432
65828581
65829054
65834005
65835102
65846268
65847809
65857774
65866382
65869192
65874528
65877167
65882193
65884634
65890949
65895469
65898570
65910142
65918954
65928045
65938311
65970567
65982111
65992615
66009013
66017432
66017791
66022490
66027202
66032555
66035196
66043188
66071178
66111734
66112422
66126914
66131664
66133788
66134539
66138167
66148792
66150744
66157664
66173996
66176652
66178982
66179004
66180811
66190461
66203118
66211316
66213258
66213905
66229974
66245479
66256725
66268995
66274663
66278644
66281268
66289002
66298946
66303277
66304125
66310478
66310745
66311571
66320309
66345111
66347296
66358964
66361344
66362954
66363581
66366617
66378461
66391024
66419238
66456991
66465245
66473253
66483673
66490216
66499690
66501495
66540477
66573380
66574433
66582610
66588411
66595908
66599308
66611379
66619747
66622869
66624337
66628922
66631241
66634088
66636067
66636300
66638144
66639909
66647579
66664888
66676509
66680212
66686484
66699022
66703907
66709490
66710024
66712579
66713998
66715956
66718978
66719966
66730354
66731239
66733827
66736133
66751082
66754534
66757356
66761779
66761915
66771374
66771812
66794478
66819959
66823266
66825039
66832147
66836706
66839437
66842697
66842989
66861509
66868599
66895679
66899182
66900120
66905343
66928229
66928910
66938274
66960864
66994235
67004909
67007699
67007878
67007882
67025734
67052442
67062983
67067003
67067059
67071040
67100506
67108947
67127099
67130493
67132351
67133643
67134523
67135540
67136063
67146307
67185920
67206507
67208622
67211035
67213064
67227953
67245636
67247769
67248913
67265067
67269764
67270315
67271142
67276945
67277854
67286593
67286974
67292638
67311616
67318099
67320291
67322939
67361279
67364750
67369000
67381491
67381554
67400770
67417352
67428505
67428698
67435325
67443883
67456020
67476918
67481855
67492137
67507074
67521808
67523280
67524532
67531786
67537025
67538717
67546402
67552567
67562019
67587876
67608382
67611627
67614481
67617611
67618358
67628095
67632312
67641952
67646239
67648929
67655765
67659177
67659716
67662742
67672467
67675419
67676161
67677650
67680389
67685577
67691651
67691744
67696386
67698735
67711500
67715620
67715941
67725948
67756205
67764825
67776822
67777667
67810829
67811133
67813318
67813334
67817876
67821563
67830763
67839792
67841354
67848898
67852379
67853757
67854618
67860507
67861917
67862214
67867106
67868108
67886429
67887811
67891693
67905049
67912523
67917082
67917927
67920206
67928831
67937064
67945723
67947741
67961715
67963835
67966001
67974290
67991035
68008615
68033055
68037683
68048172
68053314
68058711
68061147
68077378
68079257
68087802
68113995
68130004
68144418
68144497
68148053
68162823
68165724
68165843
68166651
68169808
68176740
68182394
68194341
68194864
68201217
68207242
68210394
68213064
68216846
68225993
68240330
68244170
68244185
68251212
68252559
68257636
68264832
68267965
68285823
68285855
68289129
68303894
68314361
68315501
68317621
68333674
68336738
68340916
68345860
68356453
68360239
68368038
68371241
68407270
68412555
68416090
68421893
68424049
68438299
68457608
68460643
68490728
68491447
68496778
68499063
68524099
68529563
68559284
68559638
68567202
68567372
68575128
68578530
68593510
68598243
68605008
68614514
68655923
68663422
68681550
68683168
68692728
68707917
68711896
68723304
68723352
68742380
68742627
68742991
68747487
68754349
68765501
68768284
68772733
68784172
68804570
68805719
68808073
68809513
68816856
68837530
68841397
68841603
68861612
68867502
68872319
68881965
68888932
68895005
68899822
68917136
68919087
68919729
68936312
68947299
68952360
68961290
68968208
68970173
68973637
68981920
68982152
68995961
69002833
69013876
69029505
69030536
69053269
69060883
69064060
69070354
69078446
69085595
69089982
69093040
69096338
69105602
69120327
69120740
69126120
69137461
69152799
69152972
69160316
69161048
69168148
69191974
69205454
69205787
69206264
69207499
69216376
69244533
69247522
69263718
69270134
69270538
69276736
69276860
69286686
69287873
69302826
69306866
69310471
69333768
69345164
69368453
69372578
69372664
69374445
69388119
69395703
69401598
69405562
69409879
69414810
69418816
69423391
69431025
69433916
69437713
69446644
69457449
69467372
69475353
69479794
69483695
69488320
69492534
69495530
69498093
69498733
69515516
69522654
69528716
69532096
69534530
69544560
69544691
69550540
69551867
69552406
69553365
69555839
69568755
69569757
69581619
69582828
69585272
69585962
69593901
69599889
69602188
69604060
69610671
69632136
69632836
69633327
69645604
69654116
69658403
69671163
69681398
69682394
69689341
69698249
69698956
69734516
69737415
69738419
69741364
69746711
69748139
69760792
69761616
69768275
69769247
69782631
69785430
69786654
69797100
69800827
69804689
69821532
69848210
69848225
69856411
69864154
69875924
69885508
69885882
69891574
69900427
69905066
69919181
69949233
69950857
69951035
69966869
69973831
69977871
69988710
70020519
70025639
70030419
70030507
70039324
70048844
70052743
70054392
70055718
70056797
70060757
70083993
70090780
70093782
70100785
70102673
70108061
70110517
70110535
70112529
70116123
70122698
70125799
70125821
70135655
70137634
70140371
70153851
70176728
70222778
70233727
70238951
70241621
70242401
70253811
70280682
70306736
70309570
70323151
70329092
70330184
70332351
70332553
70335902
70356067
70360013
70370476
70371587
70376098
70385059
70393304
70398499
70399131
70400307
70405536
70414650
70420390
70424645
70428925
70431922
70438695
70444000
70444341
70453332
70468919
70472939
70473036
70476369
70481200
70485729
70506044
70509210
70525762
70527194
70529627
70539066
70543604
70547299
70565067
70571075
70571984
70575133
70577554
70579816
70582421
70587761
70592756
70593224
70596134
70608815
70618469
70619521
70622965
70626030
70628666
70632020
70636839
70643227
70653267
70659222
70661061
70664808
70676719
70677131
70681075
70689377
70693753
70704019
70705213
70707075
70713034
70714737
70717660
70718250
70720878
70734130
70740679
70741565
70745918
70750474
70764580
70765373
70779726
70797961
70803632
70814570
70826252
70829223
70830778
70833167
70847588
70859304
70864129
70868399
70877749
70885086
70892549
70897260
70900913
70903049
70908910
70917298
70922229
70929383
70942100
70962241
70964668
70967168
70969496
70975988
70980230
70983796
71001564
71013338
71014244
71018006
71019182
71019411
71025987
71034149
71040431
71040663
71044134
71048547
71048810
71068886
71082520
71087166
71091407
71108627
71113913
71117914
71117943
71118945
71119572
71121483
71121933
71143466
71154677
71162641
71170582
71182499
71185870
71187231
71190253
71198703
71199851
71202033
71202703
71203837
71235306
71237177
71239174
71243035
71243396
71251164
71252876
71254654
71264921
71265203
71269562
71272732
71273335
71278985
71280771
71282268
71299797
71310594
71327600
71330843
71331375
71341213
71347281
71348867
71349950
71354075
71362758
71379103
71381166
71381868
71392020
71394187
71407279
71417150
71423191
71430724
71431084
71444215
71447567
71447747
71449656
71453818
71468253
71471489
71472386
71481974
71502007
71526157
71526825
71541700
71549283
71557405
71567537
71572654
71574631
71578497
71619864
71623738
71626410
71627841
71631968
71632061
71635011
71650809
71652060
71658534
71670714
71676256
71680082
71689971
71691440
71706639
71716113
71721189
71722768
71728640
71740107
71743904
71748754
71760138
71766332
71768383
71779427
71788824
71805547
71811662
71811724
71813252
71815619
71817209
71821871
71825120
71835459
71839958
71845472
71857512
71862994
71863934
71872394
71884978
71895609
71898772
71899783
71900054
71901236
71906103
71913000
71920951
71928734
71954091
71963195
71971482
71972148
71977471
71985187
71992162
71996645
72001402
72008991
72009896
72022063
72032827
72055567
72056806
72064573
72065660
72065942
72067880
72123681
72133020
72140205
72140289
72144265
72146666
72163269
72167591
72168989
72171119
72177150
72177629
72182897
72192441
72209439
72210598
72219684
72220070
72222837
72223205
72224388
72227052
72230822
72234884
72237991
72240212
72248300
72255778
72267572
72267932
72280828
72284427
72287398
72304336
72304854
72306986
72318485
72335737
72342409
72342433
72346572
72358038
72362504
72372982
72374216
72374856
72396787
72399133
72399808
72404385
72405251
72408935
72414782
72416314
72419147
72424329
72426768
72432646
72456131
72460572
72467353
72473218
72488801
72510877
72513388
72514375
72515286
72520651
72524291
72527701
72529793
72537585
72540313
72549953
72567952
72572052
72573371
72604545
72608508
72616753
72629122
72630123
72630848
72636084
72639666
72651234
72657761
72658377
72659819
72670028
72688324
72697616
72704484
72705416
72710633
72713156
72726267
72731706
72738010
72741280
72749491
72753427
72754690
72760838
72761266
72778368
72781254
72784995
72788445
72788903
72804446
72809925
72812400
72820841
72843660
72851561
72864426
72876274
72884598
72885989
72887207
72892671
72894314
72912213
72920391
72930875
72932511
72934916
72947683
72948491
72951418
72953751
72956117
72957959
72995373
73000139
73003003
73013293
73013348
73026536
73043881
73051958
73051967
73059379
73073686
73074330
73075145
73077136
73083024
73101699
73112436
73124602
73128310
73130363
73133715
73142995
73145229
73156159
73158237
73162813
73169030
73175966
73192114
73193732
73205448
73206702
73218837
73225806
73241930
73244101
73250763
73252779
73254298
73258335
73272996
73273224
73276545
73280522
73308931
73312295
73315700
73320441
73329592
73335748
73338970
73373326
73381181
73387350
73394437
73395723
73403050
73432845
73437962
73446908
73455625
73471875
73472991
73474627
73489782
73492999
73495971
73504126
73518986
73548538
73549858
73558865
73561781
73564696
73564776
73566233
73584116
73588020
73595900
73596002
73603745
73608105
73608464
73628548
73637140
73645266
73660273
73667069
73667482
73676401
73679525
73685950
73686147
73690490
73693277
73727928
73756399
73766683
73777352
73783947
73785206
73787493
73788680
73793133
73813122
73827245
73837207
73839872
73843110
73847420
73874952
73877633
73886720
73890869
73891771
73919222
73926995
73945421
73946438
73954125
73962843
73964106
73969266
73980638
73987686
73991462
73998472
73998817
74011021
74011909
74013398
74015985
74016398
74016699
74021996
74022393
74035040
74046725
74048256
74057711
74058538
74060272
74072248
74077816
74077941
74083899
74089985
74092720
74094939
74098762
74100259
74104418
74106064
74106724
74108964
74115551
74120657
74122908
74123517
74128926
74135375
74142478
74143080
74148436
74151161
74151720
74157656
74178372
74183343
74200083
74213846
74216999
74222403
74227512
74229330
74232538
74233652
74235959
74242264
74246455
74247982
74254830
74262752
74283682
74286041
74288404
74289791
74290047
74298385
74298892
74305186
74313841
74319318
74325597
74332478
74336752
74345740
74345986
74351233
74354024
74362504
74371840
74384084
74387362
74399473
74406614
74409179
74409400
74433425
74433649
74434058
74435498
74446473
74447146
74471608
74473578
74474167
74485419
74489481
74496493
74496710
74508309
74509738
74534997
74542737
74542845
74549043
74558023
74558049
74561805
74573271
74574873
74608916
74633220
74634834
74639298
74645642
74645792
74658891
74668662
74683359
74697175
74698408
74700990
74715348
74723294
74727025
74727359
74730765
74732274
74734346
74749867
74753170
74755482
74767822
74790982
74799880
74815686
74817516
74821711
74845343
74853197
74853959
74859078
74903834
74915848
74917516
74919101
74920712
74927755
74937066
74944643
74947151
74950373
74954501
74960116
74966163
74970405
74974087
74978460
74983061
74991720
74992085
